filename	minor	major	total	ownership
src/test/compile-fail/panic-runtime/auxiliary/panic-runtime-unwind.rs	1	4	5	0.5405405405405406
src/rt/rust_task_thread.cpp	3	2	5	0.8888888888888888
src/test/run-pass/issue-15689-2.rs	4	3	7	0.5204081632653061
src/test/compile-fail/aux/svh-utb.rs	0	1	1	1.0
src/test/compile-fail/borrowck-let-suggestion-suffixes.rs	5	4	9	0.4305555555555556
.gitignore	36	4	40	0.5964343598055105
src/test/compile-fail/E0565-1.rs	3	3	6	0.5370370370370371
src/compiletest/raise_fd_limit.rs	5	3	8	0.5765765765765766
src/test/run-pass/task-pin.rs	0	6	6	0.4444444444444444
src/test/ui/span/E0537.rs	0	3	3	0.625
src/librustpkg/README.txt	1	3	4	0.8387096774193549
src/lib/smallintmap.rs	3	5	8	0.17391304347826086
src/test/run-pass/issue-27639.rs	6	3	9	0.38461538461538464
src/support/README	0	1	1	1.0
src/test/codegen-units/partitioning/auxiliary/cgu_generic_function.rs	0	2	2	0.75
src/test/compile-fail/lint-unknown-feature-default.rs	2	4	6	0.35555555555555557
src/doc/trpl/guessing-game.md	30	4	34	0.41648106904231624
src/test/run-pass/coerce-reborrow-imm-ptr-arg.rs	8	3	11	0.3829787234042553
src/libcollections/trie/mod.rs	4	4	8	0.4068965517241379
src/test/compile-fail/issue-17905.rs	13	3	16	0.4782608695652174
src/test/run-pass/issue-34053.rs	2	3	5	0.5517241379310345
src/test/run-pass/issue-15043.rs	3	3	6	0.49333333333333335
src/test/compile-fail/lint-change-warnings.rs	8	2	10	0.7721518987341772
src/librustc/traits/error_reporting.rs	24	6	30	0.38181818181818183
src/libstd/test.rs	32	4	36	0.41295546558704455
src/test/compile-fail/unop-neg-bool.rs	4	2	6	0.75
src/test/compile-fail/impl-trait/equality.rs	1	3	4	0.3870967741935484
src/libstd/collections/hash/set.rs	46	3	49	0.4002897151134718
src/test/compile-fail/wf-trait-default-fn-where-clause.rs	4	2	6	0.7666666666666667
src/test/compile-fail/trait-impl-of-supertrait-has-wrong-lifetime-parameters.rs	3	2	5	0.8
src/librustpkg/installed_packages.rs	11	1	12	0.8316831683168316
src/librustc/session/filesearch.rs	6	5	11	0.424
src/librustc/dep_graph/shadow.rs	6	4	10	0.48863636363636365
src/test/run-pass/aux/trait_safety_lib.rs	0	1	1	1.0
src/rustc/middle/region.rs	9	7	16	0.2236842105263158
src/test/run-pass/coherence-cow-2.rs	2	3	5	0.5566037735849056
src/test/run-pass/union/auxiliary/union.rs	3	3	6	0.5116279069767442
src/test/compile-fail/wf-enum-fields.rs	0	3	3	0.75
src/test/compile-fail/object-safety-sized-2.rs	5	3	8	0.7
src/test/run-pass/uniq-self-in-mut-slot.rs	11	3	14	0.4672489082969432
src/libnative/io/c_unix.rs	10	2	12	0.8288288288288288
Heuristica-Italic.woff	0	1	1	1.0
src/test/run-pass/expr-elseif-ref2.rs	9	2	11	0.7596153846153846
src/test/run-make/extern-flag-fun/foo.rs	0	3	3	0.5
src/test/compile-fail/issue-3907.rs	15	4	19	0.5767634854771784
src/test/bench/shootout/ackermann.rs	0	3	3	0.5
src/test/compile-fail/issue-31997.rs	0	1	1	1.0
src/test/compile-fail/fn-expr-type-state.rs	0	8	8	0.2857142857142857
src/test/compile-fail/issue-17444.rs	6	5	11	0.47337278106508873
src/libregex/test/tests.rs	15	2	17	0.48787878787878786
src/test/run-pass/cleanup-rvalue-during-if-and-while.rs	5	3	8	0.35714285714285715
src/test/run-pass/anon-obj-no-inner-obj-simple.rs	0	3	3	0.3333333333333333
src/test/run-pass/auxiliary/check_static_recursion_foreign_helper.rs	2	4	6	0.5348837209302325
src/etc/lldb_rust_formatters.py	14	5	19	0.4371859296482412
src/libsyntax/visit.rs	86	3	89	0.5875557889209766
src/rt/arch/aarch64/morestack.S	4	4	8	0.63125
src/test/run-pass/down-with-thread-dtors.rs	5	3	8	0.6421052631578947
src/test/run-pass/trait-with-bounds-default.rs	9	3	12	0.6606334841628959
src/test/run-fail/panic-task-name-send-str.rs	4	3	7	0.5652173913043478
src/test/run-pass/intrinsic-return-address.rs	11	4	15	0.4312796208530806
mk/cfg/x86_64-sun-solaris.mk	6	3	9	0.5866666666666667
src/test/run-pass/move-1-unique.rs	12	3	15	0.39565217391304347
src/test/run-make/pretty-expanded-hygiene/Makefile	4	3	7	0.4230769230769231
src/test/run-make/c-static-dylib/Makefile	3	3	6	0.6025641025641025
src/test/debug-info/borrowed-tuple.rs	10	1	11	0.8983050847457628
src/test/run-make/issue-18943/foo.rs	2	3	5	0.4857142857142857
src/test/run-pass/issue-29914-3.rs	2	3	5	0.7058823529411765
src/test/compile-fail/aux/coherence_lib.rs	0	1	1	1.0
src/test/compile-fail/issue-26093.rs	3	5	8	0.40816326530612246
src/librustc_back/target/i686_pc_windows_gnu.rs	17	4	21	0.510752688172043
src/libserialize/leb128.rs	2	3	5	0.47368421052631576
src/libcore/num/int-template.rs	17	2	19	0.7401315789473685
src/test/compile-fail/liveness-move-in-loop.rs	10	3	13	0.7457627118644068
src/test/run-pass/thread-local-syntax.rs	2	5	7	0.41509433962264153
src/librustc_mir/dump.rs	2	4	6	0.7043478260869566
src/comp/syntax/parse/token.rs	10	6	16	0.24489795918367346
src/test/compile-fail/generic-lifetime-trait-impl.rs	6	3	9	0.5359477124183006
src/libstd/sys/common/util.rs	5	6	11	0.5029239766081871
src/test/run-pass/infinite-loops.rs	15	4	19	0.5201793721973094
src/test/compile-fail/huge-array.rs	4	2	6	0.4791666666666667
src/libcore/num/flt2dec/decoder.rs	8	5	13	0.5183673469387755
src/test/compile-fail/aux/rbmtp_cross_crate_lib.rs	0	1	1	1.0
src/test/compile-fail/E0509.rs	1	4	5	0.4444444444444444
src/test/run-pass/macro_with_super_2.rs	4	3	7	0.4461538461538462
src/test/compile-fail/regions-blk.rs	1	8	9	0.36666666666666664
src/test/compile-fail/borrowck/borrowck-mut-borrow-linear-errors.rs	2	3	5	0.43859649122807015
src/test/run-pass-fulldeps/auxiliary/cond_noprelude_plugin.rs	7	4	11	0.43884892086330934
src/test/compile-fail/aux/svh-a-change-trait-bound.rs	0	1	1	1.0
src/libstd/term.rs	16	3	19	0.4825174825174825
src/libsync/task_pool.rs	3	2	5	0.9012345679012346
src/test/run-pass/auxiliary/cgu_test_b.rs	0	3	3	0.5
src/test/run-pass/do-for-empty-args.rs	5	2	7	0.78
src/test/run-pass/default-method-simple.rs	13	4	17	0.5132743362831859
doc/tutorial/iface.md	0	1	1	1.0
src/test/auxiliary/rustdoc-extern-method.rs	4	3	7	0.37681159420289856
src/test/compile-fail/removed-syntax-larrow-init.rs	6	4	10	0.504950495049505
src/test/compile-fail/where-for-self.rs	2	3	5	0.5454545454545454
src/test/compile-fail/traits-inductive-overflow-auto-normal-auto.rs	5	4	9	0.4421052631578947
src/librustc_trans/trans/llrepr.rs	7	5	12	0.42857142857142855
src/test/bench/spawnone.rs	4	3	7	0.44761904761904764
src/test/run-pass/namespaced-enum-glob-import-xcrate.rs	8	3	11	0.5223880597014925
src/librustc_bitflags/Cargo.toml	2	4	6	0.5342465753424658
src/test/run-make/symbols-are-reasonable/Makefile	9	4	13	0.5161290322580645
src/test/run-pass/issue-18655.rs	3	2	5	0.7241379310344828
src/libcore/unstable.rs	9	3	12	0.7730061349693251
src/test/run-pass/issue-7012.rs	6	3	9	0.6242038216560509
src/test/run-pass/dropck-eyepatch-reorder.rs	4	3	7	0.44680851063829785
src/test/compile-fail/kindck-owned-trait-scoped.rs	15	3	18	0.7085714285714285
src/test/compile-fail/auxiliary/empty-struct.rs	2	5	7	0.3484848484848485
src/librustc/traits/project.rs	13	6	19	0.3880597014925373
src/test/run-pass/issue-16452.rs	5	3	8	0.39215686274509803
src/test/run-pass/issue-16602-2.rs	3	3	6	0.64
src/librustc_mir/build/expr/into.rs	18	4	22	0.5683060109289617
src/test/incremental/span_hash_stable/auxiliary/sub1.rs	3	3	6	0.7714285714285715
src/test/run-pass/associated-types-in-impl-generics.rs	5	3	8	0.41605839416058393
src/test/run-pass/aux/issue_12612_1.rs	0	1	1	1.0
src/test/compile-fail/issue-21177.rs	4	2	6	0.6153846153846154
src/test/run-pass/mod_dir_recursive.rs	12	3	15	0.4533333333333333
src/tools/compiletest/Cargo.toml	6	4	10	0.6666666666666666
src/test/compile-fail/bind-by-move-neither-can-live-while-the-other-survives-1.rs	11	2	13	0.7326732673267327
src/test/run-pass/issue-17897.rs	9	3	12	0.43
src/librustc_llvm/archive_ro.rs	10	3	13	0.37083333333333335
src/libcore/path2.rs	0	5	5	0.5
src/rt/rust_sched_launcher.h	8	3	11	0.3404255319148936
src/doc/not_found.md	10	3	13	0.5017182130584192
src/test/ui/codemap_tests/tab.stderr	5	5	10	0.4673913043478261
src/test/run-pass/use-uninit-alt2.rs	6	6	12	0.4745762711864407
src/test/run-pass/issue-37109.rs	2	6	8	0.42857142857142855
src/test/compile-fail/alt-range-fail-dominate.rs	4	5	9	0.5294117647058824
doc/guide-runtime.md	4	1	5	0.8936170212765957
src/test/run-pass/extern-crosscrate.rs	15	2	17	0.6964285714285714
src/libbacktrace/ltmain.sh	8	3	11	0.4580152671755725
src/test/compile-fail/variance-region-bounds.rs	5	6	11	0.35294117647058826
src/test/compile-fail/resolve-conflict-item-vs-import.rs	9	4	13	0.5789473684210527
src/libfuzzer/ivec_fuzz.rs	4	3	7	0.625
src/libgreen/basic.rs	11	3	14	0.7333333333333333
src/test/run-pass/lib-map.rs	5	3	8	0.39285714285714285
src/test/compile-fail/syntax-extension-fourcc-non-ascii-str.rs	7	1	8	0.8860759493670886
src/doc/style/features/traits/reuse.md	7	5	12	0.41358024691358025
src/bootstrap/build/job.rs	4	3	7	0.58
src/test/compile-fail/aux/changing-crates-a2.rs	0	1	1	1.0
src/test/run-pass/mod_file.rs	13	3	16	0.43902439024390244
src/librustc_mir/build/expr/category.rs	10	3	13	0.5233160621761658
src/doc/book/compiler-plugins.md	10	4	14	0.44308943089430897
src/test/auxiliary/issue-10028.rs	5	4	9	0.3942307692307692
src/libstd/rt/io/flate.rs	11	1	12	0.8157894736842105
src/cargo/sources.json	0	8	8	0.2631578947368421
src/test/run-pass/coherence-local-1.rs	3	3	6	0.5533980582524272
src/test/compile-fail/E0040.rs	6	4	10	0.3933333333333333
src/test/compile-fail/two-allocators-3.rs	0	3	3	0.8974358974358975
src/librustc/middle/typeck/infer/higher_ranked/doc.rs	4	3	7	0.44155844155844154
src/test/run-pass/mut-vstore-expr.rs	9	3	12	0.42201834862385323
src/test/run-pass/export-multi.rs	8	4	12	0.35802469135802467
src/librustc_mir/transform/add_call_guards.rs	6	6	12	0.5087719298245614
src/librustc_back/dynamic_lib.rs	2	4	6	0.45161290322580644
mk/libuv/ia32/unix/linux/src/libuv/run-benchmarks.target.mk	0	4	4	0.6363636363636364
src/test/compile-fail-fulldeps/proc-macro/signature.rs	0	3	3	0.3333333333333333
src/librustc/middle/typeck/check/method/probe.rs	4	4	8	0.3904761904761905
src/test/compile-fail/empty-vec-trailing-comma.rs	2	7	9	0.35714285714285715
src/test/compile-fail/use-after-move-self-based-on-type.rs	17	2	19	0.6927710843373494
src/test/compile-fail/reserved-dec.rs	0	2	2	0.6
src/rt/libuv/ev/config.h.in	0	2	2	0.5
src/test/auxiliary/xcrate_associated_type_defaults.rs	7	3	10	0.51875
src/rt/rust_box_annihilator.cpp	2	7	9	0.35714285714285715
src/test/run-pass/issue-19001.rs	2	2	4	0.625
src/librustc_back/target/x86_64_unknown_fuchsia.rs	3	3	6	0.6341463414634146
src/test/run-pass/issue-4241.rs	21	3	24	0.7033333333333334
src/test/run-pass/test-fn-signature-verification-for-explicit-return-type.rs	9	6	15	0.2638888888888889
src/libfmt_macros/lib.rs	39	3	42	0.47353361945636624
src/test/compile-fail/feature-gate-dropck-ugeh.rs	0	3	3	0.8333333333333334
src/test/debuginfo/borrowed-basic.rs	10	3	13	0.41975308641975306
src/test/compile-fail/ref-suggestion.rs	7	3	10	0.48466257668711654
src/test/run-pass/panic-runtime/auxiliary/exit-success-if-unwind.rs	1	4	5	0.5405405405405406
src/test/auxiliary/namespaced_enums.rs	9	4	13	0.3717277486910995
src/test/compile-fail/mutable-huh-variance-vec3.rs	4	7	11	0.2894736842105263
src/test/run-make/compiler-lookup-paths/f.rs	2	2	4	0.7428571428571429
src/librustc/middle/traexpr	1	2	3	0.5952380952380952
src/libcoretest/ptr.rs	20	3	23	0.43209876543209874
src/test/run-pass/associated-const-outer-ty-refs.rs	3	3	6	0.4262295081967213
src/test/compile-fail/specialization-default-types.rs	0	1	1	1.0
src/librustc/middle/typeck/check/_match.rs	45	2	47	0.7401259301659988
src/libstd/rt/at_exit_imp.rs	16	3	19	0.5
src/test/compile-fail/borrowck-partial-reinit-2.rs	7	3	10	0.41346153846153844
src/test/run-fail/unwind-nested.rs	8	2	10	0.8222222222222222
src/test/auxiliary/dummy_mir_pass.rs	6	3	9	0.5324675324675324
src/test/compile-fail/borrowck-mut-boxed-vec.rs	8	3	11	0.7476635514018691
src/test/run-pass/autoderef-method-twice-but-not-thrice.rs	14	3	17	0.42071197411003236
src/test/run-pass/xcrate-static-addresses.rs	6	2	8	0.632
src/test/compile-fail/borrowck/borrowck-escaping-closure-error-2.rs	1	3	4	0.45652173913043476
src/test/compile-fail/aux/crate_a1.rs	0	1	1	1.0
src/rustc/middle/borrowck.rs	9	6	15	0.302158273381295
src/test/run-pass/expr-fn.rs	20	3	23	0.4398496240601504
src/test/run-pass/issue-4830.rs	5	3	8	0.4157303370786517
src/test/run-pass/lib-getopts.rs	0	4	4	0.4
src/test/run-pass/variance-intersection-of-ref-and-opt-ref.rs	4	3	7	0.41346153846153844
src/test/run-pass/repeated-vector-syntax.rs	15	3	18	0.6017191977077364
src/rt/rust_shape.cpp	7	7	14	0.39473684210526316
src/test/run-pass-fulldeps/issue-2316.rs	0	2	2	0.5
src/libstd/deque.rs	25	4	29	0.4843304843304843
src/test/compile-fail/E0004.rs	1	4	5	0.4791666666666667
src/test/run-pass/associated-types-binding-in-trait.rs	4	3	7	0.49107142857142855
src/test/compile-fail/block-arg-as-stmt-with-value.rs	14	2	16	0.7203389830508474
src/libsyntax_ext/deriving/encodable.rs	13	5	18	0.455
src/test/compile-fail/dupe-symbols-8.rs	3	3	6	0.4838709677419355
src/rt/libuv/src/unix/netbsd.c	0	2	2	0.8
src/test/auxiliary/xc_conditions.rs	2	1	3	0.9230769230769231
src/comp/middle/typestate_check.rs	1	4	5	0.40476190476190477
src/test/compile-fail/borrowck-closures-mut-of-imm.rs	7	3	10	0.4497354497354497
src/etc/unicode.py	46	3	49	0.5184893784421715
src/test/run-pass/match-value-binding-in-guard-3291.rs	5	3	8	0.45054945054945056
src/test/run-pass/union-transmute.rs	0	1	1	1.0
src/test/parse-fail/new-unicode-escapes-1.rs	3	4	7	0.4117647058823529
src/test/compile-fail/regions-name-duplicated.rs	4	2	6	0.8676470588235294
src/test/run-pass/aux/macro_export_inner_module.rs	0	1	1	1.0
src/test/debug-info/struct-in-enum.rs	10	1	11	0.9064748201438849
src/test/run-pass/issue-20797.rs	13	4	17	0.3425925925925926
src/boot/be/elf.ml	0	3	3	0.8
src/test/compile-fail/call-fn-never-arg-wrong-type.rs	0	1	1	1.0
src/doc/book/primitive-types.md	11	3	14	0.5033333333333333
src/test/pretty/where-clauses.rs	9	4	13	0.391304347826087
src/test/run-pass/associated-types-enum-field-numbered.rs	5	3	8	0.5035971223021583
src/test/run-pass/atomic-print.rs	8	3	11	0.5915492957746479
src/libstd/rt/unwind/seh.rs	4	3	7	0.5392670157068062
src/test/run-pass/issue-27054-primitive-binary-ops.rs	1	2	3	0.8611111111111112
src/test/run-pass/issue-17322.rs	5	4	9	0.3161290322580645
src/test/run-pass/vec-ref-count.rs	0	6	6	0.35714285714285715
src/test/run-pass/binary-minus-without-space.rs	14	3	17	0.47549019607843135
src/test/run-pass/no-stdio.rs	4	4	8	0.41414141414141414
src/test/incremental/type_alias_cross_crate/b.rs	2	5	7	0.4918032786885246
src/libbacktrace/README	0	3	3	0.875
src/test/run-pass/issue-22403.rs	1	2	3	0.8148148148148148
src/doc/guide-error-handling.md	6	5	11	0.3549618320610687
src/test/compile-fail/svh-change-trait-bound.rs	9	3	12	0.6422764227642277
src/test/parse-fail/struct-no-fields-4.rs	5	3	8	0.5441176470588235
src/test/run-fail/fn-constraint-claim.rs	0	9	9	0.2631578947368421
src/test/compile-fail/once-cant-move-out-of-non-once-on-stack.rs	9	1	10	0.8899082568807339
src/rt/libuv/ev/event.c	0	2	2	0.5
src/libstd/sys/unix/time.rs	21	4	25	0.5337837837837838
src/librustpkg/testsuite/pass/src/fancy-lib/lib.rs	0	4	4	0.8
src/etc/platform-intrinsics/x86/info.json	6	3	9	0.6111111111111112
src/test/run-pass/extern-fn-reachable.rs	5	1	6	0.90625
src/test/run-pass/lib-qsort3.rs	0	3	3	0.5
src/test/compile-fail/method-resolvable-path-in-pattern.rs	7	7	14	0.42011834319526625
src/test/run-pass/issue-20009.rs	5	3	8	0.6428571428571429
src/libsyntax/util/parser_testing.rs	36	4	40	0.607429718875502
src/test/compile-fail/deriving-field-span-enum-struct-variant.rs	0	2	2	0.8823529411764706
src/test/compile-fail/borrowck/borrowck-union-move.rs	2	3	5	0.5238095238095238
src/test/run-fail/explicit-fail.rs	8	3	11	0.5681818181818182
src/libextra/uuid.rs	15	1	16	0.8958990536277602
src/test/run-pass/issue-37222.rs	2	4	6	0.5897435897435898
src/test/compile-fail-fulldeps/auxiliary/use_from_trait_xc.rs	1	3	4	0.38461538461538464
src/test/run-pass/auxiliary/typeid-intrinsic-aux1.rs	4	4	8	0.3904761904761905
RELEASES.md	32	4	36	0.5116279069767442
src/libstd/send_map.rs	0	2	2	0.75
src/test/compile-fail-fulldeps/gated-plugin.rs	8	4	12	0.35714285714285715
src/test/compile-fail/intrinsic-return-address.rs	8	6	14	0.5444444444444444
src/rt/libuv/src/uv-eio.c	0	3	3	0.3333333333333333
src/doc/trpl/ffi.md	16	4	20	0.4084720121028744
src/doc/book/mutability.md	4	4	8	0.5806451612903226
src/libstd/rt/work_queue.rs	6	2	8	0.7868852459016393
src/test/ui/mismatched_types/issue-35030.stderr	4	3	7	0.5652173913043478
src/test/run-pass/nested-obj-self.rs	0	5	5	0.3333333333333333
src/test/run-pass/aux/svh-b.rs	0	1	1	1.0
src/test/run-pass/issue-26646.rs	4	2	6	0.46938775510204084
src/test/run-pass/num-range.rs	3	2	5	0.864406779661017
src/test/run-pass/pat-tuple.rs	0	1	1	1.0
src/test/compile-fail/E0044.rs	0	4	4	0.4444444444444444
src/test/run-pass/unwind-resource2.rs	20	2	22	0.6988847583643123
src/test/run-pass/xcrate-trait-lifetime-param.rs	7	3	10	0.504
src/test/compile-fail/issue-30079.rs	5	4	9	0.3855421686746988
src/test/run-pass/istr.rs	21	3	24	0.6473988439306358
src/test/run-pass/enum-to-float-cast.rs	0	2	2	0.9
src/test/run-pass/issue-3447.rs	16	3	19	0.7215909090909091
src/test/compile-fail/E0303.rs	2	5	7	0.36082474226804123
src/test/run-pass/cast-in-array-size.rs	5	3	8	0.4444444444444444
src/test/run-make/rustdoc-viewpath-self/foo.rs	3	3	6	0.37962962962962965
src/test/compile-fail/use-from-trait.rs	15	4	19	0.5420560747663551
src/test/mir-opt/return_an_array.rs	2	4	6	0.46875
src/test/compile-fail/tps-invariant-class.rs	6	3	9	0.4857142857142857
src/test/run-pass/coerce-reborrow-mut-ptr-rcvr.rs	10	3	13	0.3564356435643564
src/libnative/io/file_win32.rs	17	2	19	0.8782383419689119
src/libstd/fmt.rs	28	2	30	0.4760705289672544
src/test/compile-fail/macro-shadowing.rs	3	5	8	0.4225352112676056
src/test/compile-fail/static-mut-not-pat.rs	13	4	17	0.6063829787234043
src/test/run-pass/issue-22577.rs	5	3	8	0.35
src/test/run-pass/closure-inference.rs	12	3	15	0.3933649289099526
src/test/compile-fail/issue-8761.rs	14	3	17	0.5990338164251208
src/test/compile-fail/wf-trait-bound.rs	4	2	6	0.7666666666666667
src/test/compile-fail/regions-infer-proc-static-upvar.rs	7	3	10	0.4015151515151515
src/test/run-pass/fat-ptr-cast.rs	5	3	8	0.8181818181818182
src/test/run-fail/issue-2444.rs	18	4	22	0.5535714285714286
src/libcore/logging.rs	13	3	16	0.5581395348837209
src/test/parse-fail/raw-str-delim.rs	5	3	8	0.4567901234567901
send-and-sync.md	0	1	1	1.0
src/test/run-make/issue-15460/Makefile	2	3	5	0.6025641025641025
src/librustc/front/map/mod.rs	14	3	17	0.5818505338078291
src/test/auxiliary/variant-namespacing.rs	3	3	6	0.4857142857142857
src/test/compile-fail/aux/deprecation-lint.rs	0	1	1	1.0
src/rt/libuv/src/ares/inet_ntop.c	0	4	4	0.5
src/test/rustdoc/extern-default-method.rs	4	3	7	0.46987951807228917
src/test/compile-fail/associated-types-project-from-hrtb-in-fn-body.rs	4	2	6	0.6329113924050633
src/test/compile-fail/const-len-underflow-separate-spans.rs	12	4	16	0.4666666666666667
src/test/codegen-units/partitioning/vtable-through-const.rs	6	4	10	0.3916083916083916
src/test/compile-fail/const-eval-overflow-2.rs	11	6	17	0.4536082474226804
src/test/run-pass/issue-25579.rs	0	1	1	1.0
src/doc/trpl/pointers.md	15	3	18	0.3026315789473684
src/test/compile-fail/auxiliary/lint_output_format.rs	0	1	1	1.0
src/test/parse-fail/range_inclusive.rs	2	3	5	0.6712328767123288
src/libcollectionstest/char.rs	0	1	1	1.0
src/test/compile-fail/specialization-feature-gate-default.rs	0	1	1	1.0
src/test/run-make/issue-26006/in/libc/lib.rs	2	3	5	0.6071428571428571
src/test/run-pass/issue-15080.rs	18	4	22	0.4710526315789474
src/libcoretest/num/uint_macros.rs	16	3	19	0.4688995215311005
src/rustc/middle/tstate/annotate.rs	4	8	12	0.2777777777777778
src/test/compile-fail/integer-literal-suffix-inference-3.rs	3	2	5	0.5555555555555556
src/libstd/rt/sched.rs	22	2	24	0.7562111801242236
src/test/ui/span/issue-24805-dropck-trait-has-items.stderr	2	4	6	0.5853658536585366
src/test/compile-fail/discrim-ill-typed.rs	8	4	12	0.42028985507246375
doc/po/ja/rustdoc.md.po	2	1	3	0.9090909090909091
src/test/run-pass/issue-24533.rs	2	2	4	0.4827586206896552
src/doc/po/ja/guide-pointers.md.po	3	1	4	0.9
mk/cfg/mips-unknown-linux-gnu	3	3	6	0.6627906976744186
src/test/run-pass/unboxed-closures-infer-recursive-fn.rs	6	3	9	0.3392857142857143
src/test/compile-fail/borrowck-move-subcomponent.rs	8	3	11	0.7543859649122807
src/test/run-pass/coherence-rfc447-constrained.rs	2	2	4	0.6896551724137931
src/librustc_trans/cabi_x86_64.rs	8	4	12	0.532051282051282
src/comp/middle/gc.rs	4	6	10	0.2982456140350877
src/test/run-pass/generic-box.rs	14	1	15	0.6891891891891891
src/doc/tarpl/README.md	0	3	3	0.7115384615384616
src/test/parse-fail/closure-return-syntax.rs	3	3	6	0.4594594594594595
src/librustc/middle/typeck/check/method/doc.rs	5	2	7	0.4473684210526316
src/doc/style/errors/README.md	4	6	10	0.2111111111111111
src/test/rustdoc/assoc-consts.rs	6	3	9	0.5255474452554745
src/test/run-pass/unsafe-const-fn.rs	1	3	4	0.7741935483870968
src/test/run-pass/auto-ref-bounded-ty-param.rs	9	3	12	0.47674418604651164
src/test/compile-fail/sync-rwlock-cond-shouldnt-escape.rs	10	2	12	0.7727272727272727
src/rustc/syntax/print/pp.rs	0	3	3	0.4
src/test/debug-info/shadowed-argument.rs	7	1	8	0.9157894736842105
src/rt/test/rust_test_harness.h	0	4	4	0.2857142857142857
src/test/auxiliary/issue-14344-2.rs	4	3	7	0.4375
src/test/bench/shootout-reverse-complement.rs	26	3	29	0.4511754068716094
src/test/debug-info/managed-box-within-unique.rs	0	1	1	1.0
src/test/compile-fail/access-mode-in-closures.rs	6	3	9	0.49206349206349204
src/test/run-make/linker-output-non-utf8/library.rs	1	2	3	0.8275862068965517
src/test/compile-fail/issue-23073.rs	4	2	6	0.7441860465116279
src/test/compile-fail/issue-3973.rs	20	2	22	0.6514745308310992
mk/stage2.mk	1	6	7	0.38461538461538464
src/test/compile-fail/traits-repeated-supertrait-ambig.rs	7	3	10	0.4827586206896552
src/test/compile-fail/copy-res-into-unique.rs	0	2	2	0.6666666666666666
src/test/run-pass/task-comm.rs	15	4	19	0.2549019607843137
src/test/run-pass/trait-bounds.rs	9	3	12	0.39869281045751637
src/test/run-pass/while-flow-graph.rs	10	3	13	0.34965034965034963
src/test/stdtest/tri.rs	0	4	4	0.25
src/librustc_mir/tcx/pattern.rs	5	2	7	0.7433155080213903
src/libstd/unstable/mod.rs	11	2	13	0.8713910761154856
src/grammar/lexer.l	6	3	9	0.6363636363636364
src/test/debuginfo/managed-pointer-within-unique-vec.rs	3	2	5	0.8245614035087719
src/test/run-pass/fun-call-variants.rs	14	3	17	0.36403508771929827
src/comp/syntax/ext/base.rs	7	6	13	0.2903225806451613
src/libstd/old_io/fs.rs	12	3	15	0.38202247191011235
src/test/compile-fail/unsafe-fn-deref-ptr.rs	7	3	10	0.6388888888888888
src/librustc_borrowck/diagnostics.rs	23	3	26	0.4945717732207479
src/test/run-pass/simplext.rs	0	1	1	1.0
src/test/run-make/graphviz-flowgraph/f15.dot-expected.dot	11	2	13	0.4702702702702703
src/doc/trpl/testing.md	22	4	26	0.4628224582701062
src/test/run-pass/i32-sub.rs	13	3	16	0.3891625615763547
src/test/run-fail/fail-macro-send_str.rs	0	2	2	0.9166666666666666
src/test/compile-fail/vtable-res-trait-param.rs	22	3	25	0.44625407166123776
src/test/run-pass/shootout-k-nucleotide.rs	0	1	1	1.0
src/test/run-pass/autoderef-method-on-trait.rs	13	3	16	0.46475195822454307
src/test/run-fail/if-check-panic.rs	8	4	12	0.38285714285714284
src/test/run-pass/unit.rs	13	3	16	0.4666666666666667
src/test/compile-fail/struct-fields-shorthand-unresolved.rs	3	3	6	0.675
src/librustuv/timeout.rs	3	2	5	0.7114093959731543
src/test/compile-fail/dst-object-from-unsized-type.rs	11	4	15	0.47717842323651455
src/librustc_const_math/lib.rs	7	5	12	0.49032258064516127
src/test/compile-fail/issue-14845.rs	10	4	14	0.4551971326164875
src/test/compile-fail/type-params-in-different-spaces-3.rs	5	3	8	0.5333333333333333
mk/platform.mk	68	4	72	0.5964071856287425
src/rt/boxed_region.cpp	7	4	11	0.6666666666666666
src/test/run-fail/mir_indexing_oob_1.rs	4	5	9	0.47058823529411764
src/libsyntax/ext/source_util.rs	68	3	71	0.5277502477700694
src/test/compile-fail/issue-3008-2.rs	11	6	17	0.5555555555555556
src/rustbook/test.rs	8	3	11	0.5358490566037736
src/doc/trpl/src/generics.md	0	2	2	0.9
src/bootstrap/config.toml.example	11	4	15	0.5063829787234042
src/librustc_back/target/aarch64_linux_android.rs	19	5	24	0.4975728155339806
src/test/auxiliary/macro_non_reexport_2.rs	4	4	8	0.38271604938271603
src/test/compile-fail/regions-in-consts.rs	12	4	16	0.5535714285714286
src/test/compile-fail/double-type-import.rs	6	3	9	0.4198473282442748
src/test/run-pass/overloaded-autoderef-xcrate.rs	6	3	9	0.3783783783783784
src/librustc_mir/transform/erase_regions.rs	13	3	16	0.5733041575492341
src/test/incremental/span_hash_stable/auxiliary/mod.rs	3	3	6	0.7714285714285715
src/rustdoc/markdown_writer.rs	10	6	16	0.379746835443038
src/test/run-make/c-link-to-rust-staticlib/Makefile	10	4	14	0.6518518518518519
src/test/run-pass/structured-compare.rs	18	4	22	0.37630662020905925
src/test/parse-fail/issue-14303-impl.rs	3	4	7	0.4117647058823529
src/test/compile-fail/minus-string.rs	14	3	17	0.616
src/test/run-pass/issue-21475.rs	5	3	8	0.43
src/test/compile-fail/traits-assoc-type-in-supertrait-bad.rs	3	3	6	0.625
src/test/compile-fail-fulldeps/lint-plugin-deny-cmdline.rs	3	3	6	0.4875
src/libstd/sort.rs	31	5	36	0.4662309368191721
src/test/run-pass/import8.rs	14	3	17	0.559748427672956
src/test/run-fail/test-tasks-invalid-value.rs	8	5	13	0.4142857142857143
src/test/run-pass/mir_raw_fat_ptr.rs	6	5	11	0.42727272727272725
src/test/compile-fail-fulldeps/rustc-macro/expand-to-unstable.rs	6	4	10	0.5420560747663551
src/test/run-pass/generic-fn-box.rs	14	2	16	0.7432432432432432
src/libcore/rt/rc.rs	0	3	3	0.5625
src/test/compile-fail/reflect-object-param.rs	5	4	9	0.34951456310679613
src/test/run-fail/unwind-box-unique.rs	8	2	10	0.8344370860927153
src/lib/GenericOS.rs	0	3	3	0.4
src/test/debug-info/method-on-trait.rs	9	1	10	0.9142857142857143
src/test/run-pass/expr-block.rs	15	3	18	0.4669811320754717
src/test/run-make/extern-fn-reachable/dylib.rs	0	3	3	0.7777777777777778
src/test/compile-fail/coherence-overlap-issue-23516.rs	6	3	9	0.49206349206349204
src/rt/libuv/ev/depcomp	0	2	2	0.5
src/test/run-make/issue-14500/foo.c	4	3	7	0.5517241379310345
src/libstd/task.rs	25	2	27	0.6781609195402298
src/test/run-pass/aux/inner_static.rs	0	1	1	1.0
src/test/compile-fail/privacy/restricted/aux/pub_restricted.rs	0	1	1	1.0
src/test/run-pass/syntax-extension-bytes.rs	4	2	6	0.8023255813953488
src/librustc_trans/expr.rs	15	6	21	0.3964285714285714
src/test/auxiliary/crateresolve4a-2.rs	11	3	14	0.6258503401360545
src/test/run-pass/macro-3.rs	2	5	7	0.3181818181818182
src/test/run-pass/mir_temp_promotions.rs	3	5	8	0.5111111111111111
src/test/run-pass/crateresolve7.rs	8	2	10	0.6511627906976745
other-reprs.md	0	1	1	1.0
src/test/compile-fail/static-recursion-gate.rs	2	3	5	0.7857142857142857
src/test/compile-fail/qquote-2.rs	26	3	29	0.6069182389937107
src/test/run-pass/pattern-in-closure.rs	13	3	16	0.4134078212290503
src/test/compile-fail/selftype-astparam.rs	5	5	10	0.39473684210526316
src/test/compile-fail/borrowck-let-suggestion.rs	13	3	16	0.44623655913978494
src/test/compile-fail/auxiliary/issue-36708.rs	3	4	7	0.4666666666666667
src/comp/syntax/parse/eval.rs	7	8	15	0.27586206896551724
src/test/compile-fail/copy-res-into-rec.rs	0	2	2	0.5
src/librustpkg/util.rs	40	1	41	0.7972626176218991
src/librustc_metadata/tyencode.rs	24	6	30	0.4557522123893805
src/test/run-pass-fulldeps/proc-macro/auxiliary/expand-with-a-macro.rs	0	3	3	0.3333333333333333
src/test/run-pass/drop-flag-sanity-check.rs	7	5	12	0.3023255813953488
src/libcore/rt/uv/mod.rs	6	2	8	0.6384615384615384
src/rt/arch/aarch64/macros.S	3	3	6	0.5694444444444444
src/test/run-pass/enum-discr.rs	9	4	13	0.5381165919282511
src/doc/tarpl/borrow-splitting.md	1	3	4	0.7169811320754716
src/test/pretty/block-comment-multiple-asterisks.rs	4	2	6	0.5416666666666666
src/test/compile-fail/issue-20711-2.rs	5	3	8	0.3888888888888889
src/librustc/metadata/cstore.rs	41	3	44	0.578404774823657
src/rustdoc/markdown_pass.rs	14	4	18	0.5238095238095238
src/rt/arch/powerpc/morestack.S	5	3	8	0.5426356589147286
src/libstd/sys/common/net.rs	33	4	37	0.41468126207340633
src/test/run-make/lto-no-link-whole-rlib/lib1.rs	3	2	5	0.8181818181818182
src/test/run-pass/issue-15155.rs	6	3	9	0.6854838709677419
src/rustc/middle/trans/impl.rs	8	8	16	0.20168067226890757
src/libcollections/bit.rs	41	4	45	0.34845132743362833
src/test/compile-fail/issue-24424.rs	3	4	7	0.3953488372093023
src/test/compile-fail/issue-24356.rs	14	3	17	0.4585635359116022
src/librustc/middle/typeck/collect.rs	51	2	53	0.7212885154061625
src/test/run-pass/struct-partial-move-2.rs	6	3	9	0.4713375796178344
src/test/compile-fail/union/union-derive-clone.rs	3	4	7	0.5098039215686274
src/test/compile-fail/gated-macro-rules.rs	3	2	5	0.56
src/test/compile-fail/issue-23046.rs	2	2	4	0.7068965517241379
src/test/rustdoc/issue-15318.rs	5	3	8	0.48148148148148145
lifetimes.md	0	1	1	1.0
src/test/run-pass/aux/augmented_assignments.rs	0	1	1	1.0
src/libstd/rt/unwind/seh64_gnu.rs	4	3	7	0.8105263157894737
src/librustc/dep_graph/dep_tracking_map.rs	4	5	9	0.5027624309392266
src/test/auxiliary/inline_dtor.rs	8	3	11	0.6666666666666666
src/test/run-pass/issue_26873_multifile/compiletest-ignore-dir	2	3	5	0.5428571428571428
src/libcore/tuple/unit.rs	2	2	4	0.5072463768115942
src/test/compile-fail/issue-6702.rs	11	4	15	0.5919282511210763
src/librustc_lint/builtin.rs	57	4	61	0.49479367527959894
src/test/compile-fail/regions-proc-bounds.rs	2	3	5	0.3582089552238806
src/libcore/trie.rs	6	3	9	0.7731958762886598
src/libstd/sync/once.rs	26	4	30	0.39571150097465885
src/test/compile-fail/disallowed-deconstructing-destructing-struct.rs	5	4	9	0.6304347826086957
src/test/run-pass/issue-20414.rs	4	3	7	0.43529411764705883
src/test/run-pass/unit-like-struct-drop-run.rs	22	3	25	0.5
src/test/run-pass/test-runner-hides-buried-main.rs	2	2	4	0.75
src/test/compile-fail/aux/issue-21221-4.rs	0	1	1	1.0
src/test/compile-fail/issue28498-reject-ex1.rs	4	4	8	0.676923076923077
src/test/run-pass/const-enum-tuple.rs	8	4	12	0.45695364238410596
src/bootstrap/main.rs	3	3	6	0.5866666666666667
src/test/compile-fail/unboxed-closures-infer-argument-types-two-region-pointers.rs	11	5	16	0.4551282051282051
src/librustc/middle/outlives.rs	1	3	4	0.7045454545454546
src/test/run-pass/aux/issue-31702-2.rs	0	1	1	1.0
src/libstd/dlist.rs	5	3	8	0.8297872340425532
src/rt/libuv/ev/autogen.sh	0	2	2	0.5
src/test/debug-info/generic-struct.rs	7	1	8	0.9215686274509803
src/test/run-pass/morestack1.rs	4	3	7	0.6666666666666666
src/test/compile-fail/simplext.rs	0	1	1	1.0
src/test/auxiliary/struct-field-privacy.rs	1	3	4	0.4772727272727273
src/libstd/tuple.rs	25	3	28	0.6083707025411061
src/test/run-pass/html-literals.rs	20	3	23	0.6275862068965518
src/test/compile-fail/borrowck-loan-blocks-move-cc.rs	19	4	23	0.5096618357487923
src/libcollections/treemap.rs	27	2	29	0.7527624309392266
src/test/parse-fail/keyword-if-as-identifier.rs	6	3	9	0.5333333333333333
src/test/run-make/missing-crate-dependency/Makefile	7	5	12	0.5514018691588785
src/test/compile-fail/associated-types-eq-hr.rs	6	3	9	0.39285714285714285
mk/host.mk	24	2	26	0.6568265682656826
src/test/run-pass/issue-9837.rs	3	5	8	0.46808510638297873
src/test/run-pass/issue29927-1.rs	2	3	5	0.5476190476190477
src/libcore/fmt/builders.rs	14	3	17	0.5158371040723982
src/test/run-pass/class-cast-to-iface-multiple-types.rs	0	8	8	0.29411764705882354
src/librustc_borrowck/bitslice.rs	3	7	10	0.36363636363636365
src/test/compiletest/compiletest.rc	0	1	1	1.0
src/rustllvm/llvm-auto-clean-trigger	36	4	40	0.5111248454882571
src/test/compile-fail/arg-count-mismatch.rs	6	4	10	0.48
src/test/run-pass/borrowck-field-sensitivity.rs	9	3	12	0.4166666666666667
src/libsyntax/ext/pipes/check.rs	16	4	20	0.5480769230769231
src/rustc/middle/typeck/collect.rs	9	8	17	0.1853932584269663
src/test/compile-fail/issue-17385.rs	6	3	9	0.5612244897959183
mk/libuv/ia32/unix/Makefile-e	0	3	3	0.3333333333333333
src/test/run-pass/deriving-clone-enum.rs	12	3	15	0.4966442953020134
src/test/codegen-units/transitive-drop-glue.rs	2	3	5	0.4793388429752066
src/test/compile-fail/coercion-slice.rs	13	5	18	0.36904761904761907
src/test/run-pass/lint-non-uppercase-statics-lowercase-mut-statics.rs	9	5	14	0.39779005524861877
src/libstd/rt/backtrace.rs	31	2	33	0.5569620253164557
src/rustc/middle/tstate/auxiliary.rs	6	7	13	0.2857142857142857
src/test/compile-fail/issue-17337.rs	4	5	9	0.6438356164383562
src/test/compile-fail/marker-no-pod.rs	0	3	3	0.875
src/test/run-pass/panic-handler-flail-wildly.rs	4	4	8	0.49640287769784175
src/test/auxiliary/allocator3.rs	3	3	6	0.5789473684210527
src/test/run-pass/asm-indirect-memory.rs	2	3	5	0.5797101449275363
src/test/run-make/mixing-deps/prog.rs	3	3	6	0.5903614457831325
src/test/stdtest/rand.rs	0	6	6	0.36363636363636365
src/test/compile-fail/feature-gate-cfg-target-feature.rs	1	2	3	0.875
doc/tutorial/ext.md	0	1	1	1.0
src/test/compile-fail/huge-struct.rs	1	1	2	0.9523809523809523
src/test/compile-fail/auxiliary/lint_stability.rs	3	3	6	0.6944444444444444
src/test/compile-fail/missingmod.rc	0	4	4	0.7894736842105263
src/test/run-make/no-builtins-lto/main.rs	3	2	5	0.6037735849056604
src/librustc_mir/pretty.rs	20	5	25	0.43742098609355246
src/libstd/time/mod.rs	21	4	25	0.5875796178343949
src/test/compile-fail/struct-no-fields-enumlike.rs	5	5	10	0.38392857142857145
src/test/run-pass/aux/issue_3136_a.rc	0	1	1	1.0
src/test/compile-fail/lex-bad-fp-base-6.rs	3	1	4	0.90625
src/test/compile-fail/for-loop-type-error.rs	2	2	4	0.4857142857142857
src/test/run-pass/issue-15571.rs	9	4	13	0.336734693877551
src/test/ui/did_you_mean/issue-36798_unknown_field.rs	3	4	7	0.39215686274509803
src/rt/libuv/src/ares/README.node	0	3	3	0.6
src/test/run-pass/aux/xcrate_static_addresses.rs	0	1	1	1.0
src/test/compile-fail/const-fn-not-safe-for-const2.rs	3	3	6	0.5866666666666667
src/test/compile-fail/variance-use-contravariant-struct-2.rs	2	4	6	0.6333333333333333
src/test/run-pass/lib-io.rs	3	4	7	0.4
src/test/compile-fail/associated-const-array-len.rs	7	3	10	0.5945945945945946
src/test/run-pass/associated-types-projection-to-unrelated-trait.rs	5	3	8	0.5
src/librustc/middle/infer/unify_key.rs	11	3	14	0.5612648221343873
src/test/compile-fail/borrowck-overloaded-index-move-from-vec.rs	4	3	7	0.5263157894736842
src/test/run-pass/uniq-cc.rs	8	3	11	0.7861271676300579
src/test/compile-fail/copy-res-into-box.rs	0	2	2	0.5
src/test/run-pass/aux/issue-12660-aux.rs	0	1	1	1.0
src/test/rustdoc/issue-36031.rs	3	3	6	0.6153846153846154
src/test/run-pass/deriving-cmp-generic-enum.rs	17	4	21	0.5033783783783784
src/test/compile-fail/issue-17545.rs	8	5	13	0.3368421052631579
src/rustllvm/README	6	3	9	0.5208333333333334
src/test/compile-fail/union/union-unsized.rs	2	3	5	0.5238095238095238
src/test/run-make/save-analysis/foo.rs	19	3	22	0.41196581196581195
src/bootstrap/build/channel.rs	4	3	7	0.6020942408376964
src/comp/middle/trans/alt.rs	2	6	8	0.5
src/test/compile-fail/issue-3763.rs	14	3	17	0.6813725490196079
src/test/run-make/volatile-intrinsics/main.rs	7	3	10	0.4866666666666667
src/test/compile-fail/cast-vector-to-unsafe-nonstatic.rs	3	1	4	0.8846153846153846
src/librustpkg/target.rs	6	2	8	0.8571428571428571
src/test/run-pass/packed-struct-layout.rs	14	3	17	0.5650557620817844
src/test/compile-fail/E0308.rs	2	4	6	0.4603174603174603
src/libstd/collections/hash/set_stage0.rs	0	3	3	0.5
src/test/compile-fail/E0229.rs	3	4	7	0.31868131868131866
src/test/run-pass/unique-fn-arg-move.rs	15	3	18	0.4796380090497738
src/test/bench/99-bottles/99bob-pattern.rs	0	5	5	0.3333333333333333
mk/cfg/armv7-unknown-linux-musleabihf.mk	3	4	7	0.5161290322580645
src/test/run-pass/extern-pass-empty.rs	9	4	13	0.3897058823529412
src/test/run-pass/regions-static-closure.rs	18	3	21	0.5089285714285714
src/test/run-pass/regions-refcell.rs	7	3	10	0.3974358974358974
src/test/run-pass/lib-os.rs	0	1	1	1.0
src/test/compile-fail/token-error-correct-3.rs	7	4	11	0.42011834319526625
src/test/rustdoc/line-breaks.rs	3	4	7	0.3333333333333333
src/test/compile-fail/associated-types-unsized.rs	8	4	12	0.39568345323741005
src/libcollectionstest/slice.rs	19	5	24	0.4762550881953867
src/test/codegen-units/partitioning/extern-generic.rs	3	3	6	0.6484375
src/test/codegen/single-return-value.rs	4	4	8	0.4742268041237113
src/test/compile-fail/binop-shift-port.rs	0	4	4	0.5
src/librustc/rustc.rc	24	4	28	0.6284584980237155
src/test/run-pass/issue-26873-multifile.rs	6	3	9	0.30612244897959184
src/rustc/middle/trans/debuginfo.rs	9	7	16	0.2524271844660194
src/test/run-pass/resolve-issue-2428.rs	15	4	19	0.4759825327510917
src/etc/vim/indent/rust.vim	12	2	14	0.7435897435897436
src/test/compile-fail/issue-3993-3.rs	5	3	8	0.7837837837837838
src/test/run-pass/nested_item_main.rs	4	3	7	0.3953488372093023
AUTHORS.txt	50	5	55	0.4489051094890511
src/test/run-pass/issue-22426.rs	4	3	7	0.4659090909090909
src/test/compile-fail/range_traits-6.rs	1	5	6	0.5
src/libextra/term.rs	16	1	17	0.8316151202749141
src/test/run-fail/assert-macro-explicit.rs	5	2	7	0.5614035087719298
src/test/run-pass/borrowck-freeze-frozen-mut.rs	8	3	11	0.4444444444444444
src/test/run-pass/issue-23338-params-outlive-temps-of-body.rs	4	2	6	0.5714285714285714
src/test/run-make/issue-18943/Makefile	3	3	6	0.5416666666666666
src/librustc_trans/datum.rs	4	6	10	0.4
src/test/run-pass/mir_trans_match_range.rs	4	2	6	0.6785714285714286
src/librustsyntax/fold.rs	7	5	12	0.23076923076923078
src/etc/mklldeps.py	21	4	25	0.5948827292110874
src/test/run-fail/main-panic.rs	6	4	10	0.4470588235294118
src/test/compile-fail/coherence-blanket-conflicts-with-blanket-implemented.rs	8	3	11	0.4861111111111111
src/test/compile-fail/array-old-syntax-1.rs	5	3	8	0.42528735632183906
src/test/run-pass/sendfn-spawn-with-fn-arg.rs	23	4	27	0.5433403805496829
src/test/run-fail/bug-811.rs	20	4	24	0.4673913043478261
src/test/run-pass/atomic-access-bool.rs	2	3	5	0.5283018867924528
src/libstd/rt/io/mem.rs	9	1	10	0.8294573643410853
src/test/compile-fail/call-extern-trait-as-function.rs	4	1	5	0.8666666666666667
src/libcoretest/clone.rs	5	3	8	0.703125
src/test/run-pass/panic-handler-set-twice.rs	3	4	7	0.5
src/test/auxiliary/trait_default_method_xc_aux.rs	12	4	16	0.6807017543859649
src/test/run-pass/issue-20616.rs	5	3	8	0.5342465753424658
src/test/run-pass/aux/trait_default_method_xc_aux_2.rs	0	1	1	1.0
src/test/run-pass/macro-use-both.rs	4	3	7	0.5555555555555556
src/test/compile-fail/associated-types-eq-2.rs	2	3	5	0.45714285714285713
src/test/compile-fail/imports/reexports.rs	3	3	6	0.4782608695652174
src/test/compile-fail/issue-6738.rs	0	3	3	0.3333333333333333
src/librustc_unicode/tables.rs	14	4	18	0.6348122866894198
src/test/compile-fail/empty-struct-unit-pat-2.rs	3	5	8	0.36428571428571427
src/libcoretest/num/flt2dec/mod.rs	10	3	13	0.6610878661087866
src/test/compile-fail/regions-outlives-nominal-type-enum-region.rs	0	2	2	0.9
src/test/compile-fail/dst-bad-deep.rs	11	3	14	0.432
src/rt/libuv/ev/Makefile.in	0	2	2	0.5
src/test/compile-fail/borrowck-init-in-fn-expr.rs	8	3	11	0.5114942528735632
src/test/run-pass-fulldeps/auxiliary/cond_plugin.rs	7	4	11	0.43884892086330934
src/test/compile-fail/no-link.rs	4	5	9	0.4574468085106383
src/test/run-pass/core-export-f64-sqrt.rs	4	5	9	0.40540540540540543
src/test/run-make/dylib-chain/m1.rs	4	1	5	0.8947368421052632
src/test/run-make/target-specs/foo.rs	7	3	10	0.4017094017094017
src/test/run-pass/dst-trait.rs	9	3	12	0.38292011019283745
src/librustc_trans/trans/symbol_names_test.rs	0	5	5	0.5
src/test/run-pass/lib-ptr.rs	0	2	2	0.5
src/doc/po/ja/guide-ffi.md.po	3	1	4	0.8974358974358975
src/test/run-pass/functional-struct-upd.rs	6	3	9	0.5
src/test/compile-fail/issue-15480.rs	8	2	10	0.44285714285714284
src/test/auxiliary/issue-16725.rs	2	3	5	0.4166666666666667
src/test/run-pass/regions-scope-chain-example.rs	6	4	10	0.421875
src/rt/rust.h	0	6	6	0.38461538461538464
src/librustc_typeck/check/writeback.rs	33	4	37	0.4354387926215763
src/test/compile-fail/generic-extern-lifetime.rs	2	3	5	0.6829268292682927
src/libcore/simd_old.rs	5	1	6	0.873015873015873
src/rt/jemalloc/include/jemalloc/internal/private_namespace.h	0	5	5	0.7777777777777778
src/test/compile-fail/deriving-span-Clone-struct.rs	5	3	8	0.75
src/test/run-fail/overflowing-rsh-3.rs	14	5	19	0.3288590604026846
src/test/compile-fail/issue-14303-enum.rs	3	3	6	0.43902439024390244
src/test/compile-fail/do2.rs	7	3	10	0.6666666666666666
src/test/rustdoc/issue-32890.rs	3	2	5	0.7741935483870968
src/libsyntax/show_span.rs	8	5	13	0.37962962962962965
src/test/compile-fail/E0033.rs	5	5	10	0.3869047619047619
src/test/run-pass/match-unique-bind.rs	8	3	11	0.6918604651162791
src/libstd/rt/io/mod.rs	16	2	18	0.8385269121813032
src/rt/jemalloc/test/mremap.c	0	5	5	0.7777777777777778
src/libcore/num/u32.rs	12	4	16	0.5325443786982249
src/test/compile-fail/dropck_no_diverge_on_nonregular_2.rs	3	2	5	0.6818181818181818
src/test/run-pass/issue-18767.rs	5	3	8	0.36283185840707965
src/comp/middle/trans_ivec.rs	1	3	4	0.45454545454545453
src/test/compile-fail/feature-gate-compiler-builtins.rs	3	4	7	0.5192307692307693
src/test/compile-fail/unused-macro-with-follow-violation.rs	3	2	5	0.7027027027027027
src/test/compile-fail/issue-31424.rs	1	4	5	0.5238095238095238
src/test/compile-fail/empty-struct-braces-gate-1.rs	2	3	5	0.6052631578947368
src/test/run-pass/drop-trait-generic.rs	15	3	18	0.6568627450980392
src/test/auxiliary/issue-13620-1.rs	4	3	7	0.5871559633027523
src/test/run-pass/drop-trait-enum.rs	15	5	20	0.3188720173535792
src/comp/front/pretty.rs	0	2	2	0.8333333333333334
src/test/run-pass/issue-22356.rs	5	3	8	0.5
src/test/run-pass/auto-ref-sliceable.rs	20	3	23	0.41064638783269963
src/libstd/str.rs	59	1	60	0.7805145046524357
src/rustc/middle/trans/block.rs	0	3	3	0.3333333333333333
src/libstd/fun_treemap.rs	14	5	19	0.3983050847457627
src/test/run-pass/macro-attribute-expansion.rs	8	5	13	0.3137254901960784
src/doc/trpl/src/closures.md	0	2	2	0.9
src/test/run-make/graphviz-flowgraph/f22.dot-expected.dot	11	2	13	0.47093023255813954
src/test/compile-fail/ret-by-reference-wrong-param.rs	0	1	1	1.0
src/libsyntax/feature_gate.rs	77	4	81	0.4374237618931447
src/test/run-make/pretty-expanded-hygiene/input.pp.rs	7	4	11	0.5
src/test/compile-fail/issue-27042.rs	2	3	5	0.8125
src/test/compile-fail/trait-not-accessible.rs	4	2	6	0.7285714285714285
src/test/run-make/prefer-rlib/foo.rs	2	2	4	0.8787878787878788
src/test/ui/span/issue-23338-locals-die-before-temps-of-body.stderr	2	4	6	0.4861111111111111
src/librustdoc/passes/collapse_docs.rs	4	4	8	0.359375
src/test/run-pass/issue-13620.rs	4	3	7	0.45794392523364486
src/test/run-pass/issue29927.rs	2	3	5	0.5476190476190477
src/test/debuginfo/multiple-functions.rs	11	3	14	0.48947368421052634
src/test/compile-fail/deriving-span-Hash-struct.rs	5	4	9	0.7078651685393258
src/doc/trpl/src/tasks.md	0	1	1	1.0
src/test/compile-fail/issue-6458-4.rs	12	3	15	0.6214953271028038
src/test/compile-fail/issue-27008.rs	8	5	13	0.48633879781420764
src/rt/rust_android_dummy.h	13	3	16	0.4852941176470588
src/doc/nomicon/exotic-sizes.md	2	3	5	0.703125
src/test/compile-fail/const-fn-not-safe-for-const.rs	5	3	8	0.6296296296296297
src/test/run-pass/decl-with-recv.rs	4	8	12	0.20588235294117646
src/libextra/ebml.rs	18	1	19	0.8324175824175825
src/librustc_back/target/i686_unknown_linux_musl.rs	11	4	15	0.5215311004784688
src/librustc/macros.rs	7	3	10	0.46875
src/test/compile-fail/unsized-trait-impl-self-type.rs	6	4	10	0.3017241379310345
src/test/run-pass/anon-obj-with-self-call-2.rs	0	4	4	0.42857142857142855
src/test/run-pass/extern-call-deep.rs	15	2	17	0.6740088105726872
src/test/compile-fail/issue-6458.rs	9	4	13	0.4656084656084656
src/fuzzer/ivec_fuzz.rs	10	6	16	0.20833333333333334
src/test/compile-fail/issue-22434.rs	0	5	5	0.5263157894736842
src/test/debuginfo/simple-struct.rs	12	3	15	0.5163934426229508
src/etc/check-sanitycheck.py	3	5	8	0.39823008849557523
src/boot/me/alias.ml	2	1	3	0.9047619047619048
src/test/compile-fail/diverging-fn-tail-35849.rs	1	5	6	0.37209302325581395
src/test/auxiliary/issue-25467.rs	3	3	6	0.4945054945054945
src/test/run-pass/class-implement-traits.rs	17	3	20	0.6233062330623306
src/doc/tarpl/vec-into-iter.md	0	3	3	0.6851851851851852
src/test/run-pass/associated-types-projection-in-where-clause.rs	4	3	7	0.5181818181818182
src/test/run-pass/issue-18088.rs	4	4	8	0.3389830508474576
src/doc/trpl/tuples.md	0	4	4	0.46
src/test/run-pass/trait-inheritance-auto-xc-2.rs	14	3	17	0.5118483412322274
src/librustuv/async.rs	5	2	7	0.8075471698113208
src/rt/jemalloc/src/stats.c	0	5	5	0.7777777777777778
src/libextra/crypto/digest.rs	10	1	11	0.8541666666666666
src/test/compile-fail/lex-bad-fp-base-7.rs	3	1	4	0.90625
src/test/run-pass/ivec-pass-by-value.rs	19	3	22	0.4688995215311005
src/doc/tarpl/dropck.md	0	3	3	0.7115384615384616
src/librustdoc/plugins.rs	17	3	20	0.6673306772908366
src/test/auxiliary/issue-16643.rs	7	4	11	0.35467980295566504
src/test/compile-fail/issue-24204.rs	2	3	5	0.5423728813559322
src/test/compile-fail-fulldeps/syntax-extension-regex-invalid.rs	3	2	5	0.7848101265822784
src/libcore/stackwalk.rs	12	4	16	0.59
src/test/run-make/error-found-staticlib-instead-crate/bar.rs	4	2	6	0.6153846153846154
src/test/compile-fail/feature-gate-negate-unsigned0.rs	7	3	10	0.6
src/test/compile-fail/variadic-ffi.rs	14	3	17	0.5294117647058824
src/test/compile-fail/simd-type.rs	8	1	9	0.8787878787878788
src/test/compile-fail/doc-before-eof.rs	3	3	6	0.38
src/librustc/ast_map/mod.rs	9	3	12	0.6681222707423581
src/test/compile-fail/borrowck-borrow-mut-object-twice.rs	7	2	9	0.7439024390243902
src/test/run-pass/issue-29948.rs	3	2	5	0.7916666666666666
src/librustc_back/target/powerpc_unknown_linux_gnu.rs	17	3	20	0.4627659574468085
src/test/run-pass/field-destruction-order.rs	3	3	6	0.3595505617977528
src/rt/libuv/src/ares/config_cygwin/ares_config.h	0	4	4	0.5
src/libcore/num/uint_macros.rs	20	4	24	0.5217391304347826
src/libsyntax/ast_util.rs	92	3	95	0.5953561179232977
src/test/compile-fail/coherence-no-direct-lifetime-dispatch.rs	2	3	5	0.7777777777777778
src/doc/style/style/imports.md	5	6	11	0.437125748502994
src/boot/llvm/llabi.ml	0	2	2	0.6666666666666666
src/test/compile-fail-fulldeps/dropck_tarena_cycle_checked.rs	2	4	6	0.5853658536585366
src/test/run-pass/issue-37291/auxiliary/lib.rs	1	2	3	0.5483870967741935
src/test/run-pass/super-fast-paren-parsing.rs	9	5	14	0.47513812154696133
working-with-unsafe.md	0	1	1	1.0
src/test/run-pass-fulldeps/issue-15778-pass.rs	3	2	5	0.5161290322580645
src/test/run-pass/explicit-self-objects-ext-1.rs	5	4	9	0.5918367346938775
src/test/compile-fail/reserved-become.rs	4	4	8	0.45588235294117646
src/test/compile-fail/issue-18611.rs	11	3	14	0.4166666666666667
src/libbacktrace/backtrace.h	9	4	13	0.6176470588235294
src/test/compile-fail/lint-stability.rs	21	3	24	0.5655430711610487
src/test/compile-fail/E0282.rs	1	3	4	0.5094339622641509
src/test/run-pass/variance-iterators-in-libcore.rs	0	5	5	0.6153846153846154
src/librustc/middle/ty/ivar.rs	5	3	8	0.5533980582524272
src/test/parse-fail/tag-variant-disr-non-nullary.rs	3	4	7	0.4117647058823529
src/test/compile-fail/coherence_local.rs	3	3	6	0.4
src/tools/compiletest/src/raise_fd_limit.rs	2	3	5	0.4657534246575342
mk/cfg/x86_64-unknown-linux-musl.mk	10	5	15	0.5333333333333333
src/test/run-pass/issue-7607-2.rs	4	3	7	0.5370370370370371
src/llvmext/RustWrapper.cpp	0	2	2	0.5
src/test/run-pass/task-comm-chan-nil.rs	16	3	19	0.42738589211618255
src/test/compile-fail/anon-obj-overriding-wrong-type.rs	0	3	3	0.6
src/libstd/u64.rs	0	2	2	0.5
src/test/compile-fail/issue-23080.rs	7	4	11	0.56
src/librustdoc/lib.rs	84	3	87	0.5294117647058824
src/test/run-pass/issue-6344-match.rs	7	3	10	0.7558139534883721
src/test/run-pass/aux/issue-14422.rs	0	1	1	1.0
src/libcore/rt/uvll.rs	5	2	7	0.7596153846153846
src/test/run-pass/utf8_chars-istr.rs	0	1	1	1.0
src/test/run-make/intrinsic-unreachable/Makefile	0	3	3	0.8823529411764706
src/test/parse-fail/duplicate-visibility.rs	3	4	7	0.4117647058823529
src/librustuv/addrinfo.rs	9	2	11	0.7361111111111112
src/librustc_trans/trans/mir/block.rs	17	3	20	0.5953565505804311
src/test/run-pass/where-clauses-method.rs	5	2	7	0.6951219512195121
src/test/auxiliary/issue-11508.rs	4	3	7	0.4567901234567901
src/test/compile-fail/method-self-arg-1.rs	11	5	16	0.3704819277108434
src/test/compile-fail/issue-32004.rs	6	5	11	0.5730337078651685
src/libstd/sys/common/remutex.rs	16	5	21	0.5418181818181819
src/test/compile-fail/issue-26948.rs	2	3	5	0.4186046511627907
src/libcore/rt/mod.rs	5	2	7	0.6201117318435754
src/test/run-pass/colorful-write-macros.rs	11	3	14	0.4150326797385621
src/test/bench/shootout/pfib.rs	0	3	3	0.7142857142857143
src/test/run-make/reproducible-build/Makefile	3	4	7	0.38
src/libstd/old_io/extensions.rs	8	3	11	0.41232227488151657
src/test/compile-fail/private-in-public.rs	4	4	8	0.5487804878048781
src/test/auxiliary/privacy-struct-variant.rs	2	1	3	0.9259259259259259
src/doc/book/raw-pointers.md	4	3	7	0.5192307692307693
src/libdebug/reflect.rs	4	2	6	0.7483870967741936
src/test/auxiliary/cgu_export_trait_method.rs	3	3	6	0.44036697247706424
src/test/compile-fail/alt-pattern-field-mismatch-2.rs	6	2	8	0.5
src/test/compile-fail/cfg-attr-invalid-predicate.rs	2	3	5	0.7241379310344828
src/test/run-pass/rtio-processes.rs	5	2	7	0.8673469387755102
src/librustc/infer/region_inference/graphviz.rs	7	6	13	0.41818181818181815
src/libunwind/Cargo.toml	3	3	6	0.43373493975903615
src/boot/util/bits.ml	0	1	1	1.0
src/test/compile-fail/kindck-impl-type-params.rs	12	3	15	0.4458955223880597
src/test/bench/rt/rt-messaging-ping-pong.rs	0	2	2	0.8888888888888888
src/rt/libuv/test/test-tcp-bind6-error.c	0	1	1	1.0
src/librustc_save_analysis/external_data.rs	9	5	14	0.4570446735395189
src/test/run-pass/try-operator-custom.rs	2	4	6	0.43103448275862066
src/liblog/lib.rs	44	3	47	0.4910377358490566
src/test/run-pass/packed-tuple-struct-layout.rs	14	3	17	0.5650557620817844
src/rt/libuv/test/test-stdio-over-pipes.c	0	2	2	0.6
src/test/compile-fail-fulldeps/auxiliary/lint_for_crate.rs	1	3	4	0.38461538461538464
src/test/run-pass/pub-item-inside-macro.rs	4	3	7	0.5108695652173914
src/test/run-pass/crate-attributes-src/foo.rs	0	5	5	0.6363636363636364
src/test/compile-fail/attr-usage-repr.rs	4	4	8	0.5774647887323944
src/librustsyntax/parse/attr.rs	0	4	4	0.375
src/test/compile-fail/regions-close-object-into-object-1.rs	5	3	8	0.5373134328358209
src/test/run-pass/newtype-polymorphic.rs	22	3	25	0.46788990825688076
src/libstd/io/net/udp.rs	20	2	22	0.5699029126213592
src/test/compile-fail/auxiliary/deprecation-lint.rs	0	1	1	1.0
src/libcore/reflect.rs	11	4	15	0.5705882352941176
src/test/run-pass/move-out-of-field.rs	11	3	14	0.5964125560538116
src/test/compile-fail/aux/coherence_inherent_cc_lib.rs	0	1	1	1.0
src/test/compile-fail/lint-ctypes.rs	11	5	16	0.6073825503355704
src/libstd/result.rs	23	1	24	0.8372093023255814
src/test/run-pass/loop-labeled-break-value.rs	4	3	7	0.4117647058823529
src/test/run-pass/issue-17877.rs	6	3	9	0.3583815028901734
src/librustc/ty/util.rs	23	6	29	0.4027504911591356
src/test/compile-fail/empty-linkname2.rs	5	3	8	0.6071428571428571
src/test/run-pass/issue-3389.rs	20	2	22	0.6558139534883721
src/test/compile-fail/cycle-trait-supertrait-direct.rs	2	3	5	0.4090909090909091
src/test/run-pass/union-basic.rs	0	1	1	1.0
src/test/run-pass/attr-shebang.rs	0	4	4	0.7777777777777778
src/test/run-pass/issue-16774.rs	15	3	18	0.41379310344827586
src/test/run-fail/unreachable.rs	4	4	8	0.4915254237288136
src/libcoretest/option.rs	17	3	20	0.46779661016949153
src/rustc/syntax/parse/token.rs	0	3	3	0.3333333333333333
src/test/compile-fail/lex-bad-fp-base-3.rs	3	1	4	0.9
src/rt/libuv/src/win/stdio.c	0	2	2	0.5
src/rustc/middle/typeck/infer/sub.rs	3	6	9	0.28205128205128205
src/test/compile-fail/bad-method-typaram-kind.rs	19	3	22	0.44299674267100975
src/test/auxiliary/issue-33113.rs	3	3	6	0.4155844155844156
src/librustc/middle/typeck.rs	0	4	4	0.5
src/rt/rust_gc_metadata.h	4	2	6	0.6818181818181818
src/test/run-make/linker-output-non-utf8/Makefile	1	2	3	0.8275862068965517
src/test/compile-fail/tag-variant-disr-dup.rs	9	1	10	0.8461538461538461
src/test/auxiliary/svh-uta-base.rs	5	4	9	0.4552238805970149
src/test/run-pass/borrowck-fixed-length-vecs.rs	15	3	18	0.4107142857142857
src/bootstrap/build/mod.rs	9	4	13	0.5572916666666666
src/test/compile-fail/send-is-not-static-std-sync-2.rs	4	4	8	0.3953488372093023
src/libstd/container.rs	9	1	10	0.8627450980392157
src/doc/nomicon/README.md	4	3	7	0.6790123456790124
src/libregex/lib.rs	23	2	25	0.5533428165007113
src/librustc_back/archive.rs	20	3	23	0.41569086651053866
src/test/parse-fail/issue-14303-trait.rs	3	4	7	0.4117647058823529
src/test/run-pass/const-nullary-univariant-enum.rs	13	4	17	0.33079847908745247
src/librustpkg/testsuite/pass/src/install-paths/src/test.rs	0	3	3	0.8333333333333334
src/test/run-pass/aux/issue13507.rs	0	1	1	1.0
src/test/run-make/rustdoc-smoke/foo.rs	7	4	11	0.4496124031007752
src/test/run-pass/issue-23649-1.rs	2	3	5	0.6744186046511628
src/test/run-pass/class-methods.rs	13	3	16	0.38489208633093525
src/test/auxiliary/issue-23207-2.rs	5	3	8	0.37383177570093457
src/test/run-pass/nested-vec-2.rs	3	3	6	0.6388888888888888
src/test/run-pass/impl-trait/example-calendar.rs	1	3	4	0.3870967741935484
src/test/ui/span/issue28498-reject-passed-to-fn.stderr	2	4	6	0.5853658536585366
src/test/rustdoc/auxiliary/inline-default-methods.rs	0	2	2	0.6666666666666666
src/librustc_front/util.rs	9	3	12	0.6036960985626283
src/test/compile-fail/range-4.rs	5	3	8	0.3939393939393939
src/rt/sundown/src/autolink.h	0	2	2	0.9310344827586207
src/test/compile-fail/deriving-field-span-struct.rs	0	2	2	0.8823529411764706
src/libterm/Cargo.toml	2	3	5	0.6229508196721312
src/test/run-pass/impl-not-adjacent-to-type.rs	3	3	6	0.3979591836734694
src/test/compile-fail/regions-infer-borrow-scope-within-loop.rs	18	2	20	0.6209150326797386
src/test/run-pass/aux/cfg_inner_static.rs	0	1	1	1.0
src/libstd/intrinsics.rs	7	1	8	0.879746835443038
src/test/mir-opt/README.md	3	4	7	0.47058823529411764
src/test/compile-fail/simd-intrinsic-generic-comparison.rs	2	3	5	0.5982142857142857
src/test/run-pass/pushpop-unsafe-okay.rs	3	3	6	0.6071428571428571
src/libcore/task/rt.rs	1	6	7	0.46153846153846156
src/libbacktrace/config.h.in	0	3	3	0.875
src/test/run-pass/expr-if-fail-all.rs	12	2	14	0.672
src/libstd/comm/oneshot.rs	2	2	4	0.6242774566473989
src/test/run-pass/reexport-star.rs	13	3	16	0.44274809160305345
src/test/compile-fail/aux/svh-a-base.rs	0	1	1	1.0
src/test/run-pass/trait-inheritance-num.rs	14	4	18	0.6173285198555957
src/libstd/str/ascii.rs	13	2	15	0.755656108597285
src/test/run-fail/unreachable-macro-panic.rs	6	3	9	0.581081081081081
src/libstd/os/nacl/mod.rs	4	4	8	0.5736842105263158
src/librustc/middle/trans/shape.rs	13	4	17	0.610062893081761
src/test/parse-fail/assoc-oddities-1.rs	2	2	4	0.6451612903225806
src/etc/cmathconsts.c	8	2	10	0.693069306930693
src/test/debuginfo/auxiliary/macro-stepping.rs	1	5	6	0.2571428571428571
src/test/compile-fail/issue-2825-b.rs	0	4	4	0.5714285714285714
src/libstd/unstable/finally.rs	11	1	12	0.8943396226415095
src/comp/util/ppaux.rs	12	6	18	0.26717557251908397
src/libstd/os/linux/mod.rs	4	4	8	0.574468085106383
src/rt/libuv/src/uv-common.c	0	3	3	0.5714285714285714
src/rt/arch/mips/gpr.cpp	0	4	4	0.8235294117647058
src/librustc_typeck/variance/terms.rs	10	4	14	0.4076923076923077
src/test/compile-fail/enable-unstable-lib-feature.rs	1	4	5	0.3333333333333333
src/test/run-pass/issue-29147.rs	1	3	4	0.6666666666666666
src/test/ui/codemap_tests/overlapping_spans.stderr	4	4	8	0.4268292682926829
src/test/compile-fail/issue-24081.rs	6	3	9	0.6382978723404256
src/libsyntax/parse/token.rs	104	3	107	0.5381246780010304
src/test/run-pass/simple-generic-match.rs	4	4	8	0.37894736842105264
rust.css	0	1	1	1.0
src/test/debuginfo/self-in-generic-default-method.rs	15	3	18	0.41359773371104813
src/test/run-fail/alt-disc-bot.rs	6	3	9	0.5869565217391305
src/test/parse-fail/pub-method-macro.rs	2	3	5	0.45
src/test/auxiliary/packed.rs	7	3	10	0.6287878787878788
src/libcore/num/dec2flt/mod.rs	10	4	14	0.5738916256157636
src/librustc_trans/trans/type_of.rs	32	4	36	0.464638783269962
src/test/run-pass/aux/issue_2723_a.rs	0	1	1	1.0
src/test/run-pass/issue-4333.rs	8	3	11	0.4418604651162791
SUMMARY.md	0	1	1	1.0
src/test/parse-fail/struct-variant-no-pub.rs	6	3	9	0.5487804878048781
src/test/compile-fail/issue-21153.rs	2	3	5	0.6212121212121212
src/test/run-pass/issue28498-ugeh-with-trait-bound.rs	1	2	3	0.8695652173913043
src/test/run-pass/issue-18232.rs	6	3	9	0.5
src/test/run-pass/issue-25515.rs	2	2	4	0.8571428571428571
src/test/compile-fail/auxiliary/namespaced_enums.rs	1	3	4	0.38461538461538464
src/test/run-pass-valgrind/cleanup-stdin.rs	6	4	10	0.37777777777777777
src/comp/middle/check_const.rs	7	5	12	0.2857142857142857
src/librustc/traits/specialize/mod.rs	11	6	17	0.4196078431372549
src/test/compile-fail/trait-suggest-where-clause.rs	8	5	13	0.48066298342541436
src/test/run-make/link-path-order/correct.c	4	3	7	0.38961038961038963
src/rt/arch/i386/context.h	2	8	10	0.23529411764705882
src/doc/trpl/patterns.md	15	4	19	0.5504032258064516
src/librustc/middle/traits/error_reporting.rs	23	4	27	0.45966386554621846
src/rt/libuv/src/ares/ares_cancel.c	0	3	3	0.6
src/test/debug-info/multiple-functions-equal-var-names.rs	10	1	11	0.9202898550724637
src/test/compile-fail/closure-bounds-subtype.rs	16	3	19	0.5874125874125874
src/test/run-pass/static-function-pointer-xc.rs	8	3	11	0.53125
src/test/compile-fail/lex-int-lit-too-large-2.rs	3	1	4	0.926829268292683
src/test/run-pass/check-static-mut-slices.rs	5	4	9	0.3422818791946309
src/test/compile-fail/union-field-privacy.rs	0	1	1	1.0
src/test/debuginfo/packed-struct-with-destructor.rs	11	3	14	0.5212765957446809
src/rustdoc/demo.rs	6	6	12	0.3269230769230769
src/test/run-pass/macro-by-example-2.rs	4	5	9	0.2916666666666667
src/rustc/middle/typeck/infer/region_var_bindings.rs	4	6	10	0.21568627450980393
src/test/compile-fail/tag-that-dare-not-speak-its-name.rs	17	4	21	0.5477031802120141
src/test/run-fail/out-of-stack-owned-box.rs	0	6	6	0.4666666666666667
src/test/run-pass/issue-687.rs	9	5	14	0.3709677419354839
src/test/run-pass/binary-heap-panic-safe.rs	7	3	10	0.6682692307692307
src/test/run-pass/issue4516_ty_param.rs	3	3	6	0.6538461538461539
src/test/compile-fail/lint-unknown-feature.rs	1	4	5	0.5185185185185185
src/doc/trpl/method-syntax.md	20	4	24	0.4806094182825485
src/doc/trpl/advanced.md	5	2	7	0.7164179104477612
src/librustc/infer/equate.rs	6	5	11	0.3385416666666667
src/test/run-pass-fulldeps/proc-macro/derive-same-struct.rs	0	3	3	0.3333333333333333
src/libstd/io.rs	35	1	36	0.753577106518283
src/libstd/int.rs	0	1	1	1.0
src/test/compile-fail/warn-path-statement.rs	11	3	14	0.41509433962264153
src/test/compile-fail/wf-array-elem-sized.rs	3	3	6	0.7586206896551724
src/libsyntax/ext/proc_macro_shim.rs	7	4	11	0.39823008849557523
src/test/compile-fail/send-is-not-static-ensures-scoping.rs	10	4	14	0.39195979899497485
src/libstd/rt/comm.rs	19	2	21	0.7886710239651417
src/rt/libuv/include/uv-private/ev.h	0	2	2	0.75
src/test/run-pass/trivial-message.rs	19	2	21	0.5703125
src/test/run-pass/issue-4541.rs	17	3	20	0.6060606060606061
src/test/compile-fail/regions-assoc-type-in-supertrait-outlives-container.rs	4	3	7	0.4175824175824176
src/test/compile-fail/feature-gate-relaxed-adts-2.rs	2	3	5	0.3880597014925373
src/libstd/old_io/net/pipe.rs	8	3	11	0.3869047619047619
src/test/run-pass/issue-29522.rs	2	2	4	0.6333333333333333
src/test/run-pass/trait-inheritance-overloading.rs	16	2	18	0.43597560975609756
src/test/auxiliary/plugin_args.rs	12	4	16	0.33783783783783783
src/test/run-pass/const-enum-byref-self.rs	12	4	16	0.40772532188841204
src/test/pretty/stmt_expr_attributes.rs	1	3	4	0.7272727272727273
src/rt/jemalloc/src/mb.c	0	5	5	0.7777777777777778
src/libstd/bool.rs	20	3	23	0.7447306791569087
src/test/run-pass/obj-drop.rs	0	4	4	0.5555555555555556
src/test/run-make/unicode-input/Makefile	6	3	9	0.6304347826086957
src/test/compile-fail/private-variant-xc.rs	7	1	8	0.8777777777777778
src/test/ui/compare-method/region.stderr	0	1	1	1.0
src/rt/rust_exchange_alloc.cpp	4	2	6	0.8356164383561644
src/test/compile-fail/changing-crates.rs	8	2	10	0.6504854368932039
src/test/run-pass/self-re-assign.rs	9	3	12	0.5611814345991561
src/rustdoc_ng/passes.rs	0	3	3	0.8529411764705882
mk/libuv/x86_64/unix/freebsd/Makefile	0	6	6	0.5
src/test/compile-fail/regionck-unboxed-closure-lifetimes.rs	15	3	18	0.4773662551440329
src/test/compile-fail/issue-16725.rs	4	3	7	0.5121951219512195
src/test/run-pass/issue-29663.rs	5	2	7	0.7142857142857143
src/test/rustdoc/issue-30366.rs	2	3	5	0.5576923076923077
src/test/compile-fail/issue-32086.rs	6	4	10	0.4782608695652174
src/test/compile-fail/E0106.rs	2	5	7	0.40707964601769914
src/libstd/sys/unix/backtrace/printing/dladdr.rs	3	2	5	0.8297872340425532
src/librustc/middle/lang_items.rs	58	3	61	0.5681104833647207
src/test/run-make/dylib-chain/Makefile	2	2	4	0.7111111111111111
src/test/compile-fail/issue-10291.rs	9	4	13	0.484304932735426
src/test/parse-fail/removed-syntax-with-2.rs	7	4	11	0.56
src/test/compile-fail/resolve-conflict-import-vs-import.rs	4	3	7	0.6
src/doc/nomicon/dot-operator.md	0	3	3	0.6923076923076923
src/test/run-pass/issue-5060.rs	12	3	15	0.6411764705882353
src/rustc/syntax/parse/lexer.rs	0	5	5	0.3333333333333333
doc/guide-container.md	6	1	7	0.873015873015873
src/librustc_trans/trans/mir/drop.rs	2	3	5	0.5686274509803921
doc/po/tutorial-macros.md.pot	5	1	6	0.9
src/test/run-pass/if-check-precond.rs	0	8	8	0.2631578947368421
src/test/run-pass/match-join.rs	6	3	9	0.6521739130434783
src/test/compile-fail/issue-15524.rs	10	3	13	0.4787234042553192
mk/libuv/x86_64/freebsd/src/libuv/uv.target.mk	0	5	5	0.2
src/test/run-pass/auxiliary/fn-abi.rs	0	1	1	1.0
src/libcore/num/wrapping.rs	21	4	25	0.5207439198855508
src/test/run-pass/borrowck-lend-args.rs	9	3	12	0.5185185185185185
src/test/compile-fail/E0192.rs	1	4	5	0.6530612244897959
src/test/auxiliary/issue-12133-rlib.rs	4	3	7	0.5319148936170213
src/doc/style/features/functions-and-methods/README.md	5	6	11	0.39520958083832336
src/rt/libuv/src/unix/eio/config_darwin.h	0	1	1	1.0
src/test/compile-fail/pat-slice-old-style.rs	4	3	7	0.5365853658536586
src/test/run-fail/out-of-stack-managed-box.rs	0	6	6	0.4666666666666667
src/test/rustdoc/union.rs	3	3	6	0.5116279069767442
src/test/run-pass/aux/const_fn_lib.rs	0	1	1	1.0
src/librustc_trans/trans/debuginfo/namespace.rs	10	4	14	0.559228650137741
src/rustbook/main.rs	16	3	19	0.3553615960099751
src/test/compile-fail/type-ascription-precedence.rs	4	2	6	0.7027027027027027
src/librustc_borrowck/borrowck/mir/patch.rs	6	7	13	0.43601895734597157
src/doc/trpl/compiler-plugins.md	8	4	12	0.6111111111111112
src/test/codegen-units/partitioning/methods-are-with-self-type.rs	4	3	7	0.5714285714285714
src/librustc_trans/trans/asm.rs	22	4	26	0.4238156209987196
src/test/run-pass/aux/issue-11225-1.rs	0	1	1	1.0
src/librustc_trans/type_.rs	7	6	13	0.4484848484848485
src/test/run-pass/macro-path.rs	11	3	14	0.4036144578313253
src/test/compile-fail/gated-concat_idents.rs	0	3	3	0.8
src/rt/jemalloc/doc/jemalloc.3	3	2	5	0.8
src/test/run-pass/auxiliary/empty-struct.rs	2	3	5	0.37142857142857144
src/libstd/collections/mod.rs	30	3	33	0.43471462079749806
src/test/compile-fail/import-ty-params.rs	2	3	5	0.6153846153846154
src/test/parse-fail/attr-before-eof.rs	3	4	7	0.4
src/doc/trpl/structs.md	7	4	11	0.49606299212598426
src/test/run-pass/issue-17351.rs	5	3	8	0.5411764705882353
src/test/debuginfo/issue7712.rs	5	3	8	0.4166666666666667
src/librustc/middle/resolve_stage0.rs	7	2	9	0.8055555555555556
src/test/compile-fail/issue-2611-4.rs	18	3	21	0.4949748743718593
src/test/run-pass/reexport-should-still-link.rs	8	3	11	0.5923566878980892
src/libstd/lib.rs	90	4	94	0.5192081536652293
src/rt/libuv/src/eio/libeio.m4	0	3	3	0.3333333333333333
src/libsyntax/parse/lexer.rs	48	1	49	0.7225433526011561
src/libextra/net.rs	0	3	3	0.875
src/test/run-pass/intrinsic-assume.rs	6	3	9	0.41333333333333333
src/bootstrap/metadata.rs	0	2	2	0.5555555555555556
src/doc/nomicon/vec-into-iter.md	0	3	3	0.6923076923076923
src/libregex/testdata/README	2	4	6	0.5686274509803921
src/test/run-pass/exec-env.rs	18	5	23	0.42394822006472493
src/test/run-pass/volatile-fat-ptr.rs	3	3	6	0.46511627906976744
src/rt/rust_box_annihilator.h	0	3	3	0.7142857142857143
src/test/compile-fail/deriving-span-Clone-tuple-struct.rs	5	3	8	0.75
src/libproc_macro/parse.rs	6	4	10	0.37623762376237624
src/test/codegen-units/trait-implementations.rs	2	3	5	0.4793388429752066
src/test/auxiliary/macro_crate_outlive_expansion_phase.rs	5	1	6	0.9054054054054054
src/test/run-pass/expr-match-panic-all.rs	4	3	7	0.3894736842105263
mk/libuv/x86_64/unix/src/libuv/run-benchmarks.target.mk	0	3	3	0.3333333333333333
src/test/auxiliary/i8.rs	6	3	9	0.3684210526315789
src/librustc_back/target/aarch64_unknown_fuchsia.rs	4	3	7	0.627906976744186
src/libsyntax/codemap.rs	86	3	89	0.5250885478158206
src/doc/trpl/academic-research.md	7	3	10	0.5539568345323741
src/rt/jemalloc/config.guess	0	5	5	0.7777777777777778
src/test/compile-fail/borrowck-closures-two-mut.rs	10	3	13	0.4318181818181818
mk/cfg/aarch64-linux-android.mk	9	4	13	0.5023041474654378
src/test/run-pass/issue-36278-prefix-nesting.rs	3	4	7	0.5869565217391305
src/librustc_data_structures/obligation_forest/tree_index.rs	3	3	6	0.6804123711340206
src/test/run-pass/aux/blind-item-mixed-crate-use-item-foo2.rs	0	1	1	1.0
src/test/compile-fail/specialization-no-default.rs	0	1	1	1.0
src/test/run-pass/explicit-self-objects-simple.rs	9	2	11	0.703125
src/test/compile-fail/E0499.rs	0	5	5	0.32608695652173914
src/comp/middle/tstate/annotate.rs	8	7	15	0.19736842105263158
src/test/run-pass/issue-18913.rs	0	3	3	0.8666666666666667
src/test/ui/span/E0057.rs	4	4	8	0.4772727272727273
src/test/run-pass/tls-dtors-are-run-in-a-static-binary.rs	3	3	6	0.6865671641791045
src/test/compile-fail/class-implements-bad-trait.rs	5	3	8	0.46296296296296297
src/etc/platform-intrinsics/x86/bmi2.json	5	3	8	0.46938775510204084
src/test/rustdoc/recursion2.rs	3	3	6	0.6764705882352942
src/librustc_errors/diagnostic.rs	0	3	3	0.6052631578947368
src/test/compile-fail/wf-trait-associated-type-trait.rs	4	2	6	0.7666666666666667
src/libcore/iter/iterator.rs	15	5	20	0.4947089947089947
src/librustc_trans/debuginfo/type_names.rs	9	6	15	0.3776041666666667
src/libstd/at_vec.rs	19	1	20	0.8347107438016529
src/libstd/std.rs	17	1	18	0.8529411764705882
src/test/compile-fail/arc-cant-nest-rw-arc-3177.rs	9	1	10	0.8032786885245902
src/test/compile-fail/writing-to-immutable-vec.rs	14	5	19	0.5522388059701493
src/test/compile-fail/issue-22034.rs	9	3	12	0.5575757575757576
src/test/run-pass/issue-3847.rs	8	3	11	0.4225352112676056
src/test/run-pass/box-annihilator-unique.rs	0	6	6	0.2857142857142857
src/test/compile-fail/coerce-expect-unsized-ascribed.rs	4	2	6	0.7027027027027027
src/test/compile-fail/issue-32797.rs	2	3	5	0.56
src/rt/sync/lock_and_signal.cpp	11	5	16	0.25757575757575757
src/test/compile-fail/output-type-mismatch.rs	6	3	9	0.5217391304347826
src/test/codegen/drop.rs	3	6	9	0.5673758865248227
src/test/run-pass/test-should-fail-good-message.rs	10	5	15	0.32116788321167883
src/test/run-pass/arith-1.rs	13	4	17	0.5522388059701493
src/test/rustdoc/aux/issue-17476.rs	0	1	1	1.0
src/libstd/os/sunos/mod.rs	0	1	1	1.0
src/test/parse-fail/byte-string-literals.rs	7	4	11	0.44525547445255476
src/libextra/bitv.rs	29	1	30	0.8158844765342961
src/test/compile-fail/obsolete-proc.rs	4	4	8	0.3870967741935484
src/test/compile-fail/removed-syntax-record.rs	7	3	10	0.4728682170542636
src/rt/rust_upcall.h	6	3	9	0.65
src/test/compile-fail/borrowck-swap-mut-base-ptr.rs	11	2	13	0.4939759036144578
src/test/run-fail/unwind-partial-box.rs	10	2	12	0.8013245033112583
mk/cfg/arm-apple-ios.mk	2	1	3	0.92
src/libstd/sys/unix/os_str.rs	11	3	14	0.44562334217506633
src/librustc_trans/trans/cabi_mips.rs	9	5	14	0.3727598566308244
src/test/compile-fail/while-expr.rs	0	6	6	0.2857142857142857
src/libcore/core	0	3	3	0.875
src/doc/book/bibliography.md	3	3	6	0.5211267605633803
src/rustc/middle/trans/datum.rs	0	8	8	0.1875
src/test/ui/mismatched_types/issue-35030.rs	4	3	7	0.6097560975609756
src/test/compile-fail/borrowck/borrowck-escaping-closure-error-1.rs	1	3	4	0.45652173913043476
src/test/rustdoc/aux/issue-20646.rs	0	1	1	1.0
src/libcore/num/flt2dec/strategy/dragon.rs	9	4	13	0.596
src/libcore/rt/local_heap.rs	3	2	5	0.6896551724137931
src/libsyntax/ext/deriving/encodable.rs	43	3	46	0.5780821917808219
src/test/run-fail/expr-match-panic-fn.rs	5	5	10	0.3854166666666667
src/libstd/io/net/unix.rs	10	2	12	0.8220720720720721
src/test/parse-fail/struct-literal-in-if.rs	9	3	12	0.6127167630057804
src/test/compile-fail/on-unimplemented/multiple-impls.rs	6	4	10	0.43537414965986393
src/test/run-pass/issue-22864-2.rs	4	3	7	0.6285714285714286
src/test/run-make/no-builtins-lto/Makefile	2	3	5	0.576271186440678
src/test/run-pass-fulldeps/plugin-link-does-resolve.rs	2	3	5	0.5614035087719298
src/test/compile-fail/borrow-immutable-upvar-mutation.rs	5	3	8	0.4444444444444444
src/test/run-pass-fulldeps/proc-macro/auxiliary/append-impl.rs	0	3	3	0.3333333333333333
src/etc/emacs/run_rust_emacs_tests.sh	5	2	7	0.6923076923076923
src/librustc_incremental/calculate_svh/def_path_hash.rs	1	5	6	0.3953488372093023
src/test/codegen/refs.rs	4	6	10	0.46153846153846156
mk/libuv/ia32/win/src/libuv/run-tests.target.mk	0	6	6	0.5
doc/po/tutorial-container.md.pot	8	1	9	0.8817204301075269
src/libstd/num/f32.rs	60	4	64	0.5923013245033113
src/test/compile-fail/removed-syntax-with-2.rs	4	3	7	0.5396825396825397
src/libcollections/vec_map.rs	32	3	35	0.38926174496644295
src/test/compile-fail/E0365.rs	2	3	5	0.3918918918918919
src/libstd/sys/unix/ext.rs	7	3	10	0.3577512776831346
src/test/run-pass/default_ty_param_type_alias.rs	2	3	5	0.7560975609756098
src/doc/trpl/syntax-index.md	5	3	8	0.7040816326530612
src/test/compile-fail/deriving-bounds.rs	5	3	8	0.5895522388059702
src/test/stdtest/tempfile.rs	0	4	4	0.25
src/test/auxiliary/issue-18711.rs	8	3	11	0.45864661654135336
src/test/auxiliary/issue-29485.rs	3	3	6	0.46938775510204084
src/test/run-pass/issue-15562.rs	6	3	9	0.44881889763779526
src/test/rustdoc/issue-15318-3.rs	2	3	5	0.4782608695652174
src/libbacktrace/gstdint.h	5	2	7	0.7708333333333334
src/libstd/reference.rs	4	1	5	0.875
src/etc/emacs/rust-mode-tests.el	6	3	9	0.6820809248554913
src/test/run-pass/issue-30490.rs	4	5	9	0.3652173913043478
src/test/parse-fail/column-offset-1-based.rs	7	4	11	0.5
src/libcollectionstest/bit/vec.rs	6	4	10	0.5364806866952789
src/test/run-pass/for-loop-no-std.rs	7	3	10	0.47619047619047616
src/libstd/rt/uv/addrinfo.rs	3	2	5	0.84
src/etc/test-float-parse/rand-f64.rs	3	2	5	0.8653846153846154
src/doc/trpl/standard-input.md	8	5	13	0.4063745019920319
src/rt/rust_rng.cpp	3	2	5	0.8545454545454545
src/test/compile-fail/lint-renamed-allow.rs	4	3	7	0.5384615384615384
src/test/run-make/extern-flag-disambiguates/d.rs	5	3	8	0.7272727272727273
src/test/compile-fail/resolve-inconsistent-names.rs	7	4	11	0.36538461538461536
src/test/run-make/mismatching-target-triples/foo.rs	7	3	10	0.5074626865671642
src/test/compile-fail/issue-3820.rs	9	1	10	0.7934782608695652
src/test/parse-fail/trait-bounds-not-on-impl.rs	6	4	10	0.3609022556390977
src/rt/arch/mips/ccall.S	3	2	5	0.8727272727272727
src/test/compile-fail/issue-17718-recursive.rs	2	2	4	0.8157894736842105
src/test/run-fail/explicit-panic.rs	4	4	8	0.4915254237288136
src/test/compile-fail/feature-gate-cfg-target-vendor.rs	1	3	4	0.7142857142857143
src/librustc_llvm/ffi.rs	12	4	16	0.3684210526315789
src/test/run-fail/crust-fail.rs	0	3	3	0.5555555555555556
src/test/compile-fail/regions-nested-fns-2.rs	11	4	15	0.5204918032786885
src/test/parse-fail/removed-syntax-fn-sigil.rs	3	4	7	0.4117647058823529
src/test/compile-fail/str-mut-idx.rs	7	3	10	0.46107784431137727
src/test/compile-fail/import-from-missing.rs	16	4	20	0.4634146341463415
src/test/run-pass/class-separate-impl.rs	26	3	29	0.5565217391304348
src/test/run-pass/builtin-superkinds-capabilities-transitive.rs	9	3	12	0.5171102661596958
src/test/ui/did_you_mean/issue-36798.rs	2	4	6	0.40425531914893614
src/test/compile-fail/borrowck-while-cond.rs	3	3	6	0.5277777777777778
src/libstd/rtdeps.rs	24	4	28	0.5419161676646707
src/libcore/rt/uv/async.rs	0	1	1	1.0
src/test/debuginfo/lexical-scope-with-macro.rs	16	3	19	0.4226415094339623
src/librustc_llvm/diagnostic.rs	21	4	25	0.44954128440366975
src/test/run-pass/block-explicit-types.rs	14	3	17	0.5318181818181819
src/test/run-pass/multi.rc	0	6	6	0.38461538461538464
src/test/run-make/crate-data-smoke/crate.rs	4	2	6	0.8879310344827587
src/test/run-make/graphviz-flowgraph/f02.dot-expected.dot	3	2	5	0.7222222222222222
src/test/compile-fail/E0536.rs	2	4	6	0.4069767441860465
src/test/run-fail/overflowing-simd-rsh-2.rs	4	2	6	0.8448275862068966
src/test/auxiliary/struct-variant-xc-aux.rs	0	1	1	1.0
src/test/run-pass/objects-coerce-freeze-borrored.rs	5	3	8	0.38596491228070173
src/test/run-pass/issue-2428.rs	13	4	17	0.47540983606557374
src/test/compile-fail/object-safety-issue-22040.rs	4	4	8	0.5229357798165137
src/rt/intrinsics/intrinsics.i386.ll.in	2	3	5	0.5714285714285714
src/test/debuginfo/struct-with-destructor.rs	10	3	13	0.47619047619047616
src/doc/tarpl/vec-final.md	0	3	3	0.7435897435897436
src/test/run-pass/aux/cci_class_cast.rs	0	1	1	1.0
src/librustdoc/html/static/rustdoc.css	20	5	25	0.4845360824742268
src/test/compile-fail/bad-match.rs	6	3	9	0.44554455445544555
src/test/parse-fail/require-parens-for-chained-comparison.rs	3	4	7	0.4117647058823529
src/test/compile-fail/infinite-autoderef.rs	5	2	7	0.6219512195121951
src/comp/middle/capture.rs	0	7	7	0.3888888888888889
src/test/run-pass/issue-8044.rs	9	3	12	0.5721649484536082
src/test/run-pass/enum-null-pointer-opt.rs	10	4	14	0.39901477832512317
src/doc/style/ownership/builders.md	8	5	13	0.4559386973180077
src/libcore/rand/ziggurat_tables.rs	3	2	5	0.7916666666666666
src/test/compile-fail/removed-syntax-priv-group.rs	1	1	2	0.96
src/libcore/iter/traits.rs	15	6	21	0.42822966507177035
src/test/run-pass/lib-task.rs	0	4	4	0.36363636363636365
src/librustc_unicode/lib.rs	19	4	23	0.5880794701986755
src/test/run-pass/issue-23442.rs	1	2	3	0.8484848484848485
src/test/compile-fail-fulldeps/rustc-macro/feature-gate-1.rs	4	4	8	0.5694444444444444
src/test/auxiliary/private_variant_xc.rs	7	1	8	0.88
src/bootstrap/channel.rs	0	1	1	1.0
src/rustc/middle/trans/expr.rs	3	6	9	0.22807017543859648
src/test/compile-fail/unsafe-const-fn.rs	6	3	9	0.525974025974026
src/test/run-pass/module-polymorphism2.rc	0	7	7	0.4666666666666667
src/libextra/flatpipes.rs	14	1	15	0.8436363636363636
src/test/compile-fail/vec-pinned-nocopy.rs	0	2	2	0.5
src/test/compile-fail/union/union-lint-dead-code.rs	3	3	6	0.75
src/test/run-pass/cast.rs	12	3	15	0.35348837209302325
mk/libuv/win/src/rt/libuv/run-tests.target.mk	0	3	3	0.3333333333333333
src/test/run-make/extern-fn-with-union/testcrate.rs	4	3	7	0.6229508196721312
src/test/rustdoc/issue-23812.rs	3	2	5	0.5576923076923077
src/comp/middle/tstate/tritv.rs	4	6	10	0.2
src/test/debuginfo/borrowed-unique-basic.rs	11	3	14	0.4805194805194805
src/test/compile-fail/fn-bare-bind.rs	0	6	6	0.4444444444444444
src/librustc/middle/typeck/infer/resolve.rs	21	3	24	0.614853195164076
src/librustpkg/testsuite/pass/src/fancy-lib/src/fancy-lib.rs	0	3	3	0.8333333333333334
src/test/parse-fail/wrong-escape-of-curly-braces.rs	4	2	6	0.575
src/test/compile-fail/issue-24352.rs	5	4	9	0.5142857142857142
src/test/run-pass/borrowck-assign-to-subfield.rs	7	3	10	0.3564356435643564
src/test/run-make/issue-33329/Makefile	4	4	8	0.5
src/test/run-pass/issue-4464.rs	6	3	9	0.4365482233502538
src/test/codegen-units/function-as-argument.rs	1	3	4	0.5925925925925926
src/librustpkg/testsuite/pass/src/simple-lib/src/foo.rs	2	1	3	0.9130434782608695
src/test/compile-fail/macro_undefined.rs	2	3	5	0.7777777777777778
src/rustc/middle/trans/inline.rs	2	6	8	0.2857142857142857
src/test/run-pass/cleanup-shortcircuit.rs	15	3	18	0.5063291139240507
src/test/run-pass/allocator-override.rs	6	3	9	0.6842105263157895
src/test/compile-fail/dep-graph-struct-signature.rs	3	3	6	0.6206896551724138
src/test/run-make/invalid-library/Makefile	0	3	3	0.6
src/librustc/hir/pat_util.rs	12	5	17	0.46733668341708545
src/doc/trpl/internals.md	0	1	1	1.0
src/test/run-pass/auto_serialize_rec.rs	0	1	1	1.0
src/test/compile-fail/move-fragments-6.rs	5	3	8	0.5657894736842105
src/rustc/Cargo.lock	22	5	27	0.491025641025641
src/test/run-pass/mod_file_aux.rs	7	3	10	0.3
src/test/compile-fail/issue-17718-const-privacy.rs	7	4	11	0.5283018867924528
src/test/run-pass/mod_dir_simple/load_another_mod.rs	1	3	4	0.8275862068965517
src/test/compile-fail/regions-trait-1.rs	18	3	21	0.5257352941176471
src/libstd/io/error.rs	25	4	29	0.528281750266809
src/rustc/middle/lang_items.rs	4	6	10	0.27586206896551724
src/test/compile-fail/mir-dataflow/inits-1.rs	5	5	10	0.4095238095238095
src/librustc_back/target/mipsel_unknown_linux_gnu.rs	17	4	21	0.49056603773584906
src/test/run-make/rustdoc-must-use/lib.rs	1	3	4	0.7557251908396947
src/test/run-pass/opt-out-copy.rs	3	2	5	0.5
src/test/run-pass/where-clause-bounds-inconsistency.rs	6	3	9	0.610738255033557
src/lib/GetOpts.rs	0	2	2	0.75
src/librustc_front/lib.rs	10	3	13	0.5939597315436241
src/librustc_typeck/variance/README.md	5	4	9	0.5104166666666666
src/test/auxiliary/issue-16822.rs	5	4	9	0.35051546391752575
src/librustc_data_structures/accumulate_vec.rs	3	3	6	0.5714285714285714
src/comp/middle/trans/closure.rs	5	3	8	0.5365853658536586
src/libstd/sys/unix/thread.rs	40	4	44	0.4445993031358885
src/test/compile-fail/borrowck-loan-blocks-move.rs	11	5	16	0.5378151260504201
src/test/compile-fail/regions-trait-object-subtyping.rs	4	3	7	0.552
src/test/run-make/graphviz-flowgraph/f06.rs	1	3	4	0.8064516129032258
src/test/compile-fail/move-based-on-type-tuple.rs	5	4	9	0.48
src/rustc/back/rpath.rs	4	9	13	0.2777777777777778
src/libproc_macro/Cargo.toml	6	4	10	0.37623762376237624
src/test/run-make/c-link-to-rust-dylib/Makefile	7	3	10	0.6582278481012658
src/test/run-pass/unboxed-closures-sugar-object.rs	11	3	14	0.3404255319148936
src/test/codegen/virtual-method-call-struct-return.rs	5	3	8	0.6
src/rt/rust_sched_driver.h	2	4	6	0.4482758620689655
src/test/run-pass/simple-generic-tag.rs	6	5	11	0.5
src/test/run-pass/aux/svh-a-redundant-cfg.rs	0	1	1	1.0
src/test/auxiliary/augmented_assignments.rs	4	3	7	0.515625
src/test/run-pass/associated-types-duplicate-binding-in-env-hrtb.rs	4	3	7	0.41975308641975306
src/test/run-fail/fail-task-name-static.rs	8	2	10	0.7730496453900709
src/test/run-pass/issue-21350.rs	8	4	12	0.3184713375796178
src/test/compile-fail/E0035.rs	4	3	7	0.5054945054945055
src/lib/List.rs	0	1	1	1.0
src/test/run-pass/aux/go_trait.rs	0	1	1	1.0
src/test/run-pass/macro-pat-follow.rs	5	3	8	0.5517241379310345
src/test/run-make/graphviz-flowgraph/f03.rs	6	2	8	0.6896551724137931
src/test/run-pass/signed-shift-const-eval.rs	11	4	15	0.3114754098360656
src/test/rustdoc/inline_cross/inline_hidden.rs	2	3	5	0.6304347826086957
src/test/run-pass/rename-directory.rs	16	3	19	0.4788732394366197
src/comp/middle/trans/shape.rs	0	4	4	0.6
src/test/compile-fail/issue-17431-1.rs	5	3	8	0.6407766990291263
src/test/run-pass/bytes-macro-static.rs	1	2	3	0.851063829787234
src/test/compile-fail/regions-infer-region-in-fn-but-not-type.rs	5	3	8	0.5284552845528455
src/test/stdtest/deque.rs	3	5	8	0.2916666666666667
src/test/run-pass/task-life-0.rs	22	4	26	0.5137844611528822
src/rt/jemalloc/test/mremap.exp	0	5	5	0.7777777777777778
src/test/run-pass/autoderef-full-lval.rs	0	7	7	0.2222222222222222
src/liballoc/util.rs	3	2	5	0.6515151515151515
src/test/run-pass/issue-25757.rs	4	5	9	0.4805194805194805
src/test/compile-fail/issue-17001.rs	6	3	9	0.6929824561403509
src/rt/util/hash_map.h	0	9	9	0.25
src/librustc_borrowck/borrowck/mir/elaborate_drops.rs	16	5	21	0.4269005847953216
src/test/compile-fail/break-uninit2.rs	0	9	9	0.1875
mk/autodep.mk	0	3	3	0.5714285714285714
src/test/debug-info/function-arg-initialization.rs	6	1	7	0.9139784946236559
src/test/rustdoc/module-impls.rs	3	3	6	0.5581395348837209
src/test/compile-fail/tstate-while-break.rs	0	6	6	0.3333333333333333
src/test/compile-fail/issue-28325.rs	0	1	1	1.0
src/test/compile-fail/borrowck/borrowck-box-insensitivity.rs	6	5	11	0.43859649122807015
src/test/compile-fail/deriving-span-Default-tuple-struct.rs	5	3	8	0.75
src/test/run-fail/native-failure.rs	6	2	8	0.7288135593220338
src/test/run-pass/issue-16492.rs	8	5	13	0.3916083916083916
src/test/compile-fail/on-unimplemented-bad-anno.rs	6	3	9	0.4365079365079365
src/test/compile-fail/lex-no-valid-digits-2.rs	3	1	4	0.926829268292683
src/test/parse-fail/keyword-else-as-identifier.rs	6	3	9	0.5333333333333333
src/librustdoc/test.rs	68	4	72	0.5195415809579782
src/test/compile-fail/const-fn-destructuring-arg.rs	3	3	6	0.5454545454545454
src/librustc_trans/cabi_s390x.rs	5	5	10	0.47
src/rt/libuv/src/ares/ares_parse_aaaa_reply.c	0	4	4	0.5
src/lib/dbg.rs	4	6	10	0.21875
src/test/auxiliary/stability_cfg1.rs	4	5	9	0.5
src/test/compile-fail-fulldeps/rustc-macro/auxiliary/derive-unstable.rs	4	4	8	0.5694444444444444
src/librustc/middle/ty/flags.rs	7	3	10	0.5548387096774193
src/test/run-pass/issue-20971.rs	0	1	1	1.0
src/test/run-pass/issue-3563.rs	0	4	4	0.5714285714285714
src/test/compile-fail/default_ty_param_conflict.rs	4	3	7	0.5643564356435643
src/doc/tarpl/unbounded-lifetimes.md	0	3	3	0.7435897435897436
src/librustc_typeck/variance/mod.rs	7	4	11	0.4947916666666667
src/test/compile-fail/vector-no-ann-2.rs	0	1	1	1.0
src/libcollectionstest/binary_heap.rs	17	3	20	0.5120481927710844
src/test/run-pass/explicit-self-closures.rs	12	4	16	0.4536082474226804
src/doc/style/todo.md	4	6	10	0.2111111111111111
src/test/run-make/bootstrap-from-c-with-uvio/lib.rs	3	1	4	0.9166666666666666
src/libcore/rt/uv/net.rs	7	2	9	0.703125
src/test/compile-fail/issue-4968.rs	19	3	22	0.5763358778625954
src/test/compile-fail/lex-bad-fp-base-4.rs	3	1	4	0.9032258064516129
src/librustdoc/core.rs	52	4	56	0.5604437643458301
src/test/run-pass/pub-method-inside-macro.rs	4	3	7	0.53125
src/test/compile-fail/trailing-plus-in-bounds.rs	6	3	9	0.4152542372881356
src/librustc_const_math/float.rs	3	4	7	0.5111111111111111
src/test/compile-fail/liveness-move-in-while.rs	10	3	13	0.75
src/bootstrap/Cargo.lock	11	5	16	0.49441340782122906
src/test/auxiliary/fat_drop.rs	3	4	7	0.4158415841584158
src/libserialize/json_stage0.rs	2	2	4	0.7763157894736842
src/test/stdtest/bitv.rs	0	6	6	0.5
src/librustc_errors/styled_buffer.rs	9	2	11	0.484375
src/test/compile-fail/trait-safety-inherent-impl.rs	0	4	4	0.4444444444444444
src/test/compile-fail/issue-30438-a.rs	3	2	5	0.8148148148148148
src/test/compile-fail/gated-non-ascii-idents.rs	12	2	14	0.6013986013986014
src/test/run-fail/borrowck-wg-imm-then-mut.rs	3	2	5	0.9
src/test/compile-fail/E0008.rs	3	4	7	0.3391304347826087
src/test/run-pass/autoref-intermediate-types-issue-3585.rs	15	3	18	0.5040431266846361
src/librustc/front/assign_node_ids.rs	5	1	6	0.9315068493150684
src/test/run-fail/panic-task-name-owned.rs	14	5	19	0.4051094890510949
src/test/compile-fail/custom_attribute.rs	7	3	10	0.3695652173913043
src/tools/compiletest/src/errors.rs	6	3	9	0.37623762376237624
src/test/compile-fail/keyword-fn-as-identifier.rs	2	3	5	0.3275862068965517
src/test/ui/span/E0537.stderr	2	4	6	0.48
src/librustdoc/prune_private_pass.rs	12	4	16	0.6464646464646465
src/test/run-pass/issue-5243.rs	6	3	9	0.4215686274509804
src/test/compile-fail/E0178.rs	3	5	8	0.40869565217391307
src/doc/nomicon/poisoning.md	0	3	3	0.6923076923076923
src/rt/rust_stack.h	6	2	8	0.6065573770491803
src/test/run-pass/variadic-ffi.rs	17	3	20	0.3951890034364261
src/test/run-pass/issue-3556.rs	20	2	22	0.6510416666666666
src/test/run-pass/extern-pass-u32.rs	9	3	12	0.5151515151515151
src/libstd/sys/unix/pipe2.rs	4	2	6	0.5714285714285714
src/libstd/rt/mpmc_bounded_queue.rs	4	1	5	0.8524590163934426
src/test/run-pass/namespaced-enums.rs	6	4	10	0.47058823529411764
src/test/run-pass/issue-2214.rs	14	4	18	0.5046728971962616
src/test/auxiliary/lint_group_plugin_test.rs	13	4	17	0.42152466367713004
src/test/rustdoc/aux/issue-29584.rs	0	1	1	1.0
src/test/run-pass/early-ret-binop-add.rs	11	3	14	0.35570469798657717
src/test/run-pass/issue-5321-immediates-with-bare-self.rs	12	3	15	0.5888324873096447
src/test/compile-fail/issue-16338.rs	11	5	16	0.5070821529745042
src/test/compile-fail/struct-no-fields-2.rs	5	3	8	0.4883720930232558
src/test/compile-fail/unboxed-closure-sugar-equiv.rs	10	3	13	0.35294117647058826
src/rt/jemalloc/include/jemalloc/internal/rb.h	3	2	5	0.8
src/test/run-pass/generic-tag-values.rs	17	4	21	0.626984126984127
src/test/compile-fail/coherence-blanket-conflicts-with-specific-multidispatch.rs	9	3	12	0.506578947368421
src/test/pretty/example2.pp	0	5	5	0.2
src/test/run-pass/mir_trans_call_converging.rs	4	5	9	0.47191011235955055
src/test/run-pass/alt-implicit-copy.rs	0	6	6	0.36363636363636365
src/test/run-pass/nullable-pointer-size.rs	12	3	15	0.5470383275261324
src/test/parse-fail/attr.rs	3	4	7	0.4117647058823529
src/test/auxiliary/issue-13698.rs	6	3	9	0.3576158940397351
src/librand/distributions/range.rs	24	4	28	0.44136191677175285
src/libunicode/u_char.rs	14	3	17	0.5182072829131653
src/bootstrap/install.rs	4	3	7	0.5121951219512195
src/test/auxiliary/svh-a-base.rs	7	4	11	0.38666666666666666
src/comp/middle/check_alt.rs	7	5	12	0.2903225806451613
src/rt/rust_run_program.cpp	8	4	12	0.5487804878048781
src/test/compile-fail/borrowck-init-op-equal.rs	6	3	9	0.640625
src/rt/memory_region.h	11	4	15	0.5178571428571429
src/test/run-make/issue-14500/foo.rs	4	3	7	0.5806451612903226
doc/prep.js	0	7	7	0.4166666666666667
src/test/run-pass/expr-block-generic-unique1.rs	16	2	18	0.6234817813765182
src/rt/libuv/src/ev/Makefile.in	0	2	2	0.5
src/test/compile-fail/dead-code-be.rs	0	6	6	0.4117647058823529
src/test/debug-info/tuple-in-tuple.rs	11	1	12	0.9027777777777778
src/librustc_privacy/Cargo.toml	6	4	10	0.45664739884393063
src/test/run-pass/env-vars.rs	5	4	9	0.38144329896907214
src/rustc/middle/trans/shape.rs	8	7	15	0.19727891156462585
src/test/compile-fail/regions-leaking-ptr.rs	0	2	2	0.625
src/librustc_trans/trans/assert_dep_graph.rs	6	4	10	0.5706521739130435
src/test/run-pass/cfg-attr-cfg.rs	4	3	7	0.5375
src/test/run-pass/many.rs	8	5	13	0.3148148148148148
src/test/compile-fail/issue-16683.rs	2	3	5	0.55
src/test/run-fail/issue-948.rs	16	4	20	0.5361702127659574
src/test/compile-fail/mutable-class-fields-2.rs	13	3	16	0.43956043956043955
src/test/compile-fail/syntax-extension-minor.rs	8	5	13	0.6090909090909091
src/test/run-pass/aux/struct_variant_xc_aux.rs	0	1	1	1.0
src/test/auxiliary/cgu_extern_closures.rs	3	3	6	0.44036697247706424
src/rt/arch/mips/gpr.h	4	2	6	0.8064516129032258
src/test/compile-fail/vec-macro-with-comma-only.rs	5	6	11	0.5384615384615384
src/test/run-pass/autoderef-privacy.rs	1	3	4	0.46153846153846156
src/test/run-pass/aux/issue-18711.rs	0	1	1	1.0
src/test/compile-fail/union/union-generic.rs	3	3	6	0.5116279069767442
src/libcore/iter-trait/vec.rs	0	1	1	1.0
mk/cfg/i686-w64-mingw32	2	2	4	0.7073170731707317
src/test/compile-fail/issue-1871.rs	5	4	9	0.5
src/libstd/Cargo.toml	8	4	12	0.5278969957081545
src/test/compile-fail-fulldeps/macro-crate-doesnt-resolve.rs	9	5	14	0.45864661654135336
src/test/compile-fail/issue-3651-2.rs	4	2	6	0.8307692307692308
src/test/run-pass/drop-with-type-ascription-2.rs	10	3	13	0.38207547169811323
src/test/run-pass/import6.rs	16	3	19	0.6351351351351351
src/rustc/middle/tstate/collect_locals.rs	6	5	11	0.35714285714285715
src/test/ui/span/send-is-not-static-std-sync-2.stderr	1	3	4	0.38461538461538464
src/test/run-fail/mir_indexing_oob_2.rs	4	5	9	0.43037974683544306
src/comp/syntax/ext/ifmt.rs	0	1	1	1.0
src/libstd/sys/unix/backtrace/tracing/gcc_s.rs	5	4	9	0.5494505494505495
src/test/compile-fail/issue-4096.rs	2	1	3	0.92
src/rt/arch/arm/_context.S	11	2	13	0.7391304347826086
src/test/auxiliary/rustdoc-ffi.rs	4	3	7	0.36764705882352944
src/test/compile-fail/unboxed-closures-type-mismatch.rs	14	3	17	0.39035087719298245
src/compiler-rt	19	3	22	0.6171428571428571
src/test/compile-fail/specialization/specialization-default-projection.rs	2	3	5	0.75
src/test/run-pass/macro-with-attrs1.rs	10	3	13	0.5071090047393365
src/test/compile-fail/issue-10392.rs	4	3	7	0.5104166666666666
src/test/compile-fail/issue-6596.rs	8	2	10	0.6134453781512605
src/test/compile-fail/associated-type-projection-from-multiple-supertraits.rs	9	4	13	0.32857142857142857
src/test/compile-fail/auxiliary/issue_12612_1.rs	0	2	2	0.6666666666666666
src/test/run-pass/issue-14919.rs	8	3	11	0.37209302325581395
src/test/compile-fail/tuple-index-out-of-bounds.rs	12	4	16	0.3755274261603376
src/librustc/middle/check_alt.rs	3	5	8	0.3157894736842105
src/rt/libuv/src/unix/ev/autogen.sh	0	1	1	1.0
src/librustc_metadata/locator.rs	2	2	4	0.6363636363636364
mk/libuv/mips/unix/linux/src/libuv/run-tests.target.mk	0	3	3	0.8
src/test/run-fail/panic-macro-explicit.rs	0	2	2	0.5
src/test/run-pass/anon-extern-mod-cross-crate-2.rs	11	2	13	0.6407185628742516
src/test/compile-fail/issue-14221.rs	4	2	6	0.5384615384615384
src/test/compile-fail/bad-bang-ann-2.rs	0	8	8	0.2727272727272727
src/test/compile-fail/feature-gate-may-dangle.rs	4	3	7	0.44680851063829785
src/test/compile-fail/trait-bounds-on-structs-and-enums-xc1.rs	9	3	12	0.42857142857142855
src/libcollectionstest/vec.rs	23	5	28	0.514726507713885
src/test/codegen/link_section.rs	6	4	10	0.5357142857142857
src/libsyntax/abi.rs	49	3	52	0.5785498489425982
src/test/run-pass/alt-ref-binding-in-guard-3256.rs	9	2	11	0.6818181818181818
src/test/run-make/error-found-staticlib-instead-crate/Makefile	5	5	10	0.4578313253012048
src/test/compile-fail/E0534.rs	1	3	4	0.4807692307692308
src/librustc/middle/expr_use_visitor.rs	58	4	62	0.48480585256049524
src/test/run-make/extern-multiple-copies2/foo1.rs	1	4	5	0.5882352941176471
src/test/compile-fail/no-method-suggested-traits.rs	10	5	15	0.472636815920398
src/test/run-pass/expr-alt-box.rs	10	5	15	0.5205479452054794
src/libcore/cmp.rs	55	4	59	0.49774436090225566
src/librustc/middle/astconv_util.rs	23	4	27	0.39691943127962087
src/test/run-make/crate-name-priority/foo1.rs	3	3	6	0.3870967741935484
src/libstd/old_iter.rs	5	3	8	0.6756756756756757
src/test/compile-fail/issue-22289.rs	6	3	9	0.6557377049180327
src/test/compile-fail/lex-no-valid-digits.rs	3	1	4	0.926829268292683
src/test/run-pass/alt-pattern-drop.rs	12	4	16	0.42201834862385323
src/test/run-make/issue-24445/foo.c	2	3	5	0.44
src/librustc/middle/infer/doc.rs	5	3	8	0.6396396396396397
src/libcore/ctypes.rs	3	7	10	0.20689655172413793
src/test/run-pass/issue-36139-normalize-closure-sig.rs	3	3	6	0.4782608695652174
mk/libuv/x86_64/mac/src/libuv/run-benchmarks.target.mk-e	0	3	3	0.3333333333333333
src/test/auxiliary/macro_crate_def_only.rs	7	4	11	0.47183098591549294
src/libstd/sys/windows/time.rs	11	3	14	0.6084905660377359
src/doc/style/ownership/README.md	4	6	10	0.2111111111111111
src/test/compile-fail/deriving-span-DeepClone-tuple-struct.rs	3	1	4	0.896551724137931
src/test/compile-fail/lambda-mutate-nested.rs	7	5	12	0.5747126436781609
src/libsync/arc.rs	9	1	10	0.8802395209580839
src/test/compile-fail/traits-multidispatch-bad.rs	5	3	8	0.48148148148148145
src/test/run-pass/obj-return-polytypes.rs	0	5	5	0.36363636363636365
src/libstd/repr.rs	28	1	29	0.8578088578088578
src/test/rustdoc/prim-title.rs	3	3	6	0.5192307692307693
src/test/run-pass/aux/newtype_struct_xc.rs	0	1	1	1.0
src/libstd/rt/mutex.rs	0	1	1	1.0
src/test/compile-fail/private-item-simple.rs	9	3	12	0.6785714285714286
src/test/run-pass/mir_refs_correct.rs	6	3	9	0.5666666666666667
src/test/run-pass/extern-call-indirect.rs	5	2	7	0.6567164179104478
src/test/run-pass/region-param.rs	0	2	2	0.5
src/test/run-pass/issue-8401.rs	4	3	7	0.5
src/rt/rust_globals.h	16	1	17	0.7567567567567568
src/test/run-pass/vec-push.rs	23	2	25	0.38190954773869346
src/test/run-pass/ivec-tag.rs	26	4	30	0.4375
src/test/run-pass/overloaded-index-in-field.rs	6	3	9	0.54337899543379
src/test/run-pass/alt-naked-record-expr.rs	1	4	5	0.5416666666666666
src/test/run-fail/run-unexported-tests.rs	19	5	24	0.5364806866952789
src/libstd/weak.rs	0	1	1	1.0
src/test/parse-fail/removed-syntax-ptr-lifetime.rs	5	3	8	0.609375
src/test/run-pass/liveness-assign-imm-local-after-ret.rs	10	5	15	0.39634146341463417
src/test/compile-fail/pub-macro-rules.rs	0	1	1	1.0
src/doc/style/ownership/cell-smart.md	4	6	10	0.2111111111111111
src/test/run-pass/associated-const-type-parameters.rs	2	3	5	0.7647058823529411
mk/libuv/win/src/rt/libuv/run-benchmarks.target.mk	0	3	3	0.3333333333333333
src/bootstrap/build/util.rs	3	3	6	0.585635359116022
src/librustc/middle/trans/callee.rs	51	2	53	0.7487757100881489
src/test/rustdoc/inline_cross/auxiliary/issue-33113.rs	0	4	4	0.6
src/test/run-pass/specialization/README.md	2	3	5	0.75
src/test/parse-fail/keyword-unsafe-as-identifier.rs	6	3	9	0.5333333333333333
src/librustc/plugin/build.rs	11	4	15	0.5657142857142857
src/test/compile-fail/regions-bounded-by-trait-requiring-static.rs	6	4	10	0.4
src/test/stdtest/math.rs	2	4	6	0.5652173913043478
src/test/parse-fail/issue-10392-2.rs	4	4	8	0.39285714285714285
src/librustc/infer/combine.rs	12	5	17	0.40897097625329815
src/test/run-pass/triv-cast-be.rs	0	4	4	0.3333333333333333
src/test/run-make/mixing-formats/baz2.rs	3	3	6	0.5714285714285714
src/test/compile-fail/variance-types.rs	6	6	12	0.3103448275862069
src/libstd/collections/hash/state.rs	8	4	12	0.5058823529411764
src/test/compile-fail/or-init.rs	0	7	7	0.2727272727272727
src/test/run-pass/import-from.rs	8	4	12	0.35802469135802467
mk/libuv/x86_64/win/src/libuv/uv.Makefile	0	5	5	0.5833333333333334
src/test/compile-fail/regions-free-region-ordering-callee-4.rs	4	2	6	0.717948717948718
src/test/compile-fail/trait-bounds-not-on-impl.rs	7	4	11	0.375
src/test/run-pass/unboxed-closures-infer-fnonce.rs	6	3	9	0.4225352112676056
src/test/run-fail/fail-task-name-owned.rs	9	2	11	0.8066298342541437
src/doc/trpl/iterators.md	25	4	29	0.4314002828854314
src/test/run-pass/expr-block-unique.rs	11	3	14	0.5110132158590308
src/test/run-pass/box-annihilator-unique-vec.rs	0	6	6	0.2857142857142857
src/test/compile-fail/trait-or-new-type-instead.rs	18	3	21	0.5846994535519126
src/test/run-pass/vec-matching-fixed.rs	11	3	14	0.47417840375586856
src/test/run-pass/aux/issue-3012-1.rs	0	1	1	1.0
src/rt/linenoise/README.markdown	0	3	3	0.75
src/test/run-pass/unique-swap.rs	12	3	15	0.5022421524663677
src/test/run-pass-fulldeps/auxiliary/lint_group_plugin_test.rs	0	2	2	0.6666666666666666
src/doc/trpl/conditional-compilation.md	6	3	9	0.6265822784810127
src/test/run-pass/native-llvm.rs	0	1	1	1.0
src/test/pretty/top-level-doc-comments.rs	2	4	6	0.6129032258064516
mk/tools.mk	19	2	21	0.7527675276752768
src/test/compile-fail/private-variant.rs	2	4	6	0.7948717948717948
src/test/run-pass/reexport-test-harness-main.rs	6	3	9	0.47619047619047616
src/test/parse-fail/lex-bad-char-literals-3.rs	3	2	5	0.6470588235294118
src/test/compile-fail/feature-gate-intrinsics.rs	0	3	3	0.3333333333333333
src/test/compile-fail/aux/xc_private_method_lib.rs	0	1	1	1.0
src/test/incremental/hashes/panic_exprs.rs	1	3	4	0.45454545454545453
src/libsyntax/test.rs	42	3	45	0.43571812802582033
src/libsyntax_ext/lib.rs	13	5	18	0.46397188049209137
src/rustbook/serve.rs	4	3	7	0.42342342342342343
src/test/compile-fail/lint-unused-unsafe.rs	11	2	13	0.6680327868852459
src/test/compile-fail/regions-outlives-nominal-type-struct-region.rs	1	2	3	0.8571428571428571
src/test/compile-fail/issue-11714.rs	11	3	14	0.45414847161572053
src/test/run-pass/vec-position.rs	4	3	7	0.6785714285714286
src/rustc/syntax/ext/base.rs	0	3	3	0.5714285714285714
src/bootstrap/build/doc.rs	2	4	6	0.5821596244131455
src/librustc/middle/trans/cabi_x86.rs	18	2	20	0.7759197324414716
src/test/run-pass/issue-19037.rs	5	3	8	0.5373134328358209
src/librustc_trans/meth.rs	15	6	21	0.4033485540334855
src/libcore/sys.rs	24	4	28	0.40119760479041916
src/test/run-pass/cond-macro-no-default.rs	4	1	5	0.9038461538461539
src/test/run-pass/nested-exhaustive-match.rs	4	3	7	0.46296296296296297
src/compiletest/util.rs	41	3	44	0.5570934256055363
src/librustc/traits/util.rs	14	5	19	0.3800383877159309
src/libstd/thread_local/mod.rs	18	3	21	0.45707070707070707
src/test/compile-fail/dropck-object-cycle.rs	4	4	8	0.6774193548387096
src/test/compile-fail/vector-cast-weirdness.rs	7	4	11	0.483695652173913
src/test/run-pass/impl-privacy-xc-2.rs	12	2	14	0.8
src/test/compile-fail/regions-in-enums-anon.rs	0	4	4	0.7058823529411765
src/test/parse-fail/no-unsafe-self.rs	7	3	10	0.5563380281690141
src/libstd/collections/hashmap/map.rs	7	2	9	0.5622489959839357
src/test/compile-fail/cast-as-bool.rs	9	3	12	0.5786163522012578
src/test/rustdoc/impl-parts.rs	3	2	5	0.5660377358490566
src/test/compile-fail/bad-for-loop-2.rs	1	2	3	0.8095238095238095
src/test/compile-fail/assoc-path-1.rs	4	2	6	0.8555555555555555
src/test/codegen-units/item-collection/trait-method-as-argument.rs	0	4	4	0.5
src/test/run-pass/alt-bot-2.rs	3	5	8	0.5294117647058824
src/test/parse-fail/circular_modules_main.rs	4	3	7	0.42857142857142855
src/test/compile-fail/lex-bad-char-literals.rs	3	4	7	0.45588235294117646
src/test/parse-fail/pat-lt-bracket-3.rs	0	3	3	0.3333333333333333
src/test/auxiliary/pub_use_xcrate2.rs	7	3	10	0.41975308641975306
src/test/run-pass/cci_no_inline_exe.rs	20	3	23	0.4775510204081633
mk/cfg/mips-unknown-linux-gnu.mk	8	3	11	0.5950920245398773
src/libstd/sys/unix/stdio.rs	8	5	13	0.5386819484240688
src/rustc/middle/typeck/infer/macros.rs	0	3	3	0.6666666666666666
src/test/compile-fail/xc-private-method.rs	9	2	11	0.8076923076923077
src/test/run-make/lto-no-link-whole-rlib/main.rs	3	2	5	0.8235294117647058
src/test/compile-fail/crateresolve5.rs	9	1	10	0.8095238095238095
src/comp/middle/trans.rs	23	4	27	0.22965299684542587
src/test/run-pass/expr-block-generic-unique2.rs	17	3	20	0.5030674846625767
src/test/bench/msgsend-pipes.rs	37	3	40	0.5475778546712803
src/test/parse-fail/issue-14182.rs	3	3	6	0.6056338028169014
src/test/compile-fail/borrowck/borrowck-vec-pattern-loan-from-mut.rs	6	5	11	0.46987951807228917
src/rt/jemalloc/src/extent.c	0	5	5	0.7777777777777778
src/test/run-pass/macro-reexport.rs	6	3	9	0.40298507462686567
src/test/run-pass/issue-5315.rs	5	3	8	0.4868421052631579
src/test/stdtest/uint.rs	0	6	6	0.3
src/test/compile-fail/use-uninit-3.rs	0	7	7	0.35714285714285715
src/test/run-pass/bind-trivial.rs	0	9	9	0.21428571428571427
src/test/compile-fail/issue-4736.rs	11	4	15	0.6100917431192661
src/test/compile-fail/extenv-arg-2-not-string-literal.rs	0	4	4	0.5882352941176471
src/librustc_back/target/thumbv7em_none_eabihf.rs	3	4	7	0.43478260869565216
src/libstd/net/tcp.rs	33	4	37	0.4706827309236948
src/test/run-pass/issue-13167.rs	8	3	11	0.5073529411764706
src/test/run-pass/vector-no-ann-2.rs	14	3	17	0.5112359550561798
src/libsyntax/ext/pipes/ast_builder.rs	23	5	28	0.5231481481481481
src/test/run-pass/issue-8249.rs	8	3	11	0.45652173913043476
src/test/run-pass/die-macro.rs	9	3	12	0.5116279069767442
src/test/parse-fail/keyword-trait-as-identifier.rs	6	3	9	0.5333333333333333
src/test/run-pass/dst-coerce-custom.rs	3	3	6	0.7368421052631579
src/test/parse-fail/not-a-pred.rs	3	4	7	0.4117647058823529
src/test/run-pass-fulldeps/auxiliary/lto-syntax-extension-plugin.rs	0	1	1	1.0
src/doc/style/style/organization.md	4	6	10	0.2111111111111111
src/test/compile-fail/issue-20105.rs	7	3	10	0.42424242424242425
src/test/compile-fail/issue-30240.rs	4	3	7	0.5365853658536586
src/librustc_metadata/def_key.rs	7	5	12	0.40930232558139534
src/test/run-pass/issue-33387.rs	4	4	8	0.4111111111111111
src/test/run-make/issue-11908/Makefile	4	3	7	0.6891891891891891
src/rustc/front.rs	0	1	1	1.0
src/test/compile-fail/tstate-return.rs	0	6	6	0.3333333333333333
src/test/run-pass/borrowck-preserve-box-sometimes-needed.rs	7	3	10	0.7162162162162162
src/test/run-pass/borrowck/borrowck-pat-enum.rs	4	3	7	0.35
src/librustc/traits/fulfill.rs	14	5	19	0.40252707581227437
src/test/run-pass/aux/sepcomp-extern-lib.rs	0	1	1	1.0
src/librustc_trans/trans/debuginfo/mod.rs	18	3	21	0.6018641810918774
src/test/compile-fail/enum-discrim-autosizing.rs	2	4	6	0.35714285714285715
src/test/compile-fail-fulldeps/rustc-macro/derive-bad.rs	4	4	8	0.5694444444444444
src/test/compile-fail/removed-syntax-field-semicolon.rs	4	3	7	0.5396825396825397
src/test/run-pass/regions-mock-trans-impls.rs	8	4	12	0.4943820224719101
src/libdebug/lib.rs	4	2	6	0.8092783505154639
src/test/run-pass/resource-cycle3.rs	11	4	15	0.6013986013986014
src/test/run-pass/match-pipe-binding.rs	9	3	12	0.6008230452674898
src/libstd/sys/windows/fs2.rs	5	3	8	0.4146981627296588
src/test/compile-fail/move-fragments-4.rs	5	3	8	0.5054945054945055
src/test/compile-fail/cap-clause-use-after-move.rs	4	5	9	0.21428571428571427
src/test/compile-fail/E0243.rs	7	4	11	0.2751677852348993
src/test/compile-fail/coherence-projection-conflict-ty-param.rs	3	4	7	0.5641025641025641
src/librustc_typeck/astconv.rs	77	4	81	0.4165811088295688
src/test/run-pass/overloaded-autoderef-indexing.rs	8	3	11	0.44776119402985076
src/test/compile-fail/io-infects-caller.rs	0	2	2	0.75
src/test/compile-fail/issue-2848.rs	12	5	17	0.3333333333333333
src/test/incremental/hashes/function_interfaces.rs	3	4	7	0.5
src/test/run-make/multiple-versions/bar.rs	0	2	2	0.5135135135135135
src/librustc/middle/def.rs	24	4	28	0.45627062706270627
src/librustdoc/flock.rs	25	3	28	0.4695121951219512
src/etc/third-party/COPYING.RUNTIME	4	3	7	0.5135135135135135
src/test/ui/span/E0493.stderr	3	3	6	0.5227272727272727
src/test/debug-info/struct-style-enum.rs	10	1	11	0.8986486486486487
src/librustc/middle/ty/relate.rs	9	3	12	0.5751295336787565
src/test/compile-fail/on_unimplemented.rs	2	3	5	0.49122807017543857
src/test/compile-fail/borrowck-unary-move-2.rs	8	4	12	0.5679012345679012
src/test/compile-fail/lint-stability2.rs	2	3	5	0.391304347826087
src/librustdoc/sort_item_type_pass.rs	10	3	13	0.6293706293706294
src/test/run-pass/unique-pat-2.rs	11	4	15	0.31313131313131315
src/libstd/sync/mpsc/mpsc_queue.rs	18	4	22	0.3963815789473684
src/test/run-pass/issue-30530.rs	2	3	5	0.45652173913043476
src/test/codegen-units/item-collection/function-as-argument.rs	0	2	2	0.5
src/test/compile-fail/issue-12127.rs	6	4	10	0.4264705882352941
src/librustsyntax/parse/eval.rs	0	6	6	0.2857142857142857
src/test/auxiliary/allocator-dylib2.rs	3	3	6	0.4246575342465753
src/test/compile-fail/E0225.rs	4	4	8	0.3018867924528302
src/test/compile-fail/lint-private-in-public.rs	0	1	1	1.0
src/test/compile-fail/unsafe-destructor-check-crash.rs	3	3	6	0.5116279069767442
src/test/auxiliary/issue-13560-2.rs	4	3	7	0.45569620253164556
src/test/run-pass/alt-phi.rs	7	5	12	0.4423076923076923
src/doc/tarpl/unchecked-uninit.md	0	3	3	0.7073170731707317
src/doc/trpl/glossary.md	10	4	14	0.4965034965034965
src/test/run-pass/tag-and-generic-obj.rs	0	6	6	0.2727272727272727
src/test/compile-fail/liveness-ctor-access-self-with-uninit-fields.rs	0	4	4	0.625
src/test/compile-fail-fulldeps/proc-macro/auxiliary/derive-unstable-2.rs	0	3	3	0.3333333333333333
src/libproc_macro_tokens/Cargo.toml	2	3	5	0.6052631578947368
src/doc/rustc-ux-guidelines.md	4	5	9	0.509090909090909
src/test/run-pass/union/union-with-drop-fields-lint.rs	4	5	9	0.3780487804878049
src/libstd/old_io/net/tcp.rs	10	3	13	0.4185303514376997
doc/complement-lang-faq.md	4	1	5	0.8918918918918919
src/test/debug-info/method-on-tuple-struct.rs	10	1	11	0.9166666666666666
src/test/run-make/extern-multiple-copies/foo1.rs	2	2	4	0.7692307692307693
src/test/compile-fail/suggest-private-fields.rs	13	4	17	0.47035573122529645
src/rt/bigint/bigint_ext.cpp	0	2	2	0.6666666666666666
src/test/parse-fail/issue-22712.rs	5	2	7	0.543859649122807
src/test/compile-fail/on-unimplemented/libcore-index.rs	0	1	1	1.0
src/test/run-pass/issue-23304-2.rs	1	2	3	0.8571428571428571
src/doc/book/associated-types.md	3	6	9	0.3581081081081081
src/libstd/rt/unwind/mod.rs	4	4	8	0.6008403361344538
src/test/run-pass/owned-trait-objects.rs	5	3	8	0.7857142857142857
src/test/run-pass/const-block-item-macro-codegen.rs	5	3	8	0.3543307086614173
src/test/compile-fail/borrowck-consume-upcast-box.rs	4	4	8	0.4576271186440678
src/test/run-pass/assign-assign.rs	11	3	14	0.4090909090909091
mk/cfg/arm-unknown-linux-gnueabihf.mk	3	4	7	0.47058823529411764
src/test/compile-fail/new-unicode-escapes-1.rs	3	4	7	0.37333333333333335
src/test/compile-fail/gated-default-type-param-usage.rs	1	2	3	0.7142857142857143
src/test/run-pass/unboxed-closures-extern-fn.rs	14	4	18	0.34285714285714286
src/test/compile-fail/issue-34349.rs	3	4	7	0.4838709677419355
src/libcore/num/flt2dec/estimator.rs	2	4	6	0.5526315789473685
src/test/run-pass/sio-srv.rs	0	6	6	0.42857142857142855
src/test/run-pass/alt-arrows-blocky-commas.rs	0	2	2	0.5
src/test/debug-info/lexical-scopes-in-block-expression.rs	9	1	10	0.9083333333333333
src/rt/libuv/src/unix/ev/ev_select.c	0	1	1	1.0
src/test/run-make/compiler-rt-works-on-mingw/foo.cpp	1	3	4	0.5
src/test/run-pass/issue-2311-2.rs	14	3	17	0.4828897338403042
src/test/compile-fail/issue-1962.rs	10	2	12	0.47692307692307695
src/test/compile-fail/typeck-default-trait-impl-superregion.rs	8	3	11	0.44545454545454544
src/test/compile-fail/borrowck/borrowck-borrowed-uniq-rvalue-2.rs	4	5	9	0.45348837209302323
src/test/run-pass/macro-export-inner-module.rs	10	3	13	0.6837606837606838
src/librustc_back/target/i686_unknown_haiku.rs	6	4	10	0.39325842696629215
src/rustc/middle/tstate/bitvectors.rs	3	7	10	0.32142857142857145
src/librustc/driver.rs	0	1	1	1.0
src/test/run-make/ls-metadata/foo.rs	3	1	4	0.875
src/test/auxiliary/issue-14421.rs	5	3	8	0.3963963963963964
src/libstd/sys/windows/memchr.rs	3	4	7	0.47619047619047616
src/test/run-pass/try-macro.rs	2	3	5	0.4594594594594595
src/libstd/os/fuchsia/raw.rs	3	3	6	0.6190476190476191
src/test/auxiliary/tdticc_coherence_lib.rs	2	3	5	0.38333333333333336
src/test/run-pass/issue-10714.rs	7	3	10	0.3709677419354839
src/libbacktrace/posix.c	9	4	13	0.6176470588235294
src/test/run-pass/task-comm-3.rs	41	4	45	0.5072142064372919
src/test/compile-fail/borrowck-call-is-borrow-issue-12224.rs	8	3	11	0.4021164021164021
src/libcollections/ring_buf.rs	29	3	32	0.5034280117531832
src/test/run-pass/generic-tag.rs	17	5	22	0.45
src/test/compile-fail/issue-21950.rs	7	6	13	0.4494949494949495
src/libserialize/hex.rs	31	3	34	0.5046296296296297
src/test/run-pass/ignore-all-the-things.rs	5	3	8	0.4527027027027027
src/test/compile-fail/region-unused.rs	0	7	7	0.2727272727272727
src/test/compile-fail/lint-managed-heap-memory.rs	5	3	8	0.7532467532467533
src/test/auxiliary/lint-unused-extern-crate.rs	2	3	5	0.54
src/test/run-pass/select-macro.rs	11	4	15	0.4909090909090909
src/test/compile-fail/trait-privacy.rs	2	3	5	0.7083333333333334
src/test/compile-fail/removed-syntax-uniq-mut-expr.rs	8	3	11	0.6103896103896104
src/librustc/dep_graph/edges.rs	4	3	7	0.5714285714285714
src/libstd/rt/logging.rs	16	1	17	0.8403141361256544
src/test/run-pass/mir_trans_array.rs	3	5	8	0.4931506849315068
src/test/compile-fail/region-object-lifetime-2.rs	4	3	7	0.6352941176470588
src/test/run-pass/issue-10456.rs	6	3	9	0.5
src/test/run-pass/utf8-bom.rs	6	3	9	0.582089552238806
src/test/rustdoc/issue-34473.rs	3	4	7	0.4117647058823529
src/test/parse-fail/recover-enum.rs	3	3	6	0.6666666666666666
src/librustc_back/target/i686_linux_android.rs	12	4	16	0.5677966101694916
mk/install.mk	49	2	51	0.6361702127659574
src/libcore/rt/io/option.rs	3	2	5	0.6666666666666666
src/test/run-pass/issue-13808.rs	6	3	9	0.6363636363636364
src/test/codegen/mir_zst_stores.rs	3	5	8	0.4457831325301205
src/test/run-pass/svh-add-macro.rs	5	3	8	0.4927536231884058
src/librustc_back/target/le32_unknown_nacl.rs	11	5	16	0.5551724137931034
src/test/run-pass/borrowck-preserve-cond-box.rs	14	1	15	0.7792207792207793
src/test/run-pass/issue-7899.rs	4	3	7	0.43333333333333335
src/test/run-pass/issue-4016	0	4	4	0.8125
src/test/compile-fail/borrowck/borrowck-lend-flow-loop.rs	2	3	5	0.43859649122807015
src/rt/libuv/ev/ev_epoll.c	0	2	2	0.5
src/test/rustdoc/auxiliary/issue-20727.rs	0	2	2	0.6666666666666666
src/test/compile-fail/issue-16922.rs	3	3	6	0.4375
src/test/run-pass/union/union-backcomp.rs	4	4	8	0.48314606741573035
src/doc/po/ja/rustdoc.md.po	3	1	4	0.8955223880597015
src/librustc_trans/trans/adt.rs	39	4	43	0.45088566827697263
src/librustc/middle/ty_relate/mod.rs	11	3	14	0.6288416075650118
src/rt/test/rust_test_runtime.cpp	7	5	12	0.2413793103448276
src/test/compile-fail/E0024.rs	3	3	6	0.5125
src/test/compile-fail/associated-types-multiple-types-one-trait.rs	3	3	6	0.3246753246753247
src/librustc_trans/README.txt	4	5	9	0.5104166666666666
src/libstd/timer.rs	23	5	28	0.45454545454545453
src/test/run-pass/closure-bounds-copyable-squiggle-closure.rs	3	2	5	0.8285714285714286
src/libstd/sys/mod.rs	0	4	4	0.358974358974359
src/lib/UFind.rs	0	2	2	0.6
src/test/run-make/issue-25581/test.c	3	5	8	0.4942528735632184
src/test/run-pass/associated-types-project-from-type-param-via-bound-in-where-clause.rs	5	4	9	0.4277456647398844
src/libcore/unstable/intrinsics.rs	6	2	8	0.8189655172413793
mk/libuv/arm/unix/android/src/libuv/uv.Makefile	0	7	7	0.4375
src/test/compile-fail/hidden-rt-injection2.rs	3	1	4	0.85
src/librustc_data_structures/control_flow_graph/iterate/test.rs	7	4	11	0.4318181818181818
src/etc/vim/syntax_checkers/rust/rustc.vim	3	3	6	0.3472222222222222
src/test/compile-fail/borrowck-lend-flow-loop.rs	16	3	19	0.597457627118644
src/test/ui/dropck/dropck-eyepatch.stderr	3	5	8	0.3684210526315789
src/librustc_passes/ast_sanity.rs	0	1	1	1.0
mk/libuv/x86_64/unix/freebsd/src/libuv/uv.target.mk	0	5	5	0.5833333333333334
src/test/debug-info/method-on-struct.rs	9	1	10	0.9142857142857143
src/test/ui/span/issue28498-reject-ex1.stderr	2	4	6	0.5853658536585366
src/rustc/middle/typeck/rscope.rs	5	7	12	0.25
src/test/run-pass/associated-types-projection-in-object-type.rs	7	3	10	0.4878048780487805
src/test/rustdoc/issue-20646.rs	4	3	7	0.4642857142857143
src/test/compile-fail/removed-syntax-closure-lifetime.rs	8	3	11	0.47058823529411764
src/libcoretest/array.rs	0	3	3	0.8947368421052632
src/test/auxiliary/issue-31702-2.rs	3	3	6	0.4639175257731959
src/test/compile-fail/issue-2074.rs	7	2	9	0.7258064516129032
src/test/compile-fail/typeck_type_placeholder_mismatch.rs	10	3	13	0.47804878048780486
src/libcoretest/intrinsics.rs	7	4	11	0.36129032258064514
src/test/run-pass-valgrind/cast-enum-with-dtor.rs	7	5	12	0.49783549783549785
src/test/run-fail/expr-fn-fail.rs	8	2	10	0.5882352941176471
src/test/ui/span/issue-24690.stderr	2	4	6	0.40476190476190477
src/lib/unsafe.rs	6	4	10	0.3333333333333333
src/test/debuginfo/borrowed-enum.rs	14	3	17	0.5178571428571429
src/librustc/hir/map/blocks.rs	6	6	12	0.42487046632124353
src/test/run-pass/block-iter-1.rs	23	3	26	0.5190217391304348
src/librustc/middle/check_const.rs	63	4	67	0.6153562200073828
src/librustc/ty/outlives.rs	6	6	12	0.3715277777777778
src/test/compile-fail/issue-29124.rs	4	3	7	0.46875
src/test/debug-info/self-in-default-method.rs	9	1	10	0.9171974522292994
src/test/parse-fail/pat-tuple-3.rs	3	3	6	0.49056603773584906
src/test/ui/compare-method/proj-outlives-region.stdout	1	2	3	0.6764705882352942
src/test/run-pass/borrowed-ptr-pattern-infallible.rs	11	3	14	0.5284090909090909
src/test/compile-fail/aux/cci_class_5.rs	0	1	1	1.0
src/test/codegen-units/item-collection/non-generic-closures.rs	4	3	7	0.7101449275362319
src/test/compile-fail/moves-based-on-type-tuple.rs	4	4	8	0.6814159292035398
src/libstd/sys/unix/tcp.rs	10	3	13	0.42857142857142855
src/libsyntax/ext/deriving/iter_bytes.rs	16	1	17	0.8229665071770335
src/test/run-pass/backtrace.rs	32	3	35	0.46481320590790615
src/doc/book/custom-allocators.md	2	4	6	0.5540540540540541
src/rt/libuv/src/ares/ares_init.c	0	4	4	0.5
src/test/compile-fail/panic-runtime/auxiliary/wants-panic-runtime-unwind.rs	1	4	5	0.5405405405405406
src/test/ui/span/issue-25199.stderr	2	4	6	0.5853658536585366
src/test/run-pass/native-mod-src/inner.rs	0	4	4	0.5714285714285714
src/test/compile-fail/variance-use-covariant-struct-1.rs	3	3	6	0.6551724137931034
src/test/auxiliary/svh-a-no-change.rs	7	4	11	0.38666666666666666
src/test/run-fail/write-guard-fail-3.rs	0	2	2	0.6
src/test/run-make/rustdoc-extern-method/Makefile	2	3	5	0.4215686274509804
src/librbml/lib.rs	50	3	53	0.4324186991869919
src/test/run-pass/issue-12133-2.rs	4	3	7	0.4634146341463415
src/test/run-make/link-guard/good/lib.rs	0	2	2	0.5
mk/libuv/unix/src/rt/libuv/run-tests.target.mk	0	3	3	0.3333333333333333
src/test/auxiliary/issue-11224.rs	6	4	10	0.47368421052631576
src/librustc/mir/repr.rs	29	5	34	0.4857142857142857
src/test/run-pass/dst-deref-mut.rs	9	3	12	0.42857142857142855
src/test/compile-fail/associated-types-no-suitable-bound.rs	5	4	9	0.39473684210526316
src/test/compile-fail/dropck-eyepatch-reorder.rs	0	1	1	1.0
src/rt/util/indexed_list.h	2	7	9	0.39473684210526316
src/test/run-pass/vector-sort-failure-safe.rs	7	2	9	0.7710843373493976
src/doc/po/ja/index.md.po	3	1	4	0.9
src/librustrt/stack_overflow.rs	7	3	10	0.48026315789473684
src/test/run-pass/for-destruct.rs	19	3	22	0.42168674698795183
src/test/compile-fail/on-unimplemented/on-trait.rs	5	4	9	0.4112903225806452
src/test/run-pass/cast-region-to-uint.rs	12	3	15	0.5379746835443038
src/test/run-fail/args-fail.rs	17	2	19	0.7027027027027027
src/test/compile-fail/auxiliary/weak-lang-items.rs	0	4	4	0.5238095238095238
src/librustdoc/html/toc.rs	20	4	24	0.4983922829581994
src/libcore/rt/tube.rs	1	2	3	0.56
src/libcore/num/f32.rs	39	4	43	0.5899772209567198
src/test/compile-fail/removed-syntax-mode.rs	4	3	7	0.5714285714285714
src/test/parse-fail/doc-before-eof.rs	3	4	7	0.4117647058823529
src/rt/libuv/src/ares/config_sunos/ares_config.h	0	4	4	0.5
src/librustc/dep_graph/thread.rs	11	4	15	0.5344827586206896
src/test/compile-fail/feature-gated-feature-in-macro-arg.rs	7	3	10	0.323943661971831
src/test/run-pass/mod_dir_implicit_aux/compiletest-ignore-dir	2	3	5	0.5428571428571428
src/test/compile-fail-fulldeps/rustc-macro/auxiliary/derive-a-2.rs	4	4	8	0.5694444444444444
src/librustc_mir/hair/cx/to_ref.rs	5	3	8	0.47959183673469385
src/test/run-pass/anon-trait-static-method.rs	13	4	17	0.4727272727272727
src/test/compile-fail/assign-super.rs	5	5	10	0.4594594594594595
src/test/run-pass-fulldeps/macro-crate-outlive-expansion-phase.rs	7	3	10	0.5488721804511278
src/test/run-pass/unboxed-closures-call-sugar-object.rs	10	4	14	0.3900709219858156
src/test/run-pass/move-1.rs	14	3	17	0.6864406779661016
src/libcore/rt/global_heap.rs	0	3	3	0.5
src/test/parse-fail/extern-no-fn.rs	8	4	12	0.3630952380952381
src/test/run-pass/vector-no-ann.rs	0	2	2	0.6666666666666666
src/test/compile-fail/new-unicode-escapes-2.rs	3	4	7	0.40298507462686567
src/test/run-pass/class-impl-very-parameterized-iface.rs	3	6	9	0.2222222222222222
src/test/compile-fail/missing-semicolon-warning.rs	3	3	6	0.6578947368421053
src/librand/distributions/gamma.rs	29	3	32	0.5445816186556928
src/test/compile-fail/issue-22638.rs	4	3	7	0.6276595744680851
src/test/run-pass/default_type_parameter_default_dependent_associated_type.rs	0	1	1	1.0
src/test/run-pass-fulldeps/macro-quote-noprelude.rs	3	3	6	0.5645161290322581
src/test/compile-fail/auxiliary/struct_field_privacy.rs	0	2	2	0.6666666666666666
src/test/compile-fail/gated-box-patterns.rs	4	4	8	0.390625
src/test/run-pass/coherence-where-clause.rs	7	4	11	0.3209302325581395
src/libstd/rand/os.rs	47	4	51	0.47052845528455284
src/doc/trpl/region-inference.md	0	1	1	1.0
src/test/run-pass/issue-29048.rs	0	4	4	0.6842105263157895
src/test/run-pass/macro-reexport-no-intermediate-use.rs	6	3	9	0.4
src/rustc/middle/const_eval.rs	6	7	13	0.23076923076923078
src/test/bench/msgsend.rs	9	7	16	0.2727272727272727
src/test/debuginfo/trait-pointers.rs	9	3	12	0.4148936170212766
src/librustc_data_structures/snapshot_vec.rs	6	4	10	0.5547445255474452
src/test/compile-fail/borrowck-unchecked-with-borrow.rs	2	4	6	0.43478260869565216
src/librustc_mir/diagnostics.rs	3	4	7	0.34558823529411764
src/librustc_data_structures/unify/mod.rs	13	4	17	0.5976095617529881
src/test/compile-fail/issue-36299.rs	3	3	6	0.7428571428571429
src/test/run-fail/issue-1763.rs	0	3	3	0.5
src/test/compile-fail/union-nonrepresentable.rs	0	1	1	1.0
src/test/compile-fail/E0131.rs	2	6	8	0.4700854700854701
src/librustc_borrowck/borrowck/mir/dataflow/mod.rs	5	8	13	0.40540540540540543
src/test/incremental/krate-inlined.rs	3	4	7	0.46153846153846156
src/test/parse-fail/paren-after-qualified-path-in-match.rs	5	3	8	0.6825396825396826
src/rustbook/book.rs	13	3	16	0.38913043478260867
src/test/compile-fail/manual-link-bad-kind.rs	3	3	6	0.5803571428571429
src/librustpkg/testsuite/pass/src/install-paths/src/main.rs	0	3	3	0.8333333333333334
src/test/run-pass/fn-bare-coerce-to-block.rs	11	2	13	0.5238095238095238
src/test/compile-fail/deriving-span-PartialEq-tuple-struct.rs	4	3	7	0.5
src/test/run-pass/aux/pub_use_xcrate2.rs	0	1	1	1.0
src/test/run-pass/str-append.rs	16	3	19	0.6852791878172588
src/test/compile-fail/variance-covariant-self-trait-match.rs	2	4	6	0.5370370370370371
src/test/compile-fail/macro-keyword.rs	3	3	6	0.4
src/test/run-pass/move-arg.rs	15	3	18	0.47150259067357514
src/doc/tarpl/leaking.md	0	3	3	0.6851851851851852
src/test/compile-fail-fulldeps/auxiliary/lint_plugin_test.rs	1	3	4	0.38461538461538464
src/test/run-make/issue-26092/blank.rs	0	4	4	0.6923076923076923
src/rustc/middle/typeck/demand.rs	0	1	1	1.0
src/librustc/middle/infer/error_reporting.rs	36	4	40	0.4423987375065755
src/test/compile-fail/const-fn-stability.rs	1	4	5	0.6271186440677966
src/doc/trpl/choosing-your-guarantees.md	7	3	10	0.6650717703349283
src/test/compile-fail-fulldeps/rustc-macro/load-panic.rs	4	4	8	0.5694444444444444
src/test/run-make/rustc-macro-dep-files/Makefile	2	6	8	0.4065934065934066
src/test/run-pass/unique-containing-tag.rs	12	4	16	0.43209876543209874
doc/po/ja/complement-lang-faq.md.po	2	1	3	0.9090909090909091
src/test/run-pass/regions-dependent-autoslice.rs	12	3	15	0.39473684210526316
src/test/auxiliary/no_method_suggested_traits.rs	7	4	11	0.4444444444444444
src/test/compile-fail/inherit-struct4.rs	3	2	5	0.7746478873239436
src/librustc/hir/map/collector.rs	12	6	18	0.44282238442822386
src/test/compile-fail/borrowck/borrowck-overloaded-index-move-from-vec.rs	2	4	6	0.40476190476190477
src/test/run-pass/pat-tuple-4.rs	3	3	6	0.4915254237288136
src/rt/libuv/config-unix.mk	0	6	6	0.36363636363636365
src/test/compile-fail/attr-on-generic-formals-are-visited.rs	3	4	7	0.5609756097560976
src/test/compile-fail/manual-link-framework.rs	2	3	5	0.6458333333333334
src/test/run-make/stable-symbol-names/stable-symbol-names2.rs	4	5	9	0.40860215053763443
mk/cfg/armv7-unknown-linux-gnueabihf.mk	4	3	7	0.5648148148148148
src/librustdoc/html/static/styles/main.css	12	5	17	0.49575070821529743
src/test/compile-fail/E0117.rs	2	6	8	0.5
src/test/run-make/static-unwinding/main.rs	14	4	18	0.5572755417956656
src/test/run-pass/auto-loop.rs	22	3	25	0.4496124031007752
src/libstd/sys/unix/fast_thread_local.rs	1	3	4	0.3684210526315789
src/test/compile-fail/move-fragments-9.rs	5	3	8	0.4935064935064935
src/librustc_metadata/rbml/reader.rs	0	1	1	1.0
src/lib/istr.rs	0	3	3	0.875
src/test/compile-fail/reserved-f80.rs	0	2	2	0.6
src/test/compile-fail/ret-by-reference-mutable-field.rs	0	1	1	1.0
src/test/compile-fail/borrowck-ref-mut-of-imm.rs	11	3	14	0.6494845360824743
src/test/run-pass/issue-3029.rs	0	4	4	0.5714285714285714
src/test/run-pass/augmented-assignments.rs	4	3	7	0.6907216494845361
src/test/compile-fail/macro-missing-delimiters.rs	2	4	6	0.46551724137931033
src/libstd/vec_ng.rs	13	1	14	0.8415300546448088
src/test/compile-fail/coherence-vec-local-2.rs	7	3	10	0.30434782608695654
src/test/debuginfo/c-style-enum-in-composite.rs	12	4	16	0.49586776859504134
src/test/debuginfo/pretty-uninitialized-vec.rs	4	3	7	0.5208333333333334
src/etc/generate-keyword-tests.py	7	4	11	0.5982142857142857
doc/tutorial/test.sh	0	1	1	1.0
src/libstd/rt/local_ptr.rs	15	2	17	0.8620689655172413
src/test/run-make/link-guard/Makefile	0	2	2	0.5
src/test/run-pass/module-polymorphism3-files/compiletest-ignore-dir	2	3	5	0.5428571428571428
src/test/compile-fail/issue-20193.rs	1	2	3	0.8142857142857143
src/libbacktrace/configure	10	3	13	0.44545454545454544
src/test/run-make/issue-12446/bar.rs	1	4	5	0.75
src/test/run-fail/mir_trans_calls_converging_drops_2.rs	6	4	10	0.5380116959064327
src/test/run-pass-fulldeps/quote-unused-sp-no-warning.rs	16	5	21	0.4907749077490775
src/test/compile-fail/enum-in-scope.rs	14	5	19	0.53125
src/test/compile-fail/issue-15783.rs	10	4	14	0.56
src/test/run-fail/alt-wildcards.rs	7	3	10	0.6166666666666667
src/libcore/default.rs	24	3	27	0.5342706502636204
src/libextra/deque.rs	11	2	13	0.7452229299363057
src/test/compile-fail/blind-item-item-shadow.rs	6	4	10	0.56
src/test/run-make/rustdoc-where/Makefile	6	4	10	0.3218390804597701
src/test/run-pass/issue-2216.rs	14	2	16	0.7541899441340782
src/test/compile-fail/issue-2548.rs	14	3	17	0.6875
src/test/compile-fail/raw-byte-string-eof.rs	3	3	6	0.4888888888888889
src/test/compile-fail/issue-23338-locals-die-before-temps-of-body.rs	5	5	10	0.5789473684210527
src/test/compile-fail/issue-5358-1.rs	10	5	15	0.5911602209944752
src/libunwind/build.rs	9	4	13	0.47928994082840237
src/test/run-pass/issue-4401.rs	16	2	18	0.6987179487179487
src/test/run-pass/issue-22375.rs	2	2	4	0.782608695652174
src/test/run-pass/regions-no-bound-in-argument-cleanup.rs	9	3	12	0.4457831325301205
src/test/run-pass/issue-19340-1.rs	5	3	8	0.49074074074074076
src/libstd/sync/mpsc/sync.rs	21	4	25	0.424390243902439
src/librustc_driver/target_features.rs	8	4	12	0.5978260869565217
src/test/compile-fail/comm-makes-io.rs	0	2	2	0.75
src/test/pretty/issue-4264.rs	9	3	12	0.40756302521008403
src/librustc_trans/disr.rs	0	4	4	0.5
src/test/parse-fail/doc-before-mod-rbrace.rs	2	2	4	0.5789473684210527
src/lib/io.rs	8	5	13	0.2553191489361702
src/libstd/arena.rs	18	3	21	0.5051194539249146
src/test/compile-fail/liveness-if-with-else.rs	7	2	9	0.796875
src/libstd/bigint.rs	11	4	15	0.6129032258064516
src/rt/rust_port_selector.cpp	3	6	9	0.5
src/rustdoc_ng/rustdoc_ng.rs	2	2	4	0.8823529411764706
src/test/compile-fail/coherence-projection-ok.rs	2	4	6	0.4878048780487805
src/test/run-pass/aux/method_self_arg1.rs	0	1	1	1.0
src/test/run-pass/phase-syntax-link-does-resolve.rs	3	1	4	0.9074074074074074
src/test/parse-fail/keywords-followed-by-double-colon.rs	6	4	10	0.4948453608247423
src/comp/middle/trans_uniq.rs	2	3	5	0.3939393939393939
src/test/run-make/save-analysis/Makefile	6	3	9	0.6887417218543046
src/libcore/panicking.rs	9	4	13	0.4040920716112532
src/test/compile-fail-fulldeps/rustc-macro/shadow-builtin.rs	4	4	8	0.5694444444444444
src/test/parse-fail/issue-33413.rs	1	4	5	0.5897435897435898
src/test/parse-fail/new-unicode-escapes-2.rs	3	4	7	0.4117647058823529
src/libextra/terminfo/searcher.rs	11	1	12	0.8191489361702128
src/test/compile-fail/regions-outlives-nominal-type-struct.rs	0	1	1	1.0
src/lib/win32_fs.rs	9	4	13	0.25
src/test/parse-fail/lex-bad-char-literals-1.rs	2	3	5	0.47058823529411764
src/test/run-pass/exhaustive-bool-match-sanity.rs	3	5	8	0.5454545454545454
src/test/parse-fail/unsized.rs	3	4	7	0.4117647058823529
src/test/run-pass/impl-inherent-non-conflict.rs	6	3	9	0.3968253968253968
src/test/compile-fail/tstate-unsat-in-fn-expr.rs	0	7	7	0.35714285714285715
src/test/run-pass/union/union-pat-refutability.rs	2	3	5	0.5238095238095238
src/librustc_typeck/coherence/orphan.rs	29	5	34	0.4298526585522101
src/test/compile-fail/aux/no_method_suggested_traits.rs	0	1	1	1.0
src/libcollections/vec_deque.rs	46	5	51	0.523301516002246
src/libsyntax_ext/rustc_macro_registrar.rs	4	5	9	0.5596330275229358
src/test/compile-fail/removed-syntax-enum-newtype.rs	8	3	11	0.45454545454545453
src/doc/style/style/naming/README.md	4	6	10	0.38095238095238093
src/libstd/os/freebsd/raw.rs	12	4	16	0.6062992125984252
src/test/run-pass/borrowck/borrowck-move-by-capture-ok.rs	3	4	7	0.4411764705882353
src/rt/libuv/ev/Makefile.am	0	2	2	0.5
src/test/run-pass/unboxed-closures-infer-argument-types-from-expected-bound.rs	8	3	11	0.40298507462686567
src/test/compile-fail/coherence-conflicting-negative-trait-impl.rs	10	3	13	0.5576036866359447
src/test/compile-fail/unboxed-closures-static-call-wrong-trait.rs	10	4	14	0.460093896713615
src/test/run-pass/match-byte-array-patterns.rs	3	3	6	0.6904761904761905
src/test/debuginfo/lexical-scope-in-if.rs	10	3	13	0.4918032786885246
src/fuzzer/fuzzer.rs	17	8	25	0.23371647509578544
src/test/compile-fail/old-suffixes-are-really-forbidden.rs	5	3	8	0.5352112676056338
src/test/compile-fail/asm-gated.rs	0	3	3	0.6666666666666666
src/test/run-pass/issue-18859.rs	5	3	8	0.4409448818897638
src/libstd/num/float_macros.rs	10	4	14	0.5
src/test/compile-fail/illegal-ufcs-drop.rs	2	2	4	0.5517241379310345
src/doc/complement-lang-faq.md	27	4	31	0.6146341463414634
src/test/run-make/static-dylib-by-default/main.c	0	3	3	0.5263157894736842
src/libpanic_unwind/lib.rs	10	4	14	0.4782608695652174
src/librustpkg/testsuite/pass/src/install-paths/main.rs	2	2	4	0.8095238095238095
src/test/run-pass/basic-2.rs	10	5	15	0.3269230769230769
src/libstd/rand/reseeding.rs	4	2	6	0.8227848101265823
src/test/parse-fail/extern-foreign-crate.rs	3	4	7	0.3548387096774194
doc/po/ja/tutorial-tasks.md.po	6	1	7	0.8923076923076924
src/libgreen/task.rs	14	2	16	0.7654545454545455
src/test/compile-fail/const-eval-overflow-4.rs	6	6	12	0.31521739130434784
src/librustc/metadata/tyencode.rs	49	3	52	0.6282835552356963
src/test/run-pass/deriving-generic-bounded.rs	0	4	4	0.375
src/test/run-pass/match-ref-binding-mut-option.rs	5	3	8	0.3592233009708738
src/test/compile-fail/issue-3096-1.rs	0	3	3	0.5
src/test/run-pass/inherit-struct1.rs	2	2	4	0.8181818181818182
src/libpanic_abort/lib.rs	2	4	6	0.5232558139534884
src/libstd/rand/ziggurat_tables.rs	0	2	2	0.92
src/librustc_trans/glue.rs	17	6	23	0.4390832328106152
src/test/run-pass/trait-inheritance-num3.rs	16	3	19	0.6131386861313869
mk/cfg/x86_64-pc-windows-gnu.mk	12	3	15	0.609271523178808
src/test/run-pass/aux/where_clauses_xc.rs	0	1	1	1.0
src/test/compile-fail/issue-20616-5.rs	3	4	7	0.6470588235294118
src/test/ui/span/borrowck-let-suggestion-suffixes.stderr	2	4	6	0.5853658536585366
src/test/run-pass/infer-from-object-trait-issue-26952.rs	2	3	5	0.7619047619047619
src/test/auxiliary/issue-17718-aux.rs	2	3	5	0.38095238095238093
src/test/run-pass/issue-36036-associated-type-layout.rs	4	2	6	0.6341463414634146
src/test/compile-fail/union/union-fields.rs	5	4	9	0.4787234042553192
src/test/run-make/graphviz-flowgraph/f08.rs	6	2	8	0.6285714285714286
src/libstd/to_string.rs	0	3	3	0.52
src/test/compile-fail/non-constant-in-const-path.rs	6	4	10	0.5630252100840336
src/test/auxiliary/reachable-unnameable-items.rs	3	3	6	0.5154639175257731
src/libstd/routine.rs	0	3	3	0.8181818181818182
src/test/run-pass/dst-deref.rs	8	3	11	0.4090909090909091
src/test/run-pass/size-and-align.rs	23	3	26	0.5552238805970149
src/test/compile-fail/issue-17718-references.rs	5	3	8	0.6309523809523809
src/test/compile-fail/aux/crateresolve1-1.rs	0	1	1	1.0
src/test/run-pass/issue-16602-1.rs	3	3	6	0.68
src/test/codegen-units/generic-impl.rs	2	3	5	0.4793388429752066
src/test/run-make/pretty-expanded-hygiene/input.rs	7	4	11	0.4878048780487805
src/test/rustdoc/issue-19190.rs	7	4	11	0.47863247863247865
src/doc/style/style/comments.md	7	6	13	0.42201834862385323
src/test/compile-fail/attr-before-eof.rs	5	3	8	0.4489795918367347
src/boot/llvm/llemit.ml	0	1	1	1.0
src/test/compile-fail/lint-non-camel-case-type.rs	0	1	1	1.0
src/librustc_incremental/calculate_svh.rs	11	5	16	0.4444444444444444
src/libstd/io/test.rs	19	2	21	0.6377295492487479
src/test/compile-fail/marker-no-share.rs	5	2	7	0.5660377358490566
src/libproc_macro_plugin/prelude.rs	2	3	5	0.6052631578947368
src/libcoretest/num/u8.rs	4	2	6	0.5227272727272727
src/test/compile-fail/issue-3008-3.rs	8	3	11	0.5827814569536424
src/test/parse-fail/issue-5544-b.rs	4	4	8	0.4418604651162791
src/test/run-pass/regions-nullary-variant.rs	12	4	16	0.43452380952380953
src/libsyntax/lib.rs	66	4	70	0.5252196550602017
src/libstd/sys/common/unwind/mod.rs	10	3	13	0.6470588235294118
src/test/run-fail/overflowing-lsh-3.rs	14	5	19	0.3356164383561644
src/test/run-pass/issue_3136_b.rs	10	4	14	0.3888888888888889
src/test/compile-fail/borrowck-vec-pattern-loan-from-mut.rs	13	3	16	0.6
src/test/parse-fail/keyword-impl-as-identifier.rs	6	3	9	0.5333333333333333
src/test/codegen-units/partitioning/inlining-from-extern-crate.rs	4	3	7	0.6330935251798561
src/test/parse-fail/keyword-move-as-identifier.rs	2	3	5	0.6216216216216216
src/test/compile-fail/borrowck-object-mutability.rs	11	2	13	0.688
src/test/compile-fail/impl-duplicate-methods.rs	14	4	18	0.5102040816326531
src/test/auxiliary/cci_nested_lib.rs	18	4	22	0.5862831858407079
src/test/compile-fail/issue-5239-1.rs	13	5	18	0.37448559670781895
src/test/compile-fail/plugin-extern-crate-attr-deprecated.rs	1	3	4	0.4298245614035088
src/test/compile-fail/borrowck-wg-borrow-mut-to-imm-fail-2.rs	3	2	5	0.803921568627451
src/test/run-pass/test-ignore-cfg.rs	18	2	20	0.7433628318584071
src/rustllvm/MachOObjectFile.cpp	0	1	1	1.0
src/test/compile-fail/region-borrow-params-issue-29793-small.rs	7	3	10	0.4307692307692308
src/test/run-pass/expr-alt-struct.rs	9	4	13	0.4567901234567901
src/libcore/iter/mod.rs	14	6	20	0.46449136276391556
src/test/run-make/graphviz-flowgraph/f16.dot-expected.dot	11	2	13	0.4702702702702703
src/librustc/README.md	6	4	10	0.37850467289719625
src/test/run-make/target-cpu-native/Makefile	3	3	6	0.5151515151515151
src/librustpkg/workcache_support.rs	6	2	8	0.873015873015873
src/test/auxiliary/crateresolve1-2.rs	11	4	15	0.5483870967741935
src/test/stdtest/either.rs	0	6	6	0.3333333333333333
src/test/run-pass/issue-3559.rs	18	3	21	0.5459317585301837
src/etc/vim/doc/rust.txt	6	3	9	0.6190476190476191
src/test/compile-fail/object-safety-by-value-self-use.rs	4	3	7	0.543859649122807
mk/libuv/win/src/rt/libuv/uv.Makefile	0	2	2	0.5
src/test/run-fail/expr-alt-fail.rs	3	6	9	0.5151515151515151
src/test/run-pass/fn-item-type-zero-sized.rs	2	3	5	0.6086956521739131
src/test/run-pass/aux/issue-16643.rs	0	1	1	1.0
src/libsync/comm/shared.rs	6	3	9	0.6301369863013698
src/test/compile-fail/issue-2969.rs	9	2	11	0.7090909090909091
src/test/run-pass/class-cast-to-trait.rs	16	3	19	0.5825825825825826
src/test/compile-fail/issue-33784.rs	2	3	5	0.4339622641509434
coercions.md	0	1	1	1.0
src/test/compile-fail/object-lifetime-default-ambiguous.rs	5	3	8	0.5887850467289719
src/test/compile-fail/const-pattern-not-const-evaluable.rs	9	4	13	0.4971751412429379
src/test/auxiliary/issue_3907_1.rs	5	3	8	0.5164835164835165
src/doc/trpl/src/guessing-game.md	0	2	2	0.9
src/etc/x86.supp	21	2	23	0.6269230769230769
src/test/compile-fail/bad-intrinsic-monomorphization.rs	3	3	6	0.5128205128205128
src/test/compile-fail/issue-13624.rs	5	5	10	0.5027624309392266
src/test/run-pass/binops.rs	29	4	33	0.49464668094218417
src/test/compile-fail/coherence_copy_like_err_struct.rs	6	3	9	0.5116279069767442
src/rt/libuv/src/ares/ares_parse_srv_reply.c	0	4	4	0.5
doc/tutorial/task.md	0	2	2	0.5
src/test/run-pass/sigpipe-should-be-ignored.rs	14	5	19	0.39655172413793105
src/test/codegen-units/item-collection/auxiliary/cgu_export_trait_method.rs	0	1	1	1.0
src/test/parse-fail/reserved-be.rs	0	3	3	0.6857142857142857
src/test/run-pass/const-block.rs	8	3	11	0.3333333333333333
src/libsyntax/parse/classify.rs	33	2	35	0.631578947368421
src/test/compile-fail/loops-reject-duplicate-labels.rs	7	4	11	0.45348837209302323
src/test/run-pass/issue-37175.rs	4	3	7	0.36666666666666664
src/rt/libuv/src/ares/ares_ipv6.h	0	3	3	0.6
src/test/compile-fail/aux/macro_reexport_1.rs	0	1	1	1.0
src/test/compile-fail/panic-runtime/want-unwind-got-abort.rs	1	4	5	0.5405405405405406
src/test/compile-fail/issue-14303-trait.rs	3	3	6	0.425
src/librustc/middle/infer/skolemize.rs	2	3	5	0.5826086956521739
appveyor.yml	3	3	6	0.3953488372093023
src/test/run-pass/monomorphize-trait-in-fn-at.rs	6	2	8	0.75
src/test/compile-fail/E0076.rs	3	4	7	0.4067796610169492
src/libcore/raw.rs	21	4	25	0.41935483870967744
src/rt/libuv/src/win/handle.c	0	2	2	0.8
src/test/run-pass/union-pat-refutability.rs	0	1	1	1.0
src/rt/globals.h	0	3	3	0.625
mk/cfg/i686-pc-windows-gnu	4	3	7	0.6764705882352942
src/rt/arch/x86_64/gpr.h	7	2	9	0.6785714285714286
src/bootstrap/lib.rs	18	5	23	0.43455497382198954
src/test/rustdoc/macros.rs	5	2	7	0.43209876543209874
src/test/rustdoc/manual_impl.rs	1	4	5	0.5113636363636364
src/rt/libuv/src/eio/eio.c	0	3	3	0.3333333333333333
src/test/run-pass/block-arg-used-as-any.rs	7	3	10	0.7
src/librustc_mir/hair/cx/block.rs	8	4	12	0.5446808510638298
src/test/run-pass/builtin-superkinds-in-metadata.rs	14	3	17	0.509090909090909
doc/po/ja/guide-macros.md.po	2	1	3	0.9090909090909091
src/libsyntax/diagnostic.rs	79	3	82	0.5867309117865085
src/test/rustdoc/issue-23744.rs	2	3	5	0.4782608695652174
src/test/compile-fail/moves-sru-moved-field.rs	9	3	12	0.5987261146496815
src/test/run-make/lto-syntax-extension/main.rs	4	4	8	0.5549132947976878
src/doc/po/ja/guide-lifetimes.md.po	3	1	4	0.8955223880597015
src/test/run-pass/traits-conditional-dispatch.rs	6	3	9	0.39215686274509803
src/test/incremental/issue-35593.rs	1	5	6	0.3953488372093023
src/test/compile-fail/issue-19883.rs	7	4	11	0.47368421052631576
src/libregex/testdata/LICENSE	2	4	6	0.5686274509803921
src/test/run-pass/issue-17302.rs	5	3	8	0.4473684210526316
doc/guide-pointers.md	8	1	9	0.8392857142857143
src/test/compile-fail/keyword-false-as-identifier.rs	6	3	9	0.703125
src/librustc_data_structures/ivar.rs	4	3	7	0.7215189873417721
src/libstd/sys/common/backtrace.rs	24	4	28	0.42255125284738043
src/rustc/test_shim/lib.rs	2	3	5	0.6052631578947368
src/rt/libuv/ev/ev_poll.c	0	2	2	0.5
src/test/parse-fail/default.rs	2	3	5	0.75
src/test/compile-fail/placement-new-bad-method-type.rs	0	8	8	0.21428571428571427
src/test/compile-fail/dropck_arr_cycle_checked.rs	10	4	14	0.44081632653061226
src/librustsyntax/util/interner.rs	0	2	2	0.5
src/test/compile-fail/issue-6977.rs	7	3	10	0.40458015267175573
src/test/run-pass-fulldeps/lint-plugin-cmdline.rs	1	3	4	0.6774193548387096
src/grammar/check.sh	8	3	11	0.3974358974358974
src/test/compile-fail/regions-nested-fns.rs	18	4	22	0.5309446254071661
src/test/run-make/issue-12446/foo.rs	2	3	5	0.8085106382978723
src/libsyntax/ext/simplext.rs	7	7	14	0.27
src/test/run-make/issue-28595/Makefile	1	3	4	0.75
src/test/run-pass/mir_constval_adts.rs	6	4	10	0.5029239766081871
src/test/compile-fail/issue-25579.rs	2	5	7	0.4888888888888889
src/test/compile-fail/coherence-pair-covered-uncovered-1.rs	4	3	7	0.3883495145631068
src/test/run-pass/issue-4228.rs	5	3	8	0.574468085106383
src/libstd/sync/atomics_stage0.rs	0	3	3	0.8823529411764706
src/test/run-pass/aux/issue_9155.rs	0	1	1	1.0
src/libsyntax_pos/Cargo.toml	3	5	8	0.27586206896551724
src/test/run-pass/byte-literals.rs	15	3	18	0.4880546075085324
src/test/run-pass/parse-complex-macro-invoc-op.rs	5	3	8	0.620253164556962
src/test/run-pass/mir_void_return_2.rs	4	5	9	0.46511627906976744
src/test/auxiliary/trait_safety_lib.rs	4	4	8	0.34408602150537637
src/test/run-make/rustdoc-search-index/verify.sh	4	3	7	0.38317757009345793
src/libcore/internal_macros.rs	0	2	2	0.9
src/libstd/unstable/simd.rs	3	1	4	0.9285714285714286
src/librustc_typeck/diagnostics.rs	68	5	73	0.4662673392181589
mk/cfg/i586-mingw32msvc	2	2	4	0.7073170731707317
src/test/compile-fail/no_owned_box_lang_item.rs	5	4	9	0.5734265734265734
src/rt/libuv/src/ares/NEWS	0	3	3	0.6
src/test/compile-fail/issue-22426-2.rs	3	2	5	0.6333333333333333
dot-operator.md	0	1	1	1.0
src/librustc_back/target/arm_unknown_linux_gnueabihf.rs	19	3	22	0.4811320754716981
src/test/run-pass/unboxed-closures-by-ref.rs	13	3	16	0.41013824884792627
src/test/compile-fail/ext-noname.rs	0	8	8	0.23076923076923078
src/test/run-pass/arith-2.rs	12	3	15	0.3987730061349693
src/test/run-pass/borrowck-move-by-capture-ok.rs	11	4	15	0.45866666666666667
src/test/run-pass/assert-ne-macro-success.rs	5	4	9	0.45454545454545453
src/bootstrap/mk/Makefile.in	9	5	14	0.5138539042821159
src/libcoretest/num/i64.rs	4	2	6	0.5116279069767442
src/test/compile-fail/vec-mut-iter-borrow.rs	18	2	20	0.608
src/libcollections/hash/sip.rs	15	2	17	0.5739795918367347
src/test/parse-fail/raw-byte-string-eof.rs	4	4	8	0.39285714285714285
src/test/compile-fail/fn-item-type.rs	7	5	12	0.5165876777251185
mk/libuv/arm/unix/android/src/libuv/run-tests.target.mk	0	7	7	0.4375
src/doc/style/features/traits/generics.md	7	6	13	0.5
src/test/compile-fail/borrowck-escaping-closure-error-1.rs	4	4	8	0.46153846153846156
src/librustc_back/target/arm_apple_ios.rs	4	2	6	0.5784313725490197
src/test/rustdoc/inline_local/issue-32343.rs	2	4	6	0.3488372093023256
src/test/compile-fail/E0027.rs	5	3	8	0.4090909090909091
src/test/compile-fail/regions-variance-invariant-use-contravariant.rs	2	3	5	0.6458333333333334
src/fuzzer/fuzzer.rc	5	6	11	0.28205128205128205
src/test/run-pass/trailing-comma.rs	10	5	15	0.34782608695652173
src/test/parse-fail/issue-17718-const-mut.rs	4	4	8	0.39285714285714285
src/test/compile-fail/issue-818.rs	2	4	6	0.6578947368421053
src/test/compile-fail/auxiliary/svh-b.rs	1	3	4	0.38461538461538464
src/test/run-make/allow-warnings-cmdline-stability/Makefile	4	3	7	0.35185185185185186
src/libcore/hash/mod.rs	23	4	27	0.42330259849119867
src/rt/libuv/src/ares/ares_search.c	0	4	4	0.5
src/test/debuginfo/recursive-enum.rs	10	3	13	0.4777777777777778
src/librustc_mir/tcx/mod.rs	7	2	9	0.7195767195767195
src/test/run-pass/issue-23781.rs	2	3	5	0.5
src/test/run-pass/nullable-pointer-opt-closures.rs	3	4	7	0.4318181818181818
src/librustc_trans/builder.rs	14	5	19	0.4117647058823529
src/test/compile-fail/borrowck-array-double-move.rs	6	3	9	0.5636363636363636
src/librustrt/util.rs	8	2	10	0.5055350553505535
src/test/run-pass/no-core-1.rs	1	3	4	0.6774193548387096
src/test/compile-fail/placement-expr-unstable.rs	5	2	7	0.6991869918699187
src/test/rustdoc/issue-18199.rs	5	3	8	0.573170731707317
src/test/run-pass/morestack3.rs	5	4	9	0.6708860759493671
src/librand/distributions/normal.rs	21	3	24	0.5007898894154819
src/librustc_data_structures/obligation_forest/test.rs	6	3	9	0.6514285714285715
src/tools/compiletest/build.rs	2	2	4	0.7857142857142857
src/test/compile-fail/deriving-span-Zero-struct.rs	7	2	9	0.7142857142857143
src/test/run-pass/specialization/auxiliary/go_trait.rs	0	2	2	0.6666666666666666
src/test/run-pass/obj-with-vec.rs	0	8	8	0.4444444444444444
src/test/compile-fail/E0071.rs	6	5	11	0.3705357142857143
src/test/parse-fail/associated-types-project-from-hrtb-explicit.rs	5	3	8	0.36764705882352944
src/test/compile-fail/issue-17263.rs	9	4	13	0.46107784431137727
src/libstd/sys/common/stack.rs	11	4	15	0.3485838779956427
src/test/compile-fail/issue-20433.rs	2	3	5	0.3488372093023256
src/test/auxiliary/issue-11908-1.rs	2	2	4	0.897196261682243
src/doc/guide-testing.md	18	3	21	0.47438330170777987
src/test/run-fail/fail-task-name-send-str.rs	8	2	10	0.7848101265822784
src/test/compile-fail/deriving-span-Eq-enum.rs	2	2	4	0.9038461538461539
src/test/auxiliary/coherence-orphan-lib.rs	3	3	6	0.35294117647058826
src/test/compile-fail/class-missing-self.rs	14	3	17	0.4793814432989691
src/librustc_incremental/calculate_svh/svh_visitor.rs	11	5	16	0.43301435406698563
src/test/run-pass/issue-14940.rs	12	5	17	0.29743589743589743
src/test/compile-fail/issue-14541.rs	6	4	10	0.5633802816901409
src/test/run-pass/trait-safety-ok.rs	4	4	8	0.3790849673202614
src/test/run-pass/multibyte.rs	10	3	13	0.6565656565656566
src/test/compile-fail/macro-reexport-malformed-3.rs	6	3	9	0.4157303370786517
src/test/run-pass/mod_dir_simple/test.rs	3	3	6	0.38461538461538464
src/libstd/sys/unix/weak.rs	3	3	6	0.5072463768115942
src/test/compile-fail/macro-tt-matchers.rs	4	5	9	0.3274336283185841
src/test/run-pass/deriving-clone-tuple-struct.rs	8	3	11	0.47058823529411764
src/test/run-fail/test-should-fail-bad-message.rs	10	5	15	0.3551912568306011
src/librustc/back/link.rs	83	2	85	0.7731916632611361
src/test/auxiliary/crate_with_invalid_spans.rs	5	4	9	0.336283185840708
src/test/compile-fail/auxiliary/pub_static_array.rs	0	4	4	0.5
src/doc/prep.js	3	1	4	0.9
src/test/run-pass/newlambdas-ret-infer2.rs	10	4	14	0.4166666666666667
src/test/run-make/c-dynamic-rlib/foo.rs	4	1	5	0.8947368421052632
src/librustc/traits/README.md	0	4	4	0.5
src/test/compile-fail/borrowck-issue-14498.rs	9	3	12	0.43448275862068964
src/test/compile-fail/aux/svh-a-change-type-static.rs	0	1	1	1.0
src/test/run-make/issue-14500/Makefile	5	4	9	0.5887850467289719
src/test/run-pass-fulldeps/proc-macro/append-impl.rs	0	3	3	0.3333333333333333
src/libcore/uint-template/uint.rs	7	5	12	0.36
src/test/compile-fail/useless-priv.rs	7	4	11	0.6118421052631579
src/test/run-pass/deref.rs	11	3	14	0.5202312138728323
src/test/debuginfo/lexical-scope-in-match.rs	10	3	13	0.47639484978540775
src/test/compile-fail/namespace-mix-old.rs	4	3	7	0.45652173913043476
src/test/compile-fail/issue-5035.rs	14	4	18	0.5287356321839081
src/test/compile-fail/deriving-primitive.rs	11	3	14	0.6756756756756757
src/test/compile-fail/issue-21974.rs	5	4	9	0.5822784810126582
src/test/compile-fail-fulldeps/rustc-macro/import.rs	4	4	8	0.5694444444444444
src/test/debuginfo/generic-tuple-style-enum.rs	11	4	15	0.5
src/test/run-pass/float-signature.rs	10	3	13	0.68
src/test/parse-fail/removed-syntax-enum-newtype.rs	3	4	7	0.40540540540540543
src/test/run-fail/fail-macro-static.rs	7	2	9	0.6842105263157895
src/librustc_resolve/diagnostics.rs	31	5	36	0.45
src/test/run-make/graphviz-flowgraph/f02.rs	1	3	4	0.8064516129032258
src/test/compile-fail/feature-gate-abi.rs	3	4	7	0.5806451612903226
src/libstd/sync/mpsc/oneshot.rs	19	3	22	0.4344422700587084
src/test/compile-fail/issue-20616-8.rs	6	3	9	0.5466666666666666
src/doc/style/changing/README.md	4	4	8	0.4307692307692308
src/test/compile-fail/issue-3521-2.rs	14	3	17	0.5652173913043478
src/test/run-pass/try-operator.rs	6	4	10	0.47474747474747475
src/tools/tidy/Cargo.toml	2	3	5	0.5961538461538461
src/test/run-pass/unique-alt-discrim.rs	1	5	6	0.6129032258064516
src/librustc/back/svh.rs	10	1	11	0.8802816901408451
src/test/compile-fail/borrowck-assign-to-andmut-in-borrowed-loc.rs	6	3	9	0.6891891891891891
src/rt/libuv/test/test-shutdown-eof.c	0	4	4	0.5714285714285714
src/libregex/testdata/nullsubexpr.dat	2	4	6	0.5686274509803921
src/test/run-pass/syntax-extension-cfg.rs	8	3	11	0.49372384937238495
doc/manual.css	0	4	4	0.7692307692307693
src/test/auxiliary/linkage1.rs	4	4	8	0.4065040650406504
src/libstd/thread.rs	26	3	29	0.3962920046349942
src/test/auxiliary/issue-26606-macro.rs	3	3	6	0.5052631578947369
src/librustc_passes/no_asm.rs	4	6	10	0.3877551020408163
src/test/run-make/rustdoc-json/Makefile	5	2	7	0.6923076923076923
src/test/run-pass/aux/issue_8401.rs	0	1	1	1.0
src/test/run-pass/regions-escape-into-other-fn.rs	13	3	16	0.46153846153846156
src/test/debuginfo/issue14411.rs	7	5	12	0.4608695652173913
src/test/compile-fail/regions-outlives-nominal-type-struct-type-rev.rs	1	2	3	0.8571428571428571
src/tools/tidy/src/errors.rs	3	4	7	0.59375
mk/cfg/arm-linux-androideabi.mk	4	4	8	0.6428571428571429
src/test/compile-fail/extern-expected-fn-or-brace.rs	4	3	7	0.5084745762711864
src/libsync/lock.rs	11	3	14	0.6624040920716112
src/test/parse-fail/generic-non-trailing-defaults.rs	5	3	8	0.36764705882352944
src/test/compile-fail/specialization/specialization-feature-gate-default.rs	1	3	4	0.75
src/test/compile-fail/associated-item-duplicate-names.rs	4	3	7	0.6451612903225806
src/test/run-make/trace-macros-flag/Makefile	4	3	7	0.4791666666666667
src/test/compile-fail/issue-32655.rs	5	3	8	0.6025641025641025
mk/cfg/i686-apple-darwin	3	3	6	0.6627906976744186
mk/cfg/i686-unknown-haiku.mk	4	4	8	0.3709677419354839
src/test/codegen-units/item-collection/aux/cgu_generic_function.rs	0	1	1	1.0
src/test/compile-fail/regions-close-object-into-object.rs	4	3	7	0.38848920863309355
src/test/run-pass/vector-sort-panic-safe.rs	17	3	20	0.3708029197080292
src/test/run-pass/object-one-type-two-traits.rs	6	3	9	0.5027027027027027
src/test/compile-fail/issue-1896.rs	1	7	8	0.30434782608695654
src/doc/trpl/method-lookup.md	0	1	1	1.0
src/test/run-pass/aux/issue-10028.rs	0	1	1	1.0
src/compiletest/procsrv.rs	46	3	49	0.6153169014084507
FiraSans-Regular.woff	0	1	1	1.0
src/librustc/ty/cast.rs	3	4	7	0.5849056603773585
src/test/run-fail/unwind-rec.rs	14	4	18	0.5196078431372549
src/test/run-pass/augmented-assignments-trait.rs	0	4	4	0.5
src/test/run-pass/issue-25700-1.rs	2	3	5	0.6857142857142857
src/test/ui/compare-method/region-unrelated.stdout	1	2	3	0.6764705882352942
src/driver/driver.rs	24	4	28	0.5967153284671532
src/test/compile-fail/regions-close-object-into-object-5.rs	6	4	10	0.4772727272727273
src/libproc_macro_plugin/parse.rs	2	3	5	0.6052631578947368
src/test/run-pass/type-use-i1-versus-i8.rs	12	2	14	0.5528455284552846
src/test/run-pass/task-compare.rs	8	6	14	0.23809523809523808
src/librustc/middle/borrowck/gather_loans/lifetime.rs	20	2	22	0.7033898305084746
src/test/run-fail/binop-fail-2.rs	12	1	13	0.8043478260869565
src/test/run-make/error-writing-dependencies/Makefile	3	3	6	0.42
src/libcollectionstest/lib.rs	31	5	36	0.48586707410236823
src/test/run-pass/aux/cgu_test_b.rs	0	1	1	1.0
src/test/compile-fail/inherit-struct6.rs	2	2	4	0.8181818181818182
src/lib/Option.rs	0	1	1	1.0
src/test/compile-fail/E0092.rs	2	5	7	0.3543307086614173
src/librustc/middle/typeck/check/mod.rs	97	2	99	0.6957087126137841
mk/libuv/ia32/win/src/libuv/uv.target.mk	0	6	6	0.5
src/test/run-pass/autoderef-method-twice.rs	13	3	16	0.43354430379746833
src/test/parse-fail/removed-syntax-uniq-mut-expr.rs	7	3	10	0.5645161290322581
src/test/compile-fail/feature-gate-advanced-slice-features.rs	7	3	10	0.4112903225806452
src/test/run-pass/generic-fn.rs	16	3	19	0.5317725752508361
src/test/compile-fail/E0424.rs	4	3	7	0.43373493975903615
src/test/compile-fail/issue-4935.rs	12	4	16	0.5
src/libserialize/lib.rs	33	3	36	0.4697785757031718
src/librustc_typeck/check/autoderef.rs	11	6	17	0.3303834808259587
src/librustc/middle/ty/fast_reject.rs	7	3	10	0.567741935483871
src/libstd/sys/unix/backtrace.rs	24	4	28	0.3721436343852013
src/test/compile-fail/union-move.rs	0	1	1	1.0
src/test/compile-fail/issue-23589.rs	2	3	5	0.65
src/test/compile-fail/import4.rs	13	4	17	0.5180722891566265
src/test/compile-fail/E0296.rs	1	3	4	0.5094339622641509
src/libstd/os/solaris/mod.rs	3	2	5	0.7868852459016393
src/test/run-pass/logging-only-prints-once.rs	17	3	20	0.5375586854460094
src/libextra/terminfo/mod.rs	0	2	2	0.875
src/librustc_passes/ast_validation.rs	12	5	17	0.36325678496868474
src/test/auxiliary/issue_2242_c.rs	12	3	15	0.725
src/test/auxiliary/issue_21202.rs	3	3	6	0.373134328358209
src/test/auxiliary/cci_intrinsic.rs	14	4	18	0.46111111111111114
src/test/compile-fail/aux/lint_unused_extern_crate.rs	0	1	1	1.0
src/libstd/sys/unix/backtrace/tracing/mod.rs	0	3	3	0.8125
src/test/run-pass/macro-meta-items.rs	10	5	15	0.3798449612403101
src/rt/sync/timer.h	3	4	7	0.5769230769230769
src/test/rustdoc/auxiliary/issue-28927-1.rs	2	3	5	0.40789473684210525
src/librustc/metadata/creader.rs	68	3	71	0.583996966249526
src/test/rustdoc/src-links.rs	5	4	9	0.4090909090909091
src/test/run-pass/issue-18652.rs	13	3	16	0.38461538461538464
src/libunicode/lib.rs	20	3	23	0.38658536585365855
src/test/run-pass/arith-unsigned.rs	9	3	12	0.48299319727891155
src/doc/trpl/closures.md	22	4	26	0.5592920353982301
src/test/run-pass/specialization-cross-crate-defaults.rs	0	1	1	1.0
src/rt/vg/valgrind.h	3	1	4	0.8695652173913043
src/test/run-pass/issue-16272.rs	10	5	15	0.2839506172839506
src/libstd/fs/tempdir.rs	2	3	5	0.4232558139534884
src/test/parse-fail/regions-infer-paramd-method.rs	3	3	6	0.6056338028169014
src/librustpkg/testsuite/pass/src/install-paths/lib.rs	3	1	4	0.85
src/rt/arch/aarch64/record_sp.S	3	3	6	0.5694444444444444
src/test/compile-fail/import-shadow-2.rs	4	2	6	0.625
src/test/run-fail/overflowing-simd-rsh-3.rs	4	2	6	0.8448275862068966
src/test/run-make/dylib-chain/m4.rs	2	2	4	0.8787878787878788
src/test/debuginfo/include_string.rs	10	3	13	0.48823529411764705
src/test/compile-fail/super-at-top-level.rs	11	4	15	0.5496688741721855
src/libstd/par.rs	18	5	23	0.415
src/test/auxiliary/noexporttypelib.rs	9	4	13	0.4084507042253521
src/test/compile-fail/moves-based-on-type-distribute-copy-over-paren.rs	8	3	11	0.656
src/test/run-make/crate-name-priority/Makefile	2	3	5	0.6857142857142857
src/etc/adb_run_wrapper.sh	9	3	12	0.6990291262135923
src/test/run-pass/issue-12729.rs	4	3	7	0.5370370370370371
src/doc/nomicon/exception-safety.md	0	3	3	0.6923076923076923
src/test/compile-fail/issue-2611-3.rs	5	4	9	0.6842105263157895
src/test/run-make/lto-smoke-c/bar.c	3	3	6	0.41818181818181815
src/test/auxiliary/nested_item.rs	7	4	11	0.4453125
src/test/compile-fail/E0088.rs	1	4	5	0.4827586206896552
src/test/run-pass/const-contents.rs	10	3	13	0.40816326530612246
src/test/run-pass/labeled-break.rs	15	2	17	0.46113989637305697
src/test/run-make/issue-25581/test.rs	2	3	5	0.5681818181818182
src/test/run-pass/foreign-mod-src/inner.rs	0	5	5	0.6111111111111112
src/test/auxiliary/issue_12612_1.rs	3	3	6	0.373134328358209
src/test/run-pass/issue-18906.rs	5	3	8	0.6363636363636364
src/test/compile-fail/issue-25700.rs	2	3	5	0.6857142857142857
src/librustrt/thread_local_storage.rs	7	2	9	0.5899280575539568
src/libunicode/decompose.rs	3	1	4	0.9387755102040817
src/test/compile-fail/impl-unused-rps-in-assoc-type.rs	6	4	10	0.42857142857142855
src/test/compile-fail/dst-bad-assign-2.rs	11	3	14	0.44308943089430897
src/test/run-make/c-static-dylib/cfoo.c	3	3	6	0.43859649122807015
src/test/rustdoc/auxiliary/issue-30109-1.rs	0	1	1	1.0
src/test/compile-fail/borrowck-vec-pattern-tail-element-loan.rs	19	3	22	0.6300268096514745
src/test/run-pass/deriving-clone-array.rs	2	2	4	0.8
src/test/compile-fail-fulldeps/rustc-macro/require-rustc-macro-crate-type.rs	4	4	8	0.5694444444444444
src/lib/math.rs	0	6	6	0.4444444444444444
src/test/run-make/no-builtins-lto/no_builtins.rs	2	3	5	0.576271186440678
src/test/parse-fail/macro-keyword.rs	3	4	7	0.4117647058823529
src/test/compile-fail/liveness-ctor-uninit-var.rs	0	3	3	0.7142857142857143
src/test/run-pass/unique-decl-init.rs	11	3	14	0.44502617801047123
src/test/compile-fail/if-let-arm-types.rs	8	3	11	0.5
src/test/run-pass/default_ty_param_struct_and_type_alias.rs	5	3	8	0.7407407407407407
src/test/compile-fail/issue-16048.rs	9	6	15	0.46405228758169936
src/test/compile-fail/regions-bounded-method-type-parameters-cross-crate.rs	6	3	9	0.6451612903225806
src/libextra/dbg.rs	6	2	8	0.8032786885245902
src/librustc_back/target/aarch64_apple_ios.rs	15	6	21	0.5768194070080862
mk/cfg/i386-apple-ios.mk	10	3	13	0.4095744680851064
src/test/run-pass/struct-pattern-matching.rs	13	3	16	0.5663716814159292
src/doc/trpl/src/guide-lifetimes.md	0	2	2	0.9
src/test/run-pass/unboxed-closures-blanket-fn.rs	8	4	12	0.3786407766990291
src/etc/install.sh	5	3	8	0.625531914893617
src/test/run-pass-fulldeps/rustc-macro/auxiliary/add-impl.rs	4	4	8	0.5694444444444444
src/test/run-pass/as-precedence.rs	5	3	8	0.3412698412698413
src/test/run-pass/module-polymorphism4.rc	0	4	4	0.6153846153846154
src/test/run-pass/reachable-unnameable-items.rs	3	4	7	0.6607142857142857
src/test/compile-fail/issue-17546.rs	6	2	8	0.75
src/test/run-make/extern-fn-mangle/test.c	4	3	7	0.5217391304347826
src/test/run-pass/aux/issue_2316_a.rs	0	1	1	1.0
src/libcore/int-template/i64.rs	3	4	7	0.44
src/test/run-make/archive-duplicate-names/foo.c	3	3	6	0.475
src/test/compile-fail/E0446.rs	4	5	9	0.3620689655172414
src/test/run-pass/issue-28550.rs	1	3	4	0.6451612903225806
src/test/debuginfo/generic-function.rs	10	3	13	0.44881889763779526
src/test/run-pass/borrowck-mut-vec-as-imm-slice.rs	18	3	21	0.4681528662420382
src/test/auxiliary/check_static_recursion_foreign_helper.rs	6	4	10	0.2972972972972973
src/test/run-pass/mir_trans_calls.rs	14	3	17	0.6020671834625323
src/test/run-pass/const-cross-crate-const.rs	8	3	11	0.48520710059171596
src/test/compile-fail/issue-2823.rs	18	1	19	0.7777777777777778
src/test/run-pass/issue-13837.rs	6	3	9	0.5424836601307189
src/libstd/num/int-template/int.rs	0	2	2	0.875
src/test/run-pass/tail-direct.rs	10	3	13	0.3111111111111111
src/test/run-pass/associated-item-long-paths.rs	3	3	6	0.4864864864864865
src/test/compile-fail/issue-11192.rs	7	3	10	0.4207650273224044
src/librustc_typeck/check/method/mod.rs	36	4	40	0.4264870931537598
src/libstd/sys/unix/fs2.rs	5	3	8	0.3855932203389831
src/librustc_mir/build/expr/mod.rs	4	2	6	0.7236842105263158
src/test/run-pass/const-expr-in-fixed-length-vec.rs	9	3	12	0.5082872928176796
src/libstd/sys/common/dwarf/eh.rs	1	4	5	0.55
src/test/run-pass/send_str_hashmap.rs	15	3	18	0.48427672955974843
src/rt/libuv/include/ares_version.h	0	4	4	0.5
src/test/compile-fail/empty-struct-braces-pat-1.rs	5	4	9	0.6639004149377593
src/test/run-pass/deriving-cmp-shortcircuit.rs	10	3	13	0.47796610169491527
src/librustc/middle/stack_check.rs	6	1	7	0.9140625
src/test/compile-fail/pattern-tyvar.rs	14	4	18	0.63671875
src/libcore/os.rs	41	4	45	0.4458204334365325
src/test/compile-fail/issue-19707.rs	11	5	16	0.44370860927152317
src/test/run-pass/issue-3091.rs	10	3	13	0.3937007874015748
src/rustc/metadata/creader.rs	10	7	17	0.35454545454545455
src/test/auxiliary/issue-28927-1.rs	3	3	6	0.4782608695652174
src/test/rustdoc/aux/issue-30109-1.rs	0	1	1	1.0
src/test/compile-fail/feature-gate-feature-gate.rs	2	2	4	0.8148148148148148
src/test/codegen-units/item-collection/non-generic-drop-glue.rs	2	3	5	0.5806451612903226
src/test/compile-fail/nonscalar-cast.rs	13	2	15	0.6851851851851852
src/test/compile-fail/E0248.rs	3	4	7	0.30973451327433627
src/test/run-pass/type-ascription.rs	4	2	6	0.7027027027027027
src/test/auxiliary/moves_based_on_type_lib.rs	15	4	19	0.5648148148148148
src/librustc_trans/debuginfo/mod.rs	19	6	25	0.39971550497866287
src/rt/libuv/src/unix/darwin.c	0	2	2	0.75
src/libsync/comm/duplex.rs	3	2	5	0.7684210526315789
src/test/compile-fail/issue-2718-a.rs	14	4	18	0.4823529411764706
src/test/compile-fail/enum-and-module-in-same-scope.rs	9	4	13	0.592964824120603
src/test/compile-fail/trait-coercion-generic-regions.rs	10	3	13	0.6512820512820513
src/test/run-pass/logging-enabled.rs	10	3	13	0.5325670498084292
src/librustc_borrowck/borrowck/mir/gather_moves.rs	15	6	21	0.41530054644808745
src/test/ui/dropck/dropck-eyepatch-extern-crate.stderr	3	5	8	0.3684210526315789
src/libgraphviz/lib.rs	43	3	46	0.457033125300048
src/test/parse-fail/lex-bare-cr-string-literal-doc-comment.rs	6	3	9	0.4411764705882353
src/test/pretty/vec-type.rs	5	2	7	0.7674418604651163
src/libsyntax/ext/deriving/primitive.rs	29	3	32	0.5016648168701443
src/libstd/rt/io/comm_adapters.rs	2	3	5	0.8181818181818182
src/test/run-pass-fulldeps/auxiliary/macro_crate_test.rs	9	7	16	0.3854166666666667
src/bootstrap/build/flags.rs	3	3	6	0.6402439024390244
src/liballoc/libc_heap.rs	3	2	5	0.5486725663716814
src/test/run-pass/issue-36053.rs	3	4	7	0.5909090909090909
src/test/run-pass/struct-path-self.rs	3	3	6	0.58
src/test/run-pass/const-big-enum.rs	13	4	17	0.49583333333333335
src/test/run-make/c-static-dylib/bar.rs	2	2	4	0.8787878787878788
src/rt/libuv/src/win/fs.c	0	2	2	0.6666666666666666
src/test/parse-fail/issue-5806.rs	8	3	11	0.4267515923566879
src/rt/valgrind/memcheck.h	4	4	8	0.5227272727272727
src/libcore/rt/work_queue.rs	2	2	4	0.7678571428571429
src/libstd/platform_imp/unix/fs.rs	0	1	1	1.0
src/librustc_front/print/pprust.rs	16	3	19	0.6057692307692307
src/rt/intrinsics/intrinsics.cpp	5	4	9	0.3902439024390244
src/librustsyntax/ext/source_util.rs	0	2	2	0.8
src/librustc_const_eval/lib.rs	17	4	21	0.4647887323943662
src/test/run-pass/rt-run-twice.rs	1	2	3	0.9117647058823529
src/test/run-pass/issue-13027.rs	12	4	16	0.5306122448979592
src/test/compile-fail/auxiliary/issue-30535.rs	0	1	1	1.0
src/test/run-pass/intrinsic-atomics-cc.rs	14	3	17	0.4838709677419355
src/test/run-make/invalid-staticlib/Makefile	1	3	4	0.625
src/test/run-pass/vec_cycle_wrapped.rs	4	4	8	0.5
src/test/compile-fail/regions-escape-method.rs	3	3	6	0.5131578947368421
src/test/run-make/rlib-chain/Makefile	0	3	3	0.8461538461538461
src/doc/book/choosing-your-guarantees.md	6	4	10	0.5792682926829268
src/test/compile-fail/cleanup-rvalue-scopes-cf.rs	5	2	7	0.7941176470588235
src/test/compile-fail/issue-16250.rs	6	3	9	0.5985401459854015
src/test/compile-fail/borrowck-assign-comp.rs	12	4	16	0.5925925925925926
src/test/run-pass/issue-19367.rs	6	3	9	0.5611510791366906
src/test/run-pass/auto-encode.rs	23	3	26	0.5985714285714285
src/test/run-pass/mutable-huh-variance-vec1.rs	1	5	6	0.35
src/test/run-pass/mir_coercions.rs	3	5	8	0.5344827586206896
src/libproc_macro/build.rs	6	4	10	0.37623762376237624
src/test/run-pass/issue-7575.rs	7	3	10	0.39664804469273746
src/test/compile-fail/issue-18959.rs	12	3	15	0.43359375
src/test/auxiliary/issue-17662.rs	6	4	10	0.3333333333333333
src/test/run-pass/issue-27105.rs	1	2	3	0.8214285714285714
src/test/compile-fail/lint-type-limits2.rs	2	3	5	0.75
src/test/run-pass/constraint-prop-move.rs	3	6	9	0.24
src/test/compile-fail/aux/const_fn_lib.rs	0	1	1	1.0
src/test/compile-fail/method-self-arg-2.rs	7	2	9	0.44047619047619047
src/test/run-pass/issue-3500.rs	8	3	11	0.4625
src/libbacktrace/filetype.awk	5	1	6	0.8571428571428571
src/test/run-make/link-arg/empty.rs	4	4	8	0.4444444444444444
mk/libuv/win/Makefile	0	3	3	0.3333333333333333
src/test/run-pass/issue-15881-model-lexer-dotdotdot.rs	5	3	8	0.5375722543352601
mk/stage1.mk	2	6	8	0.36666666666666664
src/test/run-make/rustdoc-negative-impl/foo.rs	6	4	10	0.3271604938271605
src/librustc_passes/consts.rs	28	6	34	0.43354720439963335
src/test/run-make/c-link-to-rust-staticlib/bar.c	3	3	6	0.43859649122807015
src/test/compile-fail/dst-sized-trait-param.rs	9	3	12	0.41875
src/librustc_trans/cabi_mips.rs	6	4	10	0.5042735042735043
src/test/run-pass/unboxed-closures-boxed.rs	13	3	16	0.3779527559055118
src/test/run-pass/issue-11225-1.rs	11	3	14	0.5478723404255319
src/librustc_trans/inline.rs	8	4	12	0.46411483253588515
src/tools/tidy/src/pal.rs	2	5	7	0.39285714285714285
src/test/compile-fail/gated-glob-imports.rs	0	2	2	0.5789473684210527
src/doc/style/README.md	6	5	11	0.3465909090909091
src/test/compile-fail/borrowck-uniq-via-lend.rs	16	3	19	0.5903083700440529
src/test/run-pass/basic.rs	13	3	16	0.31666666666666665
mk/libuv/ia32/win/src/rt/libuv/run-tests.target.mk	0	2	2	0.5
src/test/run-pass/integer-literal-suffix-inference-3.rs	3	3	6	0.37037037037037035
src/libstd/treemap.rs	20	5	25	0.4922737306843267
src/test/compile-fail/moves-based-on-type-cyclic-types-issue-4821.rs	9	3	12	0.7058823529411765
src/test/run-pass/liveness-assign-imm-local-after-loop.rs	11	4	15	0.45294117647058824
src/test/compile-fail/borrowck-closures-unique.rs	7	4	11	0.47706422018348627
src/test/compile-fail/struct-fields-typo.rs	8	4	12	0.3614457831325301
src/test/compile-fail/macro-no-implicit-reexport.rs	8	3	11	0.45255474452554745
src/test/compile-fail/generic-type-more-params-with-defaults.rs	10	4	14	0.4857142857142857
src/test/run-pass/auto-deref-fn.rs	0	5	5	0.25
src/test/compile-fail/issue-11374.rs	7	3	10	0.4190871369294606
src/doc/style/testing/unit.md	5	6	11	0.2644628099173554
src/doc/tarpl/checked-uninit.md	0	3	3	0.6851851851851852
src/test/compile-fail/panic-runtime/want-abort-got-unwind.rs	1	4	5	0.5405405405405406
src/test/run-pass/issue-15689-1.rs	7	4	11	0.3961352657004831
src/test/compile-fail/regions-pattern-typing-issue-19997.rs	4	3	7	0.582089552238806
src/test/run-pass/issue-3935.rs	8	3	11	0.5321637426900585
src/test/run-make/a-b-a-linker-guard/Makefile	2	3	5	0.40425531914893614
src/libstd/os/solaris/fs.rs	3	3	6	0.7142857142857143
src/test/compile-fail/E0130.rs	2	5	7	0.37593984962406013
src/test/compile-fail-fulldeps/macro-crate-rlib.rs	7	3	10	0.4117647058823529
src/rt/arch/arm/regs.h	6	3	9	0.6129032258064516
src/librustc/middle/trans/intrinsic.rs	33	2	35	0.7753259779338014
src/librustc_resolve/assign_ids.rs	7	4	11	0.46715328467153283
src/test/compile-fail/wf-enum-bound.rs	4	2	6	0.7666666666666667
src/test/compile-fail/issue-14721.rs	5	4	9	0.4270833333333333
src/test/auxiliary/issue_19293.rs	7	4	11	0.3333333333333333
src/test/run-pass/small-enum-range-edge.rs	9	4	13	0.33185840707964603
src/librustc_trans/back/msvc/mod.rs	8	3	11	0.5725806451612904
src/test/run-pass/aux/cci_iter_lib.rs	0	1	1	1.0
src/test/run-pass/exponential-notation.rs	12	3	15	0.42058823529411765
src/test/compile-fail/lifetime-no-keyword.rs	5	3	8	0.4457831325301205
src/doc/trpl/SUMMARY.md	17	4	21	0.38926829268292684
src/test/compile-fail/precise-refutable-pattern-errors.rs	2	1	3	0.9090909090909091
src/lib/win32_OS.rs	0	1	1	1.0
src/librustc_trans/trans/debuginfo/adt.rs	0	1	1	1.0
src/comp/middle/trans/impl.rs	5	3	8	0.5348837209302325
src/test/run-pass/struct-lit-functional-no-fields.rs	8	2	10	0.5060240963855421
src/doc/trpl/vectors.md	7	4	11	0.5546558704453441
src/test/compile-fail/arc-rw-state-shouldnt-escape.rs	10	2	12	0.7816091954022989
src/doc/book/if.md	2	3	5	0.75
src/test/run-pass/coerce-reborrow-mut-vec-arg.rs	19	3	22	0.40540540540540543
src/test/compile-fail/lint-unused-extern-crate.rs	13	4	17	0.4653846153846154
src/test/run-pass/unboxed-closures-infer-argument-types-with-bound-regions-from-expected-bound.rs	8	3	11	0.4019607843137255
src/test/run-pass/issue-pr29383.rs	5	4	9	0.5652173913043478
src/test/run-pass/issue-14821.rs	2	3	5	0.8378378378378378
src/test/run-pass/issue-38033.rs	0	2	2	0.5
src/librustc_incremental/persist/fs.rs	8	4	12	0.450261780104712
src/test/run-pass/issue-13763.rs	7	3	10	0.49282296650717705
src/test/rustdoc/aux/issue-27362.rs	0	1	1	1.0
src/test/debuginfo/tuple-struct.rs	9	3	12	0.4787234042553192
src/test/compile-fail/empty-struct-braces-pat-2.rs	6	5	11	0.5362776025236593
src/test/compile-fail/issue-27592.rs	1	2	3	0.8571428571428571
src/test/run-pass/regions-infer-borrow-scope-addr-of.rs	13	3	16	0.4698275862068966
src/test/run-pass/do1.rs	5	3	8	0.7285714285714285
src/test/auxiliary/cci_capture_clause.rs	17	5	22	0.4949748743718593
src/test/compile-fail/priv-in-bad-locations.rs	6	4	10	0.5108695652173914
src/test/run-pass/tail-call-arg-leak.rs	12	3	15	0.4864864864864865
src/libproc_macro_tokens/lib.rs	3	3	6	0.5813953488372093
src/test/run-pass/iter-cloned-type-inference.rs	6	3	9	0.39375
src/test/compile-fail/issue-13482.rs	15	3	18	0.5133531157270029
src/test/run-pass-fulldeps/syntax-extension-fourcc.rs	7	1	8	0.8863636363636364
src/libcoretest/num/i32.rs	4	2	6	0.5116279069767442
src/test/run-pass/issue-35546.rs	3	4	7	0.5777777777777777
src/test/run-pass-fulldeps/aux/issue-13560-3.rs	0	1	1	1.0
src/libstd/rt/uv/idle.rs	8	1	9	0.8689655172413793
src/test/compile-fail/E0200.rs	1	4	5	0.6530612244897959
src/rt/jemalloc/src/hash.c	0	5	5	0.7777777777777778
src/test/compile-fail/issue-7813.rs	9	4	13	0.5028248587570622
src/doc/lib/codemirror-node.js	2	1	3	0.9310344827586207
src/test/compile-fail/issue-17252.rs	9	2	11	0.6039603960396039
src/test/compile-fail/issue-33819.rs	3	3	6	0.423728813559322
src/test/run-pass-fulldeps/rename-directory.rs	4	3	7	0.5045871559633027
src/libcollections/Cargo.toml	4	2	6	0.5
src/test/compile-fail/issue-18783.rs	10	3	13	0.36444444444444446
src/test/parse-fail/issue-2354-1.rs	5	4	9	0.35353535353535354
src/test/compile-fail/ifmt-unknown-trait.rs	1	3	4	0.7666666666666667
src/test/bench/shootout-meteor.rs	32	3	35	0.5115810674723061
src/rt/rust_sched_loop.h	12	4	16	0.49382716049382713
src/test/compile-fail/trait-impl-subtype.rs	3	3	6	0.6086956521739131
src/test/codegen/virtual-method-call.cc	3	2	5	0.6744186046511628
mk/libuv/ia32/win/src/rt/libuv/uv.target.mk	0	2	2	0.5
src/test/compile-fail/loop-as-continue.rs	0	2	2	0.9230769230769231
src/librustc_typeck/check/wfcheck.rs	26	6	32	0.4991181657848324
src/test/compile-fail/chan-parameterized-args.rs	0	6	6	0.16666666666666666
src/test/compile-fail/liveness-unused.rs	30	3	33	0.4621359223300971
src/test/run-pass/issue-4929.rs	2	1	3	0.95
src/librustc/hir/util.rs	0	1	1	1.0
src/grammar/README.md	7	3	10	0.4444444444444444
src/test/run-pass/aux/empty-struct.rs	0	1	1	1.0
src/test/compile-fail/keyword-abstract.rs	4	3	7	0.5636363636363636
src/test/run-make/dep-info-custom/foo.rs	4	3	7	0.4528301886792453
src/rustdoc/sort_item_name_pass.rs	5	5	10	0.4444444444444444
src/rt/libuv/src/unix/pipe.c	0	2	2	0.6666666666666666
src/test/run-pass/issue-1696.rs	18	2	20	0.6430868167202572
src/test/auxiliary/crateresolve7x.rs	10	4	14	0.4107142857142857
src/test/ui/compare-method/region-extra-2.stderr	1	2	3	0.6764705882352942
src/test/run-pass/sendable-class.rs	9	4	13	0.39325842696629215
src/test/compile-fail/not-sync.rs	5	3	8	0.5157894736842106
src/test/compile-fail/feature-gate-allocator.rs	0	3	3	0.8888888888888888
src/librustc_trans/adt.rs	16	5	21	0.4429657794676806
src/librustpkg/testsuite/pass/src/c-dependencies/bar.rs	0	4	4	0.8
src/boot/driver/glue.ml	0	1	1	1.0
src/test/compile-fail/E0061.rs	4	5	9	0.38125
src/doc/trpl/link-args.md	5	4	9	0.3708609271523179
src/test/compile-fail/issue-17405.rs	13	4	17	0.5532786885245902
src/test/run-pass/issue-36954.rs	1	2	3	0.7619047619047619
src/etc/zsh/_rust	14	2	16	0.7391304347826086
src/test/compile-fail/unique-mut.rs	2	4	6	0.5862068965517241
src/rt/libuv/src/unix/ev/config_openbsd.h	0	2	2	0.75
src/librustpkg/testsuite/pass/src/simple-lib/src/bar.rs	0	2	2	0.875
src/librustc_data_structures/obligation_forest/README.md	3	3	6	0.7631578947368421
src/test/rustdoc/auxiliary/variant-struct.rs	0	2	2	0.6666666666666666
src/libcore/private/exchange_alloc.rs	4	2	6	0.7941176470588235
src/rt/jemalloc/test/allocated.exp	0	5	5	0.7777777777777778
src/librustc_mir/traversal.rs	4	4	8	0.5081967213114754
src/libcore/rt/sched/mod.rs	2	3	5	0.625
src/lib/ebmlivec.rs	0	3	3	0.5714285714285714
src/test/run-pass/issue-23304-1.rs	0	3	3	0.8181818181818182
src/libsyntax_ext/asm.rs	15	6	21	0.4407484407484408
src/test/run-pass/issue-8851.rs	8	4	12	0.3815028901734104
src/libunicode/normalize.rs	11	2	13	0.48363636363636364
src/rt/libuv/src/ares/ares_timeout.c	0	3	3	0.6
src/test/ui/mismatched_types/const-fn-in-trait.stderr	2	4	6	0.5087719298245614
src/test/compile-fail/rec-extend.rs	9	3	12	0.2727272727272727
src/test/compile-fail/recursive-enum.rs	9	3	12	0.5232558139534884
src/test/debuginfo/issue12886.rs	9	3	12	0.400990099009901
src/rt/jemalloc/include/jemalloc/internal/extent.h	3	2	5	0.8
src/test/run-pass/const-trait-to-trait.rs	3	2	5	0.6
src/test/compile-fail/extfmt-unsigned-plus.rs	10	3	13	0.5
src/libstd/json.rs	29	5	34	0.4539249146757679
src/libsyntax/ext/tt/macro_rules.rs	73	3	76	0.5203574975173784
src/test/run-make/version/Makefile	3	2	5	0.6756756756756757
src/test/compile-fail/unsized6.rs	13	4	17	0.48426150121065376
src/test/auxiliary/macro_crate_test.rs	25	4	29	0.588456712672522
src/test/compile-fail/borrowck/borrowck-union-move-assign.rs	2	3	5	0.5238095238095238
src/doc/nomicon/other-reprs.md	4	3	7	0.6388888888888888
src/test/run-pass/slice.rs	9	3	12	0.38482384823848237
src/test/run-pass/deriving-clone-struct.rs	8	3	11	0.5283018867924528
src/test/run-make/bootstrap-from-c-with-green/Makefile	2	2	4	0.8229166666666666
src/rt/libuv/test/test-multiple-listen.c	0	2	2	0.75
src/libcore/unstable/finally.rs	6	2	8	0.75
src/test/auxiliary/issue-2380.rs	16	4	20	0.6138613861386139
src/test/run-make/extern-multiple-copies2/bar.rs	1	4	5	0.5294117647058824
src/test/run-pass/xcrate-static.rs	3	2	5	0.52
src/libstd/rt/test.rs	16	2	18	0.7898089171974523
src/librustc_back/Cargo.toml	3	3	6	0.46226415094339623
src/libstd/sys/unix/backtrace/printing/libbacktrace.rs	3	3	6	0.5970149253731343
src/test/run-pass/autobind.rs	22	3	25	0.4482758620689655
src/test/ui/mismatched_types/issue-26480.rs	2	4	6	0.40384615384615385
src/test/run-pass/str-concat.rs	17	1	18	0.7526881720430108
src/test/rustdoc/issue-26995.rs	2	3	5	0.5142857142857142
src/rt/rust_sched_reaper.cpp	4	3	7	0.4642857142857143
src/libstd/sync/mpsc/select.rs	24	4	28	0.3948412698412698
src/rustc/middle/freevars.rs	5	8	13	0.1864406779661017
src/test/run-pass/trait-to-str.rs	33	3	36	0.6666666666666666
src/test/run-pass/int-lib.rs	0	3	3	0.5
src/test/compile-fail/const-slice-oob.rs	6	5	11	0.535031847133758
src/test/compile-fail/feature-gate-optin-builtin-traits.rs	0	6	6	0.4375
src/test/compile-fail/variance-regions-unused-indirect.rs	3	3	6	0.6785714285714286
src/test/compile-fail/marker-no-freeze.rs	0	3	3	0.8666666666666667
src/test/compile-fail/issue-3038.rs	10	2	12	0.7701863354037267
src/libstd/sys/unix/ext/net.rs	9	6	15	0.3711340206185567
src/test/compile-fail/marker-no-send.rs	5	2	7	0.5054945054945055
src/librustc/middle/const_val.rs	5	3	8	0.4224137931034483
src/tools/error_index_generator/main.rs	4	7	11	0.32710280373831774
src/test/run-pass/rfc-1014-2.rs	5	2	7	0.7323943661971831
src/test/run-pass/int.rs	8	3	11	0.40540540540540543
src/test/compile-fail/cap-clause-both-copy-and-move.rs	0	8	8	0.23529411764705882
src/test/run-pass/macro-crate-nonterminal-renamed.rs	6	3	9	0.4225352112676056
src/test/auxiliary/crate-method-reexport-grrrrrrr2.rs	17	3	20	0.6804511278195489
src/libsyntax/ext/fmt.rs	30	2	32	0.6618122977346278
src/rt/arch/mips/regs.h	0	3	3	0.8666666666666667
src/librustc/back/abi.rs	15	2	17	0.8100558659217877
src/test/compile-fail/extenv-not-defined-default.rs	5	1	6	0.8571428571428571
src/test/run-pass/issue-3563-3.rs	30	3	33	0.5825471698113207
src/test/run-fail/issue-5927.rs	0	1	1	1.0
src/test/run-pass/issue-2502.rs	13	4	17	0.5119047619047619
src/test/incremental/hashes/trait_defs.rs	8	3	11	0.48514851485148514
src/test/run-pass/aux/cci_class_2.rs	0	1	1	1.0
src/test/run-pass/match-tag.rs	4	4	8	0.3404255319148936
src/doc/nomicon/conversions.md	0	3	3	0.6923076923076923
src/test/compile-fail/block-must-not-have-result-res.rs	18	3	21	0.6312056737588653
src/test/run-pass/msvc-data-only.rs	0	3	3	0.6363636363636364
src/test/compile-fail/tstate-while-cond.rs	0	6	6	0.3333333333333333
src/comp/middle/tstate/aux.rs	0	2	2	0.6666666666666666
src/test/run-pass/spawn-types.rs	24	4	28	0.4662698412698413
src/test/run-pass/issue-28561.rs	2	2	4	0.7916666666666666
src/test/run-pass/auxiliary/issue-11225-3.rs	0	1	1	1.0
src/doc/trpl/arrays-vectors-and-slices.md	10	3	13	0.3387096774193548
src/test/run-pass/task-comm-16.rs	31	3	34	0.44889779559118237
src/rt/rust_crate_reader.cpp	0	3	3	0.5
src/librustc_unicode/char.rs	31	3	34	0.5925925925925926
src/libsyntax/config.rs	33	4	37	0.44569816643159377
src/test/compile-fail/cap-clause-double-copy.rs	0	8	8	0.23529411764705882
src/test/run-pass/issue-5666.rs	8	3	11	0.7337278106508875
src/test/compile-fail/deriving-span-Eq-struct.rs	2	2	4	0.9137931034482759
src/test/compile-fail/pub-method-macro.rs	8	3	11	0.4392523364485981
src/libstd/sync/one.rs	0	3	3	0.6296296296296297
src/test/compile-fail/generic-type-less-params-with-defaults.rs	10	6	16	0.3917525773195876
src/rustc/metadata/filesearch.rs	9	5	14	0.3
src/librustc_errors/snippet/test.rs	0	1	1	1.0
src/libregex/re.rs	24	2	26	0.4562334217506631
src/test/compile-fail/issue-33876.rs	3	6	9	0.5056179775280899
src/test/rustdoc/issue-32374.rs	4	4	8	0.5894736842105263
src/test/codegen-units/item-collection/trait-implementations.rs	0	4	4	0.5
src/test/compile-fail/privacy4.rs	12	4	16	0.509090909090909
src/test/compile-fail/isuue-12470.rs	3	2	5	0.8064516129032258
src/test/compile-fail/issue-4542.rs	4	1	5	0.9069767441860465
src/librustc/middle/trans/glue.rs	45	2	47	0.7399777282850779
src/rt/valgrind/valgrind.h	5	4	9	0.5777777777777777
src/test/run-pass/mod_dir_path.rs	12	6	18	0.4435483870967742
src/rustdoc/markdown_index_pass.rs	6	6	12	0.5
src/tools/rustbook/Cargo.lock	5	4	9	0.5
src/rt/libuv/src/win/winapi.h	0	2	2	0.8
src/test/compile-fail/coherence-default-trait-impl.rs	6	4	10	0.35294117647058826
src/test/run-make/llvm-module-pass/plugin.rs	1	3	4	0.8064516129032258
src/rt/jemalloc/test/allocm.exp	0	5	5	0.7777777777777778
src/test/parse-fail/keyword-self-as-identifier.rs	7	4	11	0.5040650406504065
src/test/compile-fail/export-no-tag-variants.rs	0	8	8	0.35714285714285715
src/libcore/ops.rs	71	4	75	0.42629606495940037
src/test/compile-fail/keyword-trait-as-identifier.rs	2	3	5	0.3275862068965517
src/test/run-make/rustdoc-must-use/Makefile	1	3	4	0.7557251908396947
src/test/run-make/simple-rlib/foo.rs	2	2	4	0.8787878787878788
src/test/run-pass/extern-return-TwoU64s.rs	10	3	13	0.6995708154506438
src/libstd/net/ip.rs	32	4	36	0.48607796340493237
src/test/run-pass/unboxed-closures-blanket-fn-mut.rs	8	4	12	0.3786407766990291
src/test/debuginfo/recursive-struct.rs	17	4	21	0.44110275689223055
src/test/compile-fail/return-unit-from-diverging.rs	1	4	5	0.46875
src/rustc/rustdoc.rs	2	3	5	0.631578947368421
src/test/compile-fail/shadow.rs	0	6	6	0.2857142857142857
src/test/rustdoc/issue-16265-2.rs	2	3	5	0.4782608695652174
src/test/compile-fail/wf-in-fn-type-static.rs	4	2	6	0.7540983606557377
src/test/run-pass/macro-nt-list.rs	7	3	10	0.5454545454545454
src/test/compile-fail/simd-binop.rs	7	3	10	0.6129032258064516
src/test/compile-fail/lint-unknown-attr.rs	7	3	10	0.4411764705882353
src/test/run-pass/lexical-scoping.rs	2	3	5	0.6666666666666666
src/librustc/middle/borrowck.rs	0	3	3	0.6363636363636364
src/librustc/middle/capture.rs	2	4	6	0.25
src/libcore/num/uint-template.rs	17	2	19	0.7331081081081081
src/test/compile-fail/issue-8460-const.rs	12	5	17	0.34220532319391633
src/test/pretty/import-renames.rs	3	3	6	0.49122807017543857
src/test/run-pass/enum-discrim-manual-sizing.rs	7	4	11	0.36075949367088606
src/test/run-pass/xcrate-unit-struct.rs	11	2	13	0.6111111111111112
src/rt/jemalloc/include/jemalloc/internal/mutex.h	3	2	5	0.8
src/test/compile-fail/auxiliary/inherited_stability.rs	0	1	1	1.0
src/test/run-pass/issue-11709.rs	15	3	18	0.43157894736842106
src/test/run-pass/selftype-add-ints.rs	0	2	2	0.6666666666666666
src/test/run-pass/single-derive-attr-with-gate.rs	7	3	10	0.34831460674157305
src/rt/arch/mips/record_sp.S	5	3	8	0.6931818181818182
src/test/compile-fail/E0463.rs	3	3	6	0.4444444444444444
src/test/compile-fail/osx-frameworks.rs	3	1	4	0.875
src/librustc/middle/typeck/check/vtable.rs	42	2	44	0.7321954090641554
src/test/compile-fail/import-glob-circular.rs	15	3	18	0.39690721649484534
src/test/debug-info/self-in-generic-default-method.rs	9	1	10	0.9171974522292994
src/test/rustdoc/issue-20727-4.rs	4	3	7	0.4642857142857143
src/librustc_llvm/build.rs	14	5	19	0.48695652173913045
src/test/run-pass/regions-appearance-constraint.rs	10	1	11	0.8352941176470589
src/test/debuginfo/struct-in-enum.rs	12	4	16	0.4982078853046595
src/tools/compiletest/src/uidiff.rs	4	4	8	0.3394495412844037
src/test/run-fail/non-exhaustive-match.rs	0	8	8	0.23529411764705882
src/test/parse-fail/bad-lit-suffixes.rs	7	4	11	0.44
src/test/compile-fail/static-slice-not-null-terminated.rs	4	2	6	0.5
src/test/run-pass/type-ptr.rs	13	4	17	0.3786407766990291
src/librustc/middle/trans/controlflow.rs	45	2	47	0.7176997759522031
src/librustdoc/externalfiles.rs	13	3	16	0.35786802030456855
mk/docs.mk	61	3	64	0.5672690763052208
src/test/codegen-units/cross-crate-closures.rs	2	3	5	0.4793388429752066
src/libextra/sync.rs	29	1	30	0.8198198198198198
doc/tutorial/web/style.css	0	1	1	1.0
src/test/compile-fail/regionck-closure-lifetimes.rs	5	2	7	0.5804195804195804
src/test/compile-fail/borrowck-borrow-immut-deref-of-gc-as-mut.rs	3	2	5	0.7692307692307693
src/doc/book/ufcs.md	0	1	1	1.0
src/test/compile-fail/keyword-for-as-identifier.rs	2	3	5	0.3275862068965517
src/test/run-make/issue-20626/foo.rs	3	3	6	0.6
src/test/run-pass/aux/issue-12133-dylib.rs	0	1	1	1.0
src/librustc/metadata/loader.rs	75	3	78	0.5693798449612403
src/librustc_back/target/netbsd_base.rs	10	4	14	0.5910780669144982
constructors.md	0	1	1	1.0
src/libworkcache/lib.rs	10	1	11	0.874439461883408
src/test/compile-fail/issue-20831-debruijn.rs	9	4	13	0.4461538461538462
src/libstd/condition.rs	11	1	12	0.8571428571428571
src/test/run-pass/inherit-struct2.rs	2	2	4	0.8181818181818182
src/test/compile-fail/feature-gate-linked-from.rs	0	3	3	0.7857142857142857
src/test/run-make/compiler-rt-works-on-mingw/Makefile	1	3	4	0.5
src/test/compile-fail/issue-5543.rs	10	3	13	0.4075471698113208
src/test/parse-fail/removed-syntax-mut-vec-ty.rs	7	3	10	0.6190476190476191
src/test/run-pass/reflect-visit-data.rs	25	3	28	0.7384615384615385
src/rt/arch/i386/ccall.S	6	4	10	0.6304347826086957
src/test/compile-fail/self_type_keyword-2.rs	5	3	8	0.5238095238095238
src/test/compile-fail/E0501.rs	0	5	5	0.32608695652173914
src/test/run-pass/class-cast-to-iface-cross-crate.rs	0	6	6	0.3333333333333333
src/test/compile-fail/const-eval-overflow-3.rs	11	5	16	0.38064516129032255
src/test/auxiliary/issue-8259.rs	4	3	7	0.4027777777777778
src/test/rustdoc/auxiliary/empty.rs	0	2	2	0.6666666666666666
src/test/run-pass/issue-13304.rs	19	4	23	0.3938223938223938
src/libsyntax/errors/emitter.rs	16	3	19	0.45962732919254656
src/test/run-pass/borrowck-root-while-cond-2.rs	9	2	11	0.7572815533980582
src/test/compile-fail/coerce-overloaded-autoderef.rs	3	2	5	0.7096774193548387
src/test/run-fail/iter-step-overflow-ndebug.rs	0	1	1	1.0
src/test/run-pass/struct-field-assignability.rs	13	1	14	0.8165137614678899
src/test/run-pass/generic-alias-box.rs	15	2	17	0.7150537634408602
src/test/compile-fail/lint-group-style.rs	10	4	14	0.4382716049382716
src/test/run-pass/deriving-encodable-decodable-cell-refcell.rs	14	3	17	0.5013927576601671
src/test/compile-fail/closure-bounds-copy-cant-capture-noncopyable.rs	3	2	5	0.7096774193548387
src/test/run-pass/deriving-meta-multiple.rs	12	3	15	0.488135593220339
src/test/compile-fail/once-fn-subtyping.rs	7	1	8	0.8648648648648649
src/librustuv/rustuv.rs	1	2	3	0.8695652173913043
src/librustc_mir/tcx/block.rs	3	2	5	0.7549019607843137
src/test/compile-fail/E0195.rs	3	5	8	0.5052631578947369
src/test/compile-fail/regions-undeclared.rs	4	2	6	0.7941176470588235
src/libbacktrace/pecoff.c	3	4	7	0.66
src/librustc_typeck/check/upvar.rs	31	4	35	0.4726598702502317
src/test/run-make/error-writing-dependencies/foo.rs	0	3	3	0.8461538461538461
src/comp/middle/lint.rs	0	9	9	0.2
src/doc/tarpl/lifetime-elision.md	0	3	3	0.7435897435897436
src/test/incremental/change_crate_order/auxiliary/b.rs	4	4	8	0.38181818181818183
src/libsyntax/parse/lexer/mod.rs	63	4	67	0.42502004811547717
src/test/run-make/libs-and-bins/foo.rs	2	1	3	0.9
src/test/compile-fail/bad-alt.rs	6	4	10	0.4444444444444444
src/test/run-pass/out-of-stack-no-split.rs	11	3	14	0.3638814016172507
src/test/compile-fail/issue-3311.rs	6	3	9	0.6458333333333334
src/test/compile-fail/issue-8767.rs	12	3	15	0.4659090909090909
src/etc/gedit/share/gtksourceview-3.0/language-specs/rust.lang	17	2	19	0.6706586826347305
src/test/compile-fail/regions-trait-2.rs	14	3	17	0.6627906976744186
doc/tutorial/extract.js	0	1	1	1.0
src/test/compile-fail/privacy/restricted/ty-params.rs	3	4	7	0.6391752577319587
src/test/compile-fail/method-ambig-one-trait-unknown-int-type.rs	10	3	13	0.4697986577181208
src/test/parse-fail/regions-trait-2.rs	4	3	7	0.4274193548387097
src/test/compile-fail/doc-before-semi.rs	3	3	6	0.3220338983050847
src/test/compile-fail/aux/macro_non_reexport_2.rs	0	1	1	1.0
src/test/compile-fail/borrowck-use-mut-borrow.rs	10	3	13	0.44086021505376344
src/test/run-pass/traits-issue-22110.rs	4	3	7	0.5466666666666666
src/test/compile-fail/coherence-bigint-vecint.rs	4	2	6	0.5121951219512195
src/test/compile-fail/alt-vec-invalid.rs	4	1	5	0.8461538461538461
src/test/run-pass/union/union-const-trans.rs	2	3	5	0.5238095238095238
src/test/compile-fail/view-items-at-top.rs	12	2	14	0.6534653465346535
src/test/run-pass/generic-object.rs	12	3	15	0.5
src/librustc/middle/lint.rs	59	1	60	0.7715231788079471
src/test/run-pass/generic-default-type-params.rs	7	3	10	0.5119047619047619
src/libcore/num/uint-template/u16.rs	2	3	5	0.7317073170731707
src/liballoc/raw_vec.rs	20	5	25	0.5825602968460112
src/test/run-make/mismatching-target-triples/Makefile	2	2	4	0.6521739130434783
src/test/run-make/lto-readonly-lib/lib.rs	0	4	4	0.631578947368421
src/rt/arch/armv7s/morestack.S	3	3	6	0.6714285714285714
src/test/compile-fail/const-array-oob.rs	10	5	15	0.45695364238410596
src/test/compile-fail/issue-7092.rs	7	4	11	0.5493562231759657
src/test/run-pass/aux/macro_reexport_2_no_use.rs	0	1	1	1.0
src/test/run-pass/issue-18685.rs	12	4	16	0.4084507042253521
src/test/compile-fail/dupe-symbols-6.rs	2	4	6	0.5806451612903226
src/test/compile-fail/wf-struct-bound.rs	4	2	6	0.7666666666666667
src/librustsyntax/parse/token.rs	4	4	8	0.4782608695652174
src/test/run-pass/cancel-clean-via-immediate-rvalue-ref.rs	6	3	9	0.43243243243243246
src/test/auxiliary/issue-14422.rs	6	4	10	0.40437158469945356
src/librustc_mir/build/misc.rs	17	3	20	0.5498154981549815
src/test/compile-fail/issue-5883.rs	15	4	19	0.5529715762273901
src/rt/libuv/src/ev/config_sunos.h	0	3	3	0.3333333333333333
src/test/compile-fail/privacy-ns1.rs	11	3	14	0.6747967479674797
src/test/run-pass/sio-write.rs	0	6	6	0.38461538461538464
src/tools/compiletest/Cargo.lock	8	4	12	0.574468085106383
src/test/incremental/change_private_impl_method_cc/auxiliary/point.rs	1	3	4	0.4722222222222222
src/librustc/middle/infer/freshen.rs	19	4	23	0.4444444444444444
src/test/run-pass/issue-3888.rs	0	2	2	0.6666666666666666
src/lib/u32.rs	0	5	5	0.42857142857142855
src/test/run-make/mixing-libs/Makefile	2	2	4	0.9019607843137255
src/rt/libuv/test/benchmark-udp-packet-storm.c	0	1	1	1.0
src/test/run-make/allow-warnings-cmdline-stability/bar.rs	4	4	8	0.6266666666666667
src/libcore/dvec.rs	21	6	27	0.2345132743362832
src/rt/rust_shape.h	4	7	11	0.2803738317757009
src/test/run-pass/issue-23825.rs	3	3	6	0.5483870967741935
src/test/compile-fail/stage0-cmp.rs	2	3	5	0.4523809523809524
doc/po/rustpkg.md.pot	5	1	6	0.9
src/librustc_incremental/calculate_svh/hasher.rs	3	5	8	0.31746031746031744
src/test/run-pass/shebang.rs	21	4	25	0.515527950310559
src/rt/jemalloc/include/jemalloc/internal/huge.h	0	5	5	0.7777777777777778
src/test/run-pass-fulldeps/issue_16723_multiple_items_syntax_ext.rs	8	3	11	0.5422535211267606
src/test/compile-fail/unboxed-closures-infer-explicit-call-too-early.rs	8	5	13	0.37037037037037035
src/test/bench/shootout-k-nucleotide-pipes.rs	54	3	57	0.5615079365079365
src/test/compile-fail-fulldeps/proc-macro/feature-gate-3.rs	0	3	3	0.3333333333333333
src/test/auxiliary/macro_export_inner_module.rs	7	4	11	0.42748091603053434
src/test/compile-fail/specialization/specialization-polarity.rs	2	3	5	0.6712328767123288
src/librustpkg/testsuite/pass/deeply/nested/path/foo/main.rs	0	3	3	0.8235294117647058
src/doc/trpl/mutability.md	13	3	16	0.5714285714285714
src/test/run-pass/issue-23036.rs	1	2	3	0.48
src/test/run-pass/expr-alt-generic-unique2.rs	10	5	15	0.5252525252525253
src/test/run-pass/aux/fn-abi.rs	0	1	1	1.0
src/librustc_plugin/registry.rs	13	4	17	0.4861878453038674
src/libstd/sys/unix/ext/thread.rs	4	3	7	0.6846153846153846
src/libstd/comm/sync.rs	4	2	6	0.4978540772532189
src/rt/rust_try_msvc_64.ll	3	3	6	0.4444444444444444
src/test/compile-fail/export-fully-qualified.rs	8	5	13	0.3269230769230769
src/test/auxiliary/issue-15318.rs	6	3	9	0.3561643835616438
src/test/run-pass/issue-3743.rs	12	3	15	0.4460227272727273
src/test/compile-fail-fulldeps/proc-macro/two-crate-types-1.rs	0	3	3	0.3333333333333333
src/rustc/middle/trans/callee.rs	1	7	8	0.23529411764705882
src/test/run-pass/issue-2895.rs	24	3	27	0.4647058823529412
src/libstd/io/lazy.rs	7	5	12	0.4613003095975232
src/test/run-pass/export-non-interference3.rs	12	5	17	0.5196078431372549
src/test/run-pass/issue-8506.rs	7	4	11	0.48672566371681414
src/doc/trpl/src/hello-cargo.md	0	2	2	0.9
src/test/auxiliary/logging_right_crate.rs	9	4	13	0.4350453172205438
src/test/run-make/compiler-lookup-paths/e2.rs	2	3	5	0.6041666666666666
src/test/incremental/span_hash_stable/main.rs	3	3	6	0.7714285714285715
src/test/run-pass/issue-25339.rs	4	2	6	0.75
src/test/run-pass/const-region-ptrs-noncopy.rs	10	3	13	0.5165289256198347
src/test/run-pass/borrowck-static-item-in-fn.rs	7	3	10	0.45454545454545453
src/test/compile-fail/aux/empty-struct.rs	0	1	1	1.0
src/libregex/parse/mod.rs	5	2	7	0.865979381443299
src/test/run-pass/issue-21655.rs	4	3	7	0.5169491525423728
src/test/run-make/missing-crate-dependency/crateB.rs	0	3	3	0.8947368421052632
src/test/run-pass/unboxed-closures-all-traits.rs	14	3	17	0.3908450704225352
src/test/run-pass/crateresolve8.rs	7	1	8	0.9090909090909091
src/doc/trpl/static-and-dynamic-dispatch.md	5	3	8	0.5504587155963303
src/rustdoc_ng/html/format.rs	0	2	2	0.8666666666666667
src/test/run-pass/borrowck-nested-calls.rs	7	3	10	0.6422764227642277
src/libsyntax/ext/build.rs	83	3	86	0.5989143546441495
src/doc/nomicon/repr-rust.md	3	3	6	0.7894736842105263
src/test/compile-fail/pat-tuple-feature-gate.rs	3	3	6	0.4915254237288136
src/doc/tarpl/vec-alloc.md	0	3	3	0.6851851851851852
src/test/run-pass/bug-862.rs	0	6	6	0.3333333333333333
src/test/compile-fail/aux/coherence_copy_like_lib.rs	0	1	1	1.0
src/librustc_data_structures/fmt_wrap.rs	2	4	6	0.425
src/test/run-pass-fulldeps/deprecated-derive.rs	2	4	6	0.3333333333333333
src/test/compile-fail/wf-in-fn-type-arg.rs	1	2	3	0.8571428571428571
src/librustc_trans/value.rs	5	3	8	0.425
src/test/debug-info/multiple-functions.rs	10	1	11	0.9202898550724637
src/rt/libuv/.gitignore	0	4	4	0.5714285714285714
src/test/run-pass/issue-10396.rs	7	2	9	0.6148148148148148
src/test/run-pass/issue-26322.rs	2	3	5	0.6756756756756757
src/test/run-make/extern-fn-reachable/Makefile	5	3	8	0.7258064516129032
src/test/compile-fail/block-must-not-have-result-do.rs	12	3	15	0.6161616161616161
src/librustc_back/target/apple_base.rs	6	4	10	0.6124401913875598
src/rt/libuv/src/ares/ares_strdup.c	0	3	3	0.6
src/libsyntax_ext/deriving/mod.rs	20	5	25	0.43783068783068785
src/test/compile-fail/mir-dataflow/README.md	2	4	6	0.45161290322580644
src/lib/Task.rs	0	1	1	1.0
src/rt/libuv/src/ares/RELEASE-NOTES	0	4	4	0.5
src/test/compile-fail/issue-25826.rs	7	2	9	0.5113636363636364
src/doc/trpl/rust-book.css	3	3	6	0.56
src/librustpkg/testsuite/pass/src/fancy-lib/bar.rs	0	2	2	0.8571428571428571
src/test/run-pass/import7.rs	18	4	22	0.5838509316770186
src/doc/tarpl/SUMMARY.md	0	3	3	0.6727272727272727
src/libstd/num/u64.rs	15	4	19	0.6672932330827067
src/test/compile-fail/class-implements-bad-iface.rs	0	7	7	0.2727272727272727
src/test/run-pass/aux/issue-2414-a.rs	0	1	1	1.0
src/rustc/driver.rs	0	3	3	0.42857142857142855
src/librustc_incremental/calculate_svh/mod.rs	6	6	12	0.40397350993377484
src/libstd/rand/distributions/mod.rs	5	2	7	0.8333333333333334
src/libsyntax/ext/pushpop_safe.rs	3	3	6	0.6
src/test/run-pass/rfc1623.rs	2	5	7	0.5058823529411764
src/test/compile-fail/deriving-span-TotalEq-enum-struct-variant.rs	7	2	9	0.7631578947368421
src/test/compile-fail/issue-34171.rs	0	5	5	0.6216216216216216
src/test/run-pass/issue-8898.rs	15	3	18	0.5268389662027833
src/test/compile-fail/auxiliary/macro_crate_nonterminal.rs	1	3	4	0.38461538461538464
src/test/run-pass/class-impl-parameterized-iface.rs	4	5	9	0.36363636363636365
src/test/run-fail/mir_dynamic_drops_3.rs	4	6	10	0.5
src/test/compile-fail/resolve-inconsistent-binding-mode.rs	13	4	17	0.575
src/test/run-pass/issue-14875.rs	2	3	5	0.49056603773584906
src/librustdoc/html/static/extra.js	3	4	7	0.40350877192982454
src/test/compile-fail/gated-box-syntax.rs	4	4	8	0.5104166666666666
src/doc/trpl/drop.md	4	3	7	0.6082474226804123
src/test/run-pass/union/union-generic.rs	3	3	6	0.5116279069767442
src/libterm/terminfo/mod.rs	20	4	24	0.4579326923076923
src/test/run-pass/auto-ref.rs	9	4	13	0.5798319327731093
src/libsync/comm/mod.rs	10	3	13	0.6311475409836066
src/libstd/os/netbsd/fs.rs	3	3	6	0.7288135593220338
src/test/compile-fail/enum-to-float-cast.rs	6	4	10	0.425
src/test/compile-fail/macro-use-undef.rs	5	3	8	0.4603174603174603
src/libextra/fun_treemap.rs	7	1	8	0.8552631578947368
src/librustc_save_analysis/json_api_dumper.rs	6	4	10	0.5
src/test/run-pass-fulldeps/rust-log-filter.rs	0	4	4	0.5
src/test/compile-fail/issue-1476.rs	13	2	15	0.8148148148148148
src/comp/middle/last_use.rs	7	6	13	0.2807017543859649
src/librustc_data_structures/tuple_slice.rs	5	3	8	0.7288135593220338
src/test/compile-fail/aux/stability_attribute_issue.rs	0	1	1	1.0
src/libcoretest/tuple.rs	11	4	15	0.47767857142857145
src/librustc_trans/trans/machine.rs	9	4	13	0.3950617283950617
src/test/run-pass/issue-8860.rs	7	3	10	0.5124378109452736
src/test/debuginfo/nil-enum.rs	10	3	13	0.4906832298136646
src/doc/guide-pointers.md	27	2	29	0.543509272467903
src/test/run-make/no-intermediate-extras/Makefile	1	2	3	0.8846153846153846
src/test/run-pass/last-use-corner-cases.rs	3	6	9	0.1951219512195122
src/test/compile-fail/issue-12863.rs	7	5	12	0.4701492537313433
src/doc/tarpl/vec-push-pop.md	0	3	3	0.7254901960784313
src/test/run-pass/unique-assign-copy.rs	13	3	16	0.45794392523364486
src/test/compile-fail/fn-trait-formatting.rs	19	3	22	0.36961451247165533
src/test/compile-fail/unsized.rs	4	3	7	0.48623853211009177
src/libstd/sys/windows/c.rs	24	4	28	0.4768740031897927
src/test/compile-fail/kindck-nonsendable-1.rs	24	3	27	0.49814126394052044
src/rt/rust_try_msvc_32.ll	2	3	5	0.4936708860759494
src/test/compile-fail/lint-ctypes-enum.rs	9	3	12	0.6833333333333333
src/test/compile-fail/regions-addr-of-arg.rs	9	2	11	0.6931818181818182
src/test/run-pass/main-int-synonym.rs	0	1	1	1.0
src/test/compile-fail/on-unimplemented/slice-index.rs	6	3	9	0.4482758620689655
src/test/run-pass/trait-object-with-lifetime-bound.rs	5	3	8	0.4186046511627907
src/test/run-pass/fn-trait-sugar.rs	2	2	4	0.6170212765957447
src/test/run-make/lto-readonly-lib/main.rs	0	4	4	0.6111111111111112
src/test/run-pass/module-polymorphism3.rs	0	2	2	0.8571428571428571
src/test/run-pass/static-method-test.rs	12	3	15	0.5895522388059702
src/test/run-pass/method-normalize-bounds-issue-20604.rs	5	3	8	0.48936170212765956
src/libstd/sys/common/helper_thread.rs	13	4	17	0.37664473684210525
src/test/compile-fail/lint-unconditional-recursion.rs	9	3	12	0.5675675675675675
src/test/run-pass/move-3.rs	18	2	20	0.6847826086956522
src/test/run-make/c-static-rlib/Makefile	4	2	6	0.65
src/test/run-pass/match-ref-binding-in-guard-3256.rs	10	3	13	0.4423676012461059
src/test/compile-fail/regions-fn-subtyping-return-static.rs	6	4	10	0.5888888888888889
src/test/run-pass/maybe-mutable.rs	10	3	13	0.38461538461538464
src/test/compile-fail/never-assign-dead-code.rs	0	4	4	0.6818181818181818
src/test/run-pass/macro-stmt.rs	17	5	22	0.424390243902439
src/test/compile-fail/regions-infer-invariance-due-to-decl.rs	3	3	6	0.352112676056338
src/test/run-fail/expr-fn-panic.rs	4	4	8	0.4915254237288136
src/test/run-make/dep-info/Makefile.foo	4	2	6	0.49038461538461536
src/test/compile-fail/issue-20772.rs	3	3	6	0.4594594594594595
mk/cfg/x86_64-w64-mingw32	2	2	4	0.7073170731707317
src/test/run-pass/lint-non-camel-case-with-trailing-underscores.rs	7	3	10	0.4864864864864865
src/test/run-pass/issue-29071.rs	2	2	4	0.6451612903225806
src/test/run-pass/associated-types-normalize-in-bounds-binding.rs	5	3	8	0.35833333333333334
src/test/compile-fail/liveness-swap-uninit.rs	4	3	7	0.6785714285714286
src/test/auxiliary/kinds_in_metadata.rs	9	3	12	0.5633802816901409
src/test/run-make/cdylib/foo.rs	1	4	5	0.4883720930232558
src/rustc/middle/trans/base.rs	14	8	22	0.1696113074204947
src/test/run-pass/deriving-default-box.rs	5	3	8	0.33774834437086093
src/libextra/terminfo/parm.rs	16	2	18	0.7854785478547854
src/test/compile-fail/assoc-eq-expr-path.rs	4	2	6	0.6222222222222222
src/test/compile-fail/aux/struct_field_privacy.rs	0	1	1	1.0
src/test/compile-fail/issue-17718-constants-not-static.rs	2	2	4	0.7777777777777778
src/test/run-pass/move-guard-const.rs	5	3	8	0.4536082474226804
src/test/run-pass/regions-lub-ref-ref-rc.rs	4	3	7	0.45652173913043476
src/test/run-make/symlinked-rlib/bar.rs	2	3	5	0.5454545454545454
src/comp/metadata/tydecode.rs	12	6	18	0.2670807453416149
src/librusti/rusti.rs	19	1	20	0.8231292517006803
src/test/compile-fail/alt-vec-invalid-2.rs	0	3	3	0.8333333333333334
src/test/run-pass/borrowck-unary-move-2.rs	5	1	6	0.8933333333333333
src/test/run-make/mixing-formats/bar2.rs	0	3	3	0.8823529411764706
src/test/run-pass/pat-tuple-5.rs	3	3	6	0.4915254237288136
src/rt/rust_chan.h	1	5	6	0.3333333333333333
src/test/compile-fail/issue-22560.rs	6	5	11	0.46405228758169936
src/rustc/rustc.rc	10	5	15	0.25
src/test/compile-fail/lifetime-inference-give-expl-lifetime-param-2.rs	7	3	10	0.5164835164835165
src/rt/libuv/src/ares/config_win32/ares_config.h	0	4	4	0.42857142857142855
src/test/rustdoc/aux/inline-default-methods.rs	0	1	1	1.0
src/test/auxiliary/reexp_stripped.rs	4	3	7	0.4020618556701031
src/test/auxiliary/issue-13872-3.rs	5	4	9	0.4696969696969697
src/test/run-pass/slice-panic-1.rs	11	4	15	0.4069767441860465
src/test/compile-fail/dst-bad-assign.rs	11	4	15	0.4527027027027027
src/test/run-pass/crust-stress.rs	0	2	2	0.6666666666666666
src/test/run-pass/issue-2383.rs	14	3	17	0.5145985401459854
src/rt/rustrt.linux.def	0	1	1	1.0
src/libstd/sys/unix/ext/process.rs	12	5	17	0.5565345080763583
src/test/compile-fail/issue-13446.rs	7	5	12	0.4065040650406504
src/test/run-pass/cfgs-on-items.rs	9	3	12	0.48743718592964824
src/test/auxiliary/sepcomp_cci_lib.rs	6	4	10	0.46540880503144655
src/test/compile-fail/issue-29859.rs	0	1	1	1.0
src/test/auxiliary/issue-7178.rs	3	4	7	0.48514851485148514
src/test/auxiliary/issue-18502.rs	4	4	8	0.35714285714285715
src/test/run-pass/macro-invocation-in-count-expr-fixed-array-type.rs	8	2	10	0.6
src/test/compile-fail/issue-24036.rs	8	4	12	0.5205479452054794
src/test/compile-fail/issue-26905.rs	1	2	3	0.5
src/test/compile-fail/object-safety-mentions-Self.rs	7	5	12	0.4550561797752809
src/test/run-pass/lib-ivec.rs	0	2	2	0.75
src/test/run-pass-valgrind/exit-flushes.rs	3	4	7	0.6567164179104478
src/test/run-pass/issue-9047.rs	5	3	8	0.6942148760330579
src/test/compile-fail/issue-29857.rs	2	4	6	0.4423076923076923
src/test/compile-fail/issue-19380.rs	5	3	8	0.6571428571428571
src/libstd/sys/unix/ext/raw.rs	7	4	11	0.5814977973568282
src/test/ui/check_match/issue-35609.stderr	3	3	6	0.6904761904761905
src/test/run-pass-fulldeps/auxiliary/procedural_mbe_matching.rs	7	6	13	0.3368421052631579
src/test/compile-fail/aux/weak-lang-items.rs	0	1	1	1.0
src/test/compile-fail/wf-trait-associated-type-trait	0	1	1	1.0
src/libstd/comm/mpsc_queue.rs	2	3	5	0.5982905982905983
src/test/compile-fail/issue-21221-3.rs	6	4	10	0.6183206106870229
src/test/compile-fail/trait-bounds-on-structs-and-enums-static.rs	9	3	12	0.4539877300613497
src/test/run-pass/issue24353.rs	0	5	5	0.42857142857142855
conversions.md	0	2	2	0.9333333333333333
src/test/compile-fail/issue-19991.rs	13	3	16	0.3584905660377358
src/test/compile-fail/class-cast-to-iface.rs	0	5	5	0.3333333333333333
src/librustc_lint/Cargo.toml	6	4	10	0.4142857142857143
src/comp/middle/metadata.rs	5	5	10	0.3829787234042553
src/rt/memory.h	0	5	5	0.45454545454545453
src/test/compile-fail/unconstrained-none.rs	12	3	15	0.5321637426900585
src/rt/libuv/config-mingw.mk	0	6	6	0.36363636363636365
src/test/compile-fail-fulldeps/auxiliary/macro_crate_MacroRulesTT.rs	4	4	8	0.5869565217391305
src/test/parse-fail/lifetime-semicolon.rs	2	3	5	0.5106382978723404
src/rt/rust_srv.cpp	4	5	9	0.24
src/test/run-fail/issue-6458-1.rs	4	4	8	0.4915254237288136
src/test/run-fail/unwind-lambda.rs	17	1	18	0.7611940298507462
src/libcore/int-template/i8b.rs	0	1	1	1.0
src/test/pretty/unary-op-disambig.rs	11	3	14	0.4
src/test/compile-fail/issue-17441.rs	13	3	16	0.3741721854304636
src/test/incremental/hashes/struct_defs.rs	5	4	9	0.4
src/test/run-pass/union-const-trans.rs	0	1	1	1.0
src/test/compile-fail/aux/svh-a-change-type-arg.rs	0	1	1	1.0
man/rustc.1	43	4	47	0.5771305285868392
src/test/run-pass/filter-block-view-items.rs	4	3	7	0.5483870967741935
src/librustc/middle/typeck/infer/type_variable.rs	5	4	9	0.39896373056994816
src/rt/libuv/src/win/dl.c	0	2	2	0.75
src/test/compile-fail/lint-no-drop-on-repr-extern.rs	5	7	12	0.47368421052631576
src/librustc/middle/typeck/infer/lub.rs	25	2	27	0.7259953161592506
src/test/parse-fail/issue-10392.rs	3	4	7	0.4117647058823529
src/test/compile-fail/deriving-span-Rand-struct.rs	6	2	8	0.7217391304347827
src/librustc/middle/ty_match.rs	9	4	13	0.5579399141630901
src/rt/jemalloc/test/aligned_alloc.c	0	5	5	0.7777777777777778
src/test/compile-fail/variance-trait-bounds.rs	6	6	12	0.29292929292929293
src/libstd/future.rs	17	3	20	0.6482213438735178
src/librustc_back/target/arm_unknown_linux_gnueabi.rs	18	3	21	0.49246231155778897
src/test/compile-fail/bad-tag-export-4.rs	0	5	5	0.375
src/test/auxiliary/crateresolve-1.rs	0	2	2	0.6666666666666666
src/test/compile-fail/traits-inductive-overflow-two-traits.rs	2	3	5	0.6666666666666666
src/bootstrap/flags.rs	0	3	3	0.5
src/libcore/iterator.rs	5	3	8	0.7352941176470589
src/test/compile-fail/warn-ctypes.rs	3	4	7	0.4
src/test/compile-fail/occurs-check-3.rs	9	3	12	0.4107142857142857
src/test/compile-fail/lint-impl-fn.rs	4	2	6	0.82
src/librustc/ty/wf.rs	14	6	20	0.3660377358490566
mk/libuv/ia32/mac/src/rt/libuv/run-tests.target.mk	0	3	3	0.5
src/test/compile-fail/derived-errors/issue-30580.rs	3	4	7	0.4107142857142857
src/librustpkg/testsuite/pass/src/foo/lib.rs	5	1	6	0.8571428571428571
src/test/compile-fail/E0221.rs	5	4	9	0.3819444444444444
src/libcore/unstable/sync.rs	4	2	6	0.7058823529411765
src/librustc_incremental/ich/mod.rs	3	3	6	0.35714285714285715
src/test/auxiliary/issue_30123_aux.rs	3	3	6	0.42201834862385323
src/test/run-pass/inner-attrs-on-impl.rs	4	3	7	0.4368932038834951
src/test/run-pass/issue-13204.rs	10	3	13	0.422680412371134
src/test/compile-fail/lambda-mutate.rs	7	5	12	0.6410256410256411
src/test/compile-fail-fulldeps/rustc-macro/feature-gate-3.rs	3	5	8	0.5862068965517241
src/test/compile-fail/issue-26930.rs	2	3	5	0.6216216216216216
src/libcore/int-template/i64b.rs	0	1	1	1.0
src/test/debug-info/basic-types-globals.rs	5	1	6	0.9206349206349206
src/test/run-pass/coerce-reborrow-imm-vec-arg.rs	14	4	18	0.48677248677248675
src/test/compile-fail/arg-type-mismatch.rs	6	3	9	0.5217391304347826
src/rustc/middle/typeck/writeback.rs	0	1	1	1.0
src/test/compile-fail/E0261.rs	2	3	5	0.5
src/libextra/arena.rs	19	1	20	0.8211920529801324
src/test/compile-fail/issue-20313.rs	2	2	4	0.625
src/test/compile-fail/slightly-nice-generic-literal-messages.rs	13	4	17	0.4521276595744681
src/test/run-pass/associated-types-normalize-in-bounds.rs	6	3	9	0.584
src/test/run-pass/deriving-override.rs	0	4	4	0.42857142857142855
src/test/debuginfo/destructured-for-loop-variable.rs	12	3	15	0.5017667844522968
src/test/run-pass/const-vec-of-fns.rs	14	2	16	0.5286195286195287
src/test/run-pass/unify-return-ty.rs	12	4	16	0.387434554973822
src/test/compile-fail/resource-let.rs	0	1	1	1.0
src/test/run-pass/issue-15189.rs	11	5	16	0.37142857142857144
src/test/compile-fail/issue-1896-3.rs	0	1	1	1.0
src/test/compile-fail/unsafe-fn-used-as-value.rs	6	3	9	0.46153846153846156
src/test/run-pass/crate-attributes.rc	0	4	4	0.7272727272727273
src/librustc_macro/lib.rs	4	5	9	0.4634146341463415
src/liballoc/heap.rs	33	4	37	0.4443625644804716
src/test/run-pass/extern_fat_drop.rs	3	3	6	0.5087719298245614
src/etc/vim/autoload/rust.vim	2	3	5	0.52
src/rustbook/css.rs	11	4	15	0.48
src/test/run-pass/builtin-superkinds-phantom-typaram.rs	5	3	8	0.44144144144144143
src/test/debuginfo/macro-stepping.rs	1	5	6	0.3111111111111111
src/test/run-pass/zero-sized-vec-push.rs	2	3	5	0.6341463414634146
src/test/run-pass/issue-25679.rs	1	4	5	0.78125
src/test/run-pass/astconv-cycle-between-trait-and-type.rs	4	3	7	0.3625
src/test/run-pass-valgrind/cleanup-auto-borrow-obj.rs	5	4	9	0.41836734693877553
src/librustc_back/target/thumb_base.rs	3	5	8	0.5058823529411764
src/test/compile-fail/coherence-orphan.rs	8	4	12	0.4398148148148148
src/test/run-pass/pipe-presentation-examples.rs	16	3	19	0.5428571428571428
src/test/compile-fail/issue-7970b.rs	2	2	4	0.47619047619047616
src/test/parse-fail/issue-3036.rs	6	3	9	0.5348837209302325
src/test/run-pass/issue-19499.rs	4	3	7	0.41237113402061853
src/test/compile-fail/moves-based-on-type-block-bad.rs	18	4	22	0.562874251497006
src/test/debuginfo/static-method-on-struct-and-enum.rs	11	3	14	0.4429223744292237
src/librustc_typeck/check/method/README.md	5	2	7	0.6666666666666666
src/librustc_trans/trans/mir/lvalue.rs	12	3	15	0.6546961325966851
src/test/run-pass/ufcs-type-params.rs	5	3	8	0.6
src/test/run-pass/array_const_index-1.rs	1	3	4	0.5833333333333334
src/librustc_borrowck/Cargo.toml	9	4	13	0.39080459770114945
src/test/ui/span/issue-36537.stderr	2	4	6	0.5853658536585366
src/test/run-fail/addr-of-bot.rs	0	3	3	0.8333333333333334
src/test/run-pass/unique-fn-arg.rs	9	3	12	0.41139240506329117
src/test/compile-fail/union-move-assign.rs	0	1	1	1.0
src/test/run-pass/issue-979.rs	16	3	19	0.5653495440729484
src/test/debug-info/closure-in-generic-function.rs	8	1	9	0.9150943396226415
src/rt/libuv/test/test-tcp-write-to-half-open-connection.c	0	2	2	0.75
src/test/run-pass/regions-infer-region-in-fn-but-not-type.rs	3	3	6	0.5454545454545454
src/librustc_mir/transform/simplify_branches.rs	10	4	14	0.5620437956204379
src/librustc_resolve/check_unused.rs	22	5	27	0.443019943019943
src/rt/libuv/src/unix/ev/ev++.h	0	1	1	1.0
src/test/compile-fail/reject-specialized-drops-8142.rs	8	4	12	0.4358974358974359
src/lib/rand.rs	5	5	10	0.18181818181818182
src/test/compile-fail/bad-for-loop.rs	8	3	11	0.6338028169014085
src/test/compile-fail/orphan-check-diagnostics.rs	4	3	7	0.6615384615384615
src/rt/libuv/src/ares/ares_library_init.c	0	4	4	0.5
src/test/compile-fail/invalid-macro-matcher.rs	5	4	9	0.5922330097087378
src/tools/compiletest/src/common.rs	10	5	15	0.4401294498381877
src/librustc_trans/save/mod.rs	38	4	42	0.43418116912092813
src/test/run-make/rustdoc-ffi/user.rs	1	3	4	0.4375
src/test/run-pass/aux/crate-method-reexport-grrrrrrr2.rs	0	1	1	1.0
src/test/compile-fail/empty-struct-with-braces-2.rs	1	3	4	0.6266666666666667
src/test/run-pass-fulldeps/rustc-macro/load-two.rs	4	4	8	0.5694444444444444
src/test/codegen-units/item-collection/instantiation-through-vtable.rs	5	5	10	0.4740740740740741
src/librustc_borrowck/borrowck/mir/mod.rs	14	6	20	0.4104134762633997
src/test/ui/mismatched_types/main.rs	4	4	8	0.39759036144578314
src/test/compile-fail/use-keyword.rs	3	5	8	0.46
src/test/compile-fail/issue-17431-5.rs	7	3	10	0.5040650406504065
src/test/bench/task-perf/word-count.rs	0	3	3	0.6
src/librustsyntax/parse/parser.rs	8	6	14	0.35526315789473684
src/test/compile-fail/unreachable-code.rs	11	2	13	0.6166666666666667
src/test/compile-fail/pure-subtyping.rs	4	4	8	0.38461538461538464
src/librlibc/lib.rs	10	2	12	0.6843575418994413
src/test/run-pass/vec-self-append.rs	13	2	15	0.6330935251798561
src/test/compile-fail/unresolved-extern-mod-suggestion.rs	11	2	13	0.6916666666666667
src/rustdoc/sort_pass.rs	7	5	12	0.3584905660377358
src/test/compile-fail/impl-type-where-trait-has-method.rs	0	1	1	1.0
src/test/run-pass/backtrace-debuginfo.rs	12	5	17	0.45366795366795365
src/librustc_trans/trans/cabi_aarch64.rs	11	5	16	0.3649025069637883
src/test/run-make/obey-crate-type-flag/Makefile	4	1	5	0.9130434782608695
src/test/auxiliary/issue-19163.rs	4	3	7	0.4158415841584158
src/test/run-make/extern-diff-internal-name/lib.rs	2	2	4	0.7777777777777778
src/test/run-pass/specialization-basics.rs	0	1	1	1.0
src/test/run-pass/regions-lifetime-nonfree-late-bound.rs	6	3	9	0.47191011235955055
src/test/compile-fail/E0262.rs	2	3	5	0.5
src/test/run-pass/issue-10501.rs	3	2	5	0.6666666666666666
src/test/run-pass/placement-new-arena.rs	19	3	22	0.5568181818181818
src/test/run-pass/crust-call.rs	0	3	3	0.6
src/librustc_mir/def_use.rs	5	6	11	0.4806201550387597
src/libnum/rational.rs	18	2	20	0.8530066815144766
src/test/bench/shootout/shootout-ackermann.rs	0	2	2	0.8888888888888888
src/rt/libuv/msvs/libuv-test.vcxproj	0	4	4	0.25
src/librustdoc/tystr_pass.rs	21	4	25	0.6447688564476886
src/test/parse-fail/issue-6610.rs	3	4	7	0.4117647058823529
src/test/compile-fail/sendfn-is-not-a-lambda.rs	9	3	12	0.6
src/libcollections/linked_list.rs	29	4	33	0.5037037037037037
src/rt/libuv/src/ares/ares_mkquery.c	0	3	3	0.6
src/libstd/path/mod.rs	36	2	38	0.5217717717717718
src/rt/jemalloc/test/thread_arena.c	0	5	5	0.7777777777777778
src/test/auxiliary/priv-impl-prim-ty.rs	5	4	9	0.4825174825174825
src/test/compile-fail/extenv-not-defined-custom.rs	0	4	4	0.6666666666666666
src/test/compile-fail/extfmt-unterminated-conv.rs	6	4	10	0.6388888888888888
src/test/run-make/sepcomp-cci-copies/Makefile	3	2	5	0.5
src/test/debuginfo/lexical-scope-in-unique-closure.rs	11	4	15	0.398576512455516
src/test/run-pass/const-unsafe-fn.rs	0	2	2	0.6666666666666666
src/rustllvm/RustGCStrategy.cpp	0	2	2	0.75
src/test/run-pass/method-self-arg-trait.rs	10	3	13	0.4115755627009646
src/librustpkg/testsuite/pass/install-paths/main.rs	0	3	3	0.8235294117647058
src/test/run-pass/aux/static_fn_trait_xc_aux.rs	0	1	1	1.0
src/librustc_save_analysis/lib.rs	16	5	21	0.43216783216783217
src/libextra/arc.rs	32	1	33	0.8109854604200323
src/test/auxiliary/issue24687_lib.rs	5	4	9	0.36036036036036034
src/libstd/sys/common/mod.rs	22	3	25	0.43391066545123064
src/test/compile-fail/empty-macro-use.rs	4	3	7	0.5454545454545454
src/test/run-pass/shadow.rs	23	2	25	0.649867374005305
src/test/run-make/graphviz-flowgraph/f19.dot-expected.dot	4	3	7	0.7027027027027027
src/rt/circular_buffer.cpp	4	6	10	0.24489795918367346
src/test/run-pass/method-self-arg-aux2.rs	7	3	10	0.39901477832512317
src/test/compile-fail/range_traits-3.rs	1	5	6	0.5
src/test/compile-fail/issue-23122-2.rs	1	5	6	0.525
src/test/compile-fail/borrowck-for-loop-correct-cmt-for-pattern.rs	12	3	15	0.43842364532019706
src/doc/trpl/README.md	23	4	27	0.5033222591362126
src/test/bench/shootout/nbody.rs	0	6	6	0.375
src/test/compile-fail-fulldeps/auxiliary/rlib_crate_test.rs	0	1	1	1.0
src/test/run-pass-fulldeps/ast_stmt_expr_attr.rs	9	4	13	0.5299145299145299
src/test/run-pass/static-recursive.rs	1	4	5	0.75
src/test/run-pass/extern-call.rs	11	2	13	0.7070707070707071
src/test/parse-fail/import-glob-path.rs	3	4	7	0.4117647058823529
src/libstd/io/stdio.rs	50	4	54	0.5217013888888888
src/test/run-pass/mir_fat_ptr_drop.rs	3	5	8	0.5068493150684932
src/test/ui/span/regions-infer-borrow-scope-within-loop.stderr	1	3	4	0.38461538461538464
src/test/run-pass/unwind-box.rs	15	3	18	0.7385321100917431
src/test/compile-fail/mod_file_correct_spans.rs	10	3	13	0.6568627450980392
src/rt/libuv/src/unix/linux.c	0	2	2	0.6666666666666666
src/test/run-pass/issue-28181.rs	1	2	3	0.8571428571428571
src/test/codegen/stores.rs	9	5	14	0.5699658703071673
src/test/debuginfo/function-prologue-stepping-regular.rs	8	3	11	0.4153846153846154
src/test/parse-fail/trait-non-item-macros.rs	2	5	7	0.26785714285714285
src/test/debuginfo/text-to-include-1.txt	5	2	7	0.7714285714285715
src/doc/rust.css	27	3	30	0.5232
src/comp/middle/resolve.rs	15	6	21	0.3210161662817552
src/test/auxiliary/cgu_test.rs	3	3	6	0.4105263157894737
src/librustc_trans/context.rs	16	6	22	0.4474616292798111
src/test/run-fail/vec-underrun.rs	9	5	14	0.41379310344827586
src/tools/tidy/src/cargo_lock.rs	5	3	8	0.4482758620689655
src/test/run-pass/drop-flag-skip-sanity-check.rs	9	3	12	0.33495145631067963
src/test/compile-fail/struct-literal-in-while.rs	6	4	10	0.4838709677419355
src/librand/distributions/ziggurat_tables.rs	5	4	9	0.5701754385964912
src/test/auxiliary/static_priv_by_default.rs	6	4	10	0.49746192893401014
src/rt/sundown/src/stack.c	0	2	2	0.9310344827586207
src/test/run-pass/enum-deriving-simple.rs	0	4	4	0.4444444444444444
src/test/run-pass/associated-types-in-inherent-method.rs	5	3	8	0.41605839416058393
src/rustllvm/ExecutionEngineWrapper.cpp	16	4	20	0.5062893081761006
src/doc/style/features/functions-and-methods/input.md	8	5	13	0.4646840148698885
src/test/run-make/cannot-read-embedded-idents/create_and_compile.rs	10	3	13	0.3588850174216028
src/librustc_trans/back/rpath.rs	1	4	5	0.39473684210526316
src/libnative/io/tty_windows.rs	3	2	5	0.7184466019417476
src/test/stdtest/vec_str_conversions.rs	0	5	5	0.6153846153846154
src/libstd/io/util.rs	31	4	35	0.5078328981723238
src/test/run-pass/discrim-explicit-23030.rs	3	3	6	0.32
src/test/run-fail/panic-non-utf8.rs	0	2	2	0.7368421052631579
src/libcoretest/hash/sip.rs	14	4	18	0.38072289156626504
src/libsyntax/util/small_vector.rs	38	3	41	0.517931609674729
src/test/compile-fail/unboxed-closures-vtable-mismatch.rs	8	3	11	0.4717741935483871
src/libcoretest/finally.rs	9	4	13	0.3597122302158273
src/test/parse-fail/unboxed-closure-sugar-used-on-struct-3.rs	6	4	10	0.422680412371134
src/test/run-pass/const-cast-ptr-int.rs	10	3	13	0.40828402366863903
src/test/run-pass/aux/extern_calling_convention.rs	0	1	1	1.0
src/test/run-make/dep-info-spaces/bar.rs	2	2	4	0.5652173913043478
src/etc/emacs/rust-mode.el	36	3	39	0.60932944606414
src/libextra/hex.rs	11	1	12	0.8728323699421965
src/libstd/sys/windows/printing/gnu.rs	3	3	6	0.7583333333333333
src/test/debug-info/borrowed-c-style-enum.rs	9	1	10	0.9147286821705426
src/test/run-pass-fulldeps/create-dir-all-bare.rs	4	3	7	0.4222222222222222
src/test/run-pass/trait-cache-issue-18209.rs	4	3	7	0.6428571428571429
src/librustc/middle/reachable.rs	47	4	51	0.5698080279232112
src/test/auxiliary/issue-5518.rs	4	3	7	0.4266666666666667
src/test/compile-fail/struct-fields-too-many.rs	12	4	16	0.5307692307692308
src/test/run-pass/issue-507.rs	5	7	12	0.36363636363636365
src/librustc_trans/trans/expr.rs	53	4	57	0.4503868146653212
src/test/compile-fail/match-tag-nullary.rs	2	2	4	0.5483870967741935
src/test/run-pass/issue-3702.rs	12	2	14	0.76875
src/test/compile-fail/union-unsafe.rs	0	1	1	1.0
src/test/run-pass/foreign-call-no-runtime.rs	21	3	24	0.5698924731182796
src/bootstrap/build/sanity.rs	8	3	11	0.6044303797468354
src/test/compile-fail/E0254.rs	2	3	5	0.3942307692307692
src/test/compile-fail/empty-linkname.rs	6	4	10	0.5483870967741935
src/test/compile-fail/deriving-is-deprecated.rs	3	3	6	0.39705882352941174
src/test/run-pass-fulldeps/derive-totalsum.rs	3	2	5	0.4666666666666667
src/test/pretty/do1.rs	12	3	15	0.5163043478260869
src/libcore/int-template/i32.rs	3	4	7	0.44
src/etc/nano/rust.nanorc	4	3	7	0.5247524752475248
src/test/compile-fail/issue-18107.rs	10	3	13	0.3920704845814978
src/test/compile-fail/keyword-as-as-identifier.rs	2	3	5	0.3392857142857143
src/etc/check-summary.py	10	3	13	0.6240601503759399
src/test/run-pass/issue-20055-box-unsized-array.rs	4	3	7	0.4642857142857143
src/test/run-pass/cfg-target-vendor.rs	2	2	4	0.7619047619047619
src/test/run-pass/issue-31597.rs	1	5	6	0.59375
src/test/compile-fail/E0370.rs	1	3	4	0.38235294117647056
src/test/parse-fail/doc-before-struct-rbrace-2.rs	3	2	5	0.5666666666666667
src/test/compile-fail/E0451.rs	3	3	6	0.44036697247706424
src/doc/book/deref-coercions.md	2	4	6	0.5416666666666666
src/test/codegen-units/item-collection/generic-drop-glue.rs	2	3	5	0.5806451612903226
src/rt/libuv/include/uv-private/uv-linux.h	0	1	1	1.0
src/test/rustdoc/must-use.rs	0	3	3	0.3333333333333333
doc/po/ja/guide-rustpkg.md.po	3	1	4	0.9117647058823529
src/test/run-pass/sepcomp-lib-lto.rs	7	3	10	0.6129032258064516
src/test/run-pass/aux/issue-25185-1.rs	0	1	1	1.0
man/rustdoc.1	18	5	23	0.5798687089715536
src/doc/tarpl/repr-rust.md	1	3	4	0.6842105263157895
src/doc/trpl/generics.md	11	3	14	0.5515151515151515
src/test/run-pass/aux/issue-8044.rs	0	1	1	1.0
src/libstd/rand/rand_impls.rs	3	2	5	0.8837209302325582
src/test/run-make/msvc-data-only/Makefile	0	1	1	1.0
src/libcore/u64.rs	1	8	9	0.25
src/test/run-pass/issue-10802.rs	7	4	11	0.4406779661016949
src/rt/libuv/src/eio/autogen.sh	0	3	3	0.3333333333333333
src/test/run-pass/issue-11529.rs	4	3	7	0.43333333333333335
src/test/compile-fail/borrowck-anon-fields-variant.rs	8	4	12	0.6198830409356725
src/test/compile-fail/borrowck-loan-blocks-mut-uniq.rs	17	3	20	0.525096525096525
src/test/run-pass/plugin-args-4.rs	0	3	3	0.5555555555555556
src/test/run-fail/too-much-recursion-unwinding.rs	15	4	19	0.6411483253588517
src/etc/featureck.py	9	4	13	0.5265017667844523
src/test/run-pass/issue-17361.rs	5	2	7	0.75
src/librustc/traits/select.rs	18	6	24	0.40796703296703296
src/test/compile-fail/issue-17373.rs	3	2	5	0.6935483870967742
src/test/run-pass/list.rs	10	4	14	0.425414364640884
src/comp/syntax/walk.rs	3	4	7	0.38095238095238093
src/test/parse-fail/issue-17383.rs	3	4	7	0.4117647058823529
src/librustc/middle/ty/sty.rs	17	3	20	0.636144578313253
src/test/compile-fail/regions-early-bound-error-method.rs	9	4	13	0.5818965517241379
src/rustbook/build.rs	20	4	24	0.38498789346246975
src/test/run-pass/cast-rfc0401-vtable-kinds.rs	2	3	5	0.7868852459016393
src/libcore/uint-template/u64.rs	2	4	6	0.45
src/test/parse-fail/bind-struct-early-modifiers.rs	3	4	7	0.4117647058823529
src/libcore/i64.rs	0	5	5	0.5833333333333334
src/librustc/middle/typeck/check/method/mod.rs	4	4	8	0.4298245614035088
src/test/run-pass/native-dupe.rs	0	4	4	0.42857142857142855
src/test/compile-fail/restricted-keyword1.rs	0	2	2	0.8333333333333334
src/libcore/rt/io/support.rs	0	3	3	0.7142857142857143
src/test/compile-fail/E0260.rs	3	3	6	0.4636363636363636
src/test/pretty/block-comment-trailing-whitespace.rs	6	2	8	0.4782608695652174
src/test/run-pass/unboxed-closures-fnmut-as-fnonce.rs	14	3	17	0.36524822695035464
src/test/debug-info/generic-struct-style-enum.rs	9	1	10	0.917910447761194
src/test/run-pass/issue-333.rs	16	3	19	0.47761194029850745
src/test/compile-fail/variance-covariant-arg-trait-match.rs	2	4	6	0.5370370370370371
src/liblog/directive.rs	23	3	26	0.5934959349593496
src/test/run-pass/overloaded_deref_with_ref_pattern_issue15609.rs	3	2	5	0.7105263157894737
src/test/run-make/save-analysis/SameDir.rs	3	2	5	0.7380952380952381
src/librustc/middle/typeck/infer/mod.rs	41	2	43	0.7243172951885566
src/test/run-pass/nonzero-enum.rs	4	3	7	0.3333333333333333
src/test/run-pass/issue-19098.rs	7	3	10	0.4897959183673469
src/librustc/middle/infer/higher_ranked/README.md	7	3	10	0.538961038961039
src/libstd/sync/task_pool.rs	14	3	17	0.43478260869565216
src/test/compile-fail/auxiliary/recursive_reexports.rs	3	3	6	0.5714285714285714
src/lib/posix_fs.rs	8	5	13	0.25
src/test/run-pass/rcvr-borrowed-to-slice.rs	23	3	26	0.5611940298507463
src/test/compile-fail/regions-outlives-projection-container.rs	0	1	1	1.0
src/test/run-pass/auxiliary/union.rs	0	1	1	1.0
src/test/run-pass/mod_dir_implicit_aux/mod.rs	2	3	5	0.375
src/comp/syntax/ext/qquote.rs	1	7	8	0.5806451612903226
src/rustc/driver/session.rs	11	7	18	0.24166666666666667
src/test/compile-fail/issue-3099.rs	16	2	18	0.6886792452830188
src/rustc/util/ppaux.rs	11	7	18	0.2709677419354839
src/test/run-pass/auxiliary/cgu_test.rs	0	3	3	0.5
src/comp/driver/rustc.rs	18	5	23	0.2552083333333333
src/test/ui/span/regionck-unboxed-closure-lifetimes.stderr	1	3	4	0.38461538461538464
src/test/run-pass/iter-step-overflow-debug.rs	0	2	2	0.6666666666666666
src/test/run-fail/fail-macro-owned.rs	8	2	10	0.7009345794392523
src/rt/rust_box.h	0	1	1	1.0
src/test/compile-fail/issue-3344.rs	13	3	16	0.684931506849315
src/comp/middle/trans_common.rs	13	5	18	0.3240223463687151
src/test/run-pass/issue-19811-escape-unicode.rs	7	3	10	0.3875
src/test/run-pass/loop-break-cont.rs	11	3	14	0.5619834710743802
src/test/compile-fail/E0429.rs	2	3	5	0.4583333333333333
src/test/compile-fail/issue-3601.rs	12	4	16	0.5480769230769231
src/libextra/rc.rs	12	1	13	0.8013698630136986
src/librustc/hir/def_id.rs	5	5	10	0.4479166666666667
src/librustc/middle/infer/region_inference/README.md	8	3	11	0.475
src/test/compile-fail/issue-28109.rs	3	3	6	0.6617647058823529
src/test/compile-fail/resolve-type-param-in-item-in-trait.rs	9	4	13	0.5562913907284768
src/librustc_unicode/normalize.rs	4	3	7	0.6666666666666666
src/librustc/back/mipsel.rs	3	1	4	0.9
src/test/run-pass/overload-index-operator.rs	11	2	13	0.7634408602150538
src/rt/jemalloc/autogen.sh	0	5	5	0.7777777777777778
src/test/run-pass/issue-2723-b.rs	16	2	18	0.4689265536723164
src/test/compile-fail/static-items-cant-move.rs	5	2	7	0.7142857142857143
src/libstd/sys/windows/thread.rs	14	4	18	0.40249609984399376
src/librustuv/stream.rs	5	2	7	0.7407407407407407
src/rt/libuv/src/unix/eio/aclocal.m4	0	1	1	1.0
src/test/compile-fail/borrowck-addr-of-upvar.rs	3	3	6	0.7647058823529411
src/comp/middle/kind.rs	6	6	12	0.27884615384615385
.gitattributes	10	2	12	0.7692307692307693
src/test/compile-fail/capture1.rs	9	3	12	0.66
src/rt/libuv/test/test-tty.c	0	2	2	0.8
src/test/run-pass/regions-borrow-uniq.rs	12	3	15	0.36398467432950193
src/rustc/middle/borrowck/gather_loans.rs	7	7	14	0.26262626262626265
src/libstd/os/bitrig/mod.rs	4	4	8	0.6094674556213018
src/libsync/deque.rs	10	3	13	0.5703125
src/test/run-pass/move-4-unique.rs	14	3	17	0.4864864864864865
src/rt/msvc/typeof.h	4	4	8	0.46153846153846156
src/test/compile-fail/issue-13428.rs	10	3	13	0.6729559748427673
src/test/compile-fail/issue-25199.rs	5	6	11	0.5822784810126582
src/libstd/cell.rs	32	1	33	0.7515527950310559
src/test/run-pass/issue-28936.rs	3	5	8	0.5277777777777778
src/test/run-pass/syntax-extension-fmt.rs	20	4	24	0.5021459227467812
src/test/run-pass/issue-2804-2.rs	16	3	19	0.6019108280254777
src/test/compile-fail/macro-context.rs	8	5	13	0.45739910313901344
src/doc/trpl/box-syntax-and-patterns.md	6	3	9	0.6842105263157895
src/rustdoc/extract.rs	13	3	16	0.5526315789473685
src/test/auxiliary/lifetime_bound_will_change_warning_lib.rs	3	3	6	0.41
src/librustc_trans/assert_dep_graph.rs	3	3	6	0.4647887323943662
src/test/run-pass/alt-value-binding-in-guard-3291.rs	3	5	8	0.7105263157894737
src/test/compile-fail/E0560.rs	1	5	6	0.36363636363636365
src/test/run-pass/hygienic-labels.rs	11	3	14	0.420863309352518
src/test/run-pass/builtin-superkinds-typaram.rs	4	3	7	0.4507042253521127
src/librustc_mir/visit.rs	4	3	7	0.6867469879518072
src/test/run-pass/mut-function-arguments.rs	12	3	15	0.4482758620689655
src/test/run-pass/platform_thread.rs	5	2	7	0.7636363636363637
src/test/run-pass/dropck-eyepatch.rs	4	3	7	0.44680851063829785
src/test/compile-fail/assoc-eq-3.rs	3	3	6	0.4861111111111111
src/test/run-fail/borrowck-wg-one-mut-one-imm.rs	3	2	5	0.891566265060241
src/test/compile-fail/cfg-attr-cfg-2.rs	3	3	6	0.3902439024390244
src/test/compile-fail/simd-type-generic-monomorphisation.rs	0	3	3	0.6666666666666666
src/test/run-pass/write-fmt-errors.rs	2	3	5	0.6470588235294118
src/librustc/front/map/definitions.rs	7	3	10	0.5021834061135371
src/test/compile-fail/regions-reborrow-from-shorter-mut-ref.rs	3	2	5	0.5517241379310345
src/doc/trpl/unsafe-code.md	0	4	4	0.3404255319148936
mk/libuv/ia32/win/src/rt/libuv/run-benchmarks.target.mk	0	1	1	1.0
src/test/parse-fail/obsolete-closure-kind.rs	6	4	10	0.44871794871794873
src/test/run-pass/chan-poweroftwo.rs	0	1	1	1.0
src/test/run-pass/nested-block-comment.rs	4	3	7	0.6133333333333333
src/doc/internals/SUMMARY.md	0	1	1	1.0
src/comp/syntax/util/interner.rs	5	8	13	0.20588235294117646
src/test/run-pass/coerce-overloaded-autoderef.rs	5	3	8	0.48214285714285715
src/test/run-pass/regions-variance-covariant-use-covariant.rs	5	3	8	0.4864864864864865
mk/cfg/i686-unknown-linux-gnu	3	3	6	0.6627906976744186
src/test/compile-fail/unsafe-fn-assign-deref-ptr.rs	9	3	12	0.4409448818897638
src/test/run-pass/cycle-generic-bound.rs	6	4	10	0.4406779661016949
src/test/incremental/struct_change_field_type_cross_crate/auxiliary/a.rs	0	5	5	0.4
src/test/compile-fail/dep-graph-trait-impl-two-traits.rs	3	3	6	0.5853658536585366
src/rt/libuv/vcbuild.bat	0	1	1	1.0
src/test/run-pass/unique-create.rs	13	3	16	0.43
src/test/compile-fail/unboxed-closure-sugar-used-on-struct.rs	7	4	11	0.3969465648854962
src/test/run-pass/issue-36936.rs	5	3	8	0.44680851063829785
src/test/debug-info/reference-to-unique-basic.rs	2	2	4	0.8620689655172413
src/libextra/test.rs	37	1	38	0.8259526261585994
mk/libuv/ia32/mac/gyp-mac-tool	0	7	7	0.4666666666666667
src/libcore/convert.rs	21	5	26	0.40846994535519127
src/comp/middle/fn_usage.rs	3	5	8	0.24
src/rustbook/term.rs	7	3	10	0.3898305084745763
src/test/compile-fail/gated-link-args.rs	4	2	6	0.5
src/test/auxiliary/trait_superkinds_in_metadata.rs	7	3	10	0.6794871794871795
mk/cfg/i686-pc-windows-msvc.mk	3	4	7	0.5925925925925926
src/librustc_back/lib.rs	27	4	31	0.43100189035916825
src/test/run-make/rustdoc-src-links/qux/mod.rs	2	3	5	0.47058823529411764
src/test/compile-fail/resource-let2.rs	0	2	2	0.6666666666666666
src/test/compiletest/runtest.rs	6	1	7	0.8541666666666666
src/test/run-pass/aux/cci_class.rs	0	1	1	1.0
src/test/bench/shootout-fasta.rs	41	3	44	0.4509177972865124
src/test/run-pass/ufcs-explicit-self.rs	8	3	11	0.4279475982532751
src/comp/middle/trans_objects.rs	6	6	12	0.3888888888888889
src/test/debuginfo/lexical-scope-in-parameterless-closure.rs	12	4	16	0.4322033898305085
src/test/run-make/crate-data-smoke/Makefile	3	3	6	0.722972972972973
src/test/run-pass/cycle-collection5.rs	2	5	7	0.6
src/librustc_passes/static_recursion.rs	12	6	18	0.3869346733668342
src/test/rustdoc/auxiliary/issue-17476.rs	0	2	2	0.6666666666666666
src/test/compile-fail/extfmt-no-args.rs	9	5	14	0.45098039215686275
src/test/auxiliary/anon_trait_static_method_lib.rs	12	4	16	0.4178082191780822
src/test/pretty/empty-lines.rs	9	3	12	0.3987730061349693
src/test/bench/shootout/shootout-fibo.rs	0	2	2	0.8888888888888888
src/test/run-pass/aux/svh-a-doc.rs	0	1	1	1.0
src/test/compile-fail/panic-runtime/auxiliary/panic-runtime-lang-items.rs	0	5	5	0.5789473684210527
src/test/run-pass/sized-owned-pointer.rs	6	3	9	0.4605263157894737
src/rt/libuv/msvs/libuv.sln	0	4	4	0.25
src/libcore/priv.rs	11	4	15	0.375
src/test/run-pass/aux/issue-14421.rs	0	1	1	1.0
src/librustc/middle/effect.rs	45	4	49	0.5551257253384912
src/test/run-pass/sync-send-iterators-in-libcore.rs	10	2	12	0.7032967032967034
src/test/run-make/graphviz-flowgraph/f18.rs	1	3	4	0.8064516129032258
src/test/compile-fail/issue-7950.rs	5	3	8	0.5238095238095238
src/libstd/num/num.rs	19	1	20	0.8638888888888889
src/test/run-pass/match-implicit-copy-unique.rs	9	3	12	0.5378151260504201
src/test/compile-fail/E0093.rs	3	5	8	0.3898305084745763
src/test/compile-fail/test-cfg.rs	6	3	9	0.5903614457831325
src/libcore/rt/uv/file.rs	2	2	4	0.7142857142857143
src/rt/libuv/include/uv-unix.h	0	2	2	0.5
src/test/compile-fail/unboxed-closures-failed-recursive-fn-2.rs	6	4	10	0.37681159420289856
src/librusti/rusti.rc	25	2	27	0.70020964360587
src/test/compile-fail/issue-21174.rs	7	3	10	0.65
src/test/compile-fail/regions-close-object-into-object-2.rs	4	3	7	0.5681818181818182
src/librustc/ty/trait_def.rs	10	4	14	0.42071197411003236
src/test/compile-fail/borrowck-move-out-of-tuple-struct-with-dtor.rs	9	2	11	0.8059701492537313
src/test/run-pass/mir_autoderef.rs	4	4	8	0.525
src/librustc_mir/hair/cx/pattern.rs	23	4	27	0.5213849287169042
src/test/run-pass/asm-concat-src.rs	8	3	11	0.4807692307692308
src/libstd/panic.rs	18	5	23	0.5172872340425532
src/test/auxiliary/inner_static.rs	5	4	9	0.39156626506024095
src/test/compile-fail/E0002.rs	3	5	8	0.4444444444444444
src/test/compile-fail/unsized-struct.rs	10	4	14	0.5070422535211268
src/doc/trpl/threads.md	3	5	8	0.34210526315789475
src/test/compile-fail/issue-11411.rs	0	2	2	0.5
src/test/compile-fail/borrowck-vec-pattern-element-loan.rs	18	3	21	0.6046511627906976
src/rt/libuv/src/ares/ares_getsock.c	0	3	3	0.6
src/libcore/rt/io/comm_adapters.rs	3	2	5	0.8214285714285714
src/rt/rust_task_list.h	0	3	3	0.5714285714285714
src/librustdoc/Cargo.toml	11	4	15	0.47191011235955055
src/test/compile-fail/issue-28388-2.rs	1	2	3	0.8
src/test/run-pass/pat-tuple-1.rs	3	3	6	0.4915254237288136
mk/libuv/x86_64/unix/src/rt/libuv/uv.target.mk	0	3	3	0.5
src/test/rustdoc/issue-17476.rs	3	4	7	0.4588235294117647
src/doc/trpl/src/plugins.md	0	1	1	1.0
src/libcore/owned.rs	10	4	14	0.6666666666666666
mk/libuv/mac/gyp-mac-tool	0	3	3	0.3333333333333333
src/libstd/rt/basic.rs	4	2	6	0.8712871287128713
src/test/pretty/issue-19077.rs	0	6	6	0.42105263157894735
src/test/debuginfo/text-to-include-2.txt	5	2	7	0.7714285714285715
src/libstd/rt/task.rs	28	2	30	0.7924850555081128
src/libstd/ty.rs	2	2	4	0.8627450980392157
src/test/compile-fail/unboxed-closure-sugar-not-used-on-fn.rs	7	3	10	0.4652777777777778
src/test/auxiliary/roman_numerals.rs	16	4	20	0.35676625659050965
src/test/compile-fail/trait-resolution-in-overloaded-op.rs	0	3	3	0.7142857142857143
src/lib/deque.rs	4	8	12	0.2711864406779661
src/libsyntax/ext/deriving/default.rs	27	3	30	0.522543352601156
src/test/run-pass-fulldeps/syntax-extension-hexfloat.rs	6	1	7	0.90625
src/rt/libuv/src/ares/ares_library_init.h	0	4	4	0.5
src/test/run-pass/issue-14382.rs	2	3	5	0.5319148936170213
src/test/run-pass/trait-inheritance-overloading-simple.rs	10	4	14	0.5195530726256983
src/test/compile-fail/unsized4.rs	3	3	6	0.46540880503144655
src/test/run-pass/issue-26205.rs	1	3	4	0.8
src/libextra/crypto/sha1.rs	12	1	13	0.8129032258064516
src/test/run-pass/expr-match-fail-all.rs	6	2	8	0.75
src/test/run-pass/extern-pass-TwoU32s.rs	9	3	12	0.6245487364620939
src/test/compile-fail/unboxed-closer-non-implicit-copyable.rs	5	3	8	0.47368421052631576
src/libserialize/json_old.rs	0	3	3	0.8181818181818182
src/librustc/Cargo.toml	10	4	14	0.49838187702265374
src/librustc_back/target/x86_64_rumprun_netbsd.rs	10	5	15	0.5422222222222223
src/test/compile-fail/deprecation-lint-3.rs	2	3	5	0.5365853658536586
src/test/run-pass/hashmap-memory.rs	48	4	52	0.5091210613598673
src/test/compile-fail/E0376.rs	1	3	4	0.4642857142857143
src/libbacktrace/hashtab.h	7	3	10	0.6133333333333333
src/libcore/rt/io/net/http.rs	0	3	3	0.7647058823529411
src/libstd/sync/mpsc_queue.rs	4	3	7	0.7216494845360825
src/test/compile-fail/macro-missing-fragment.rs	0	4	4	0.75
src/test/compile-fail/error-should-say-copy-not-pod.rs	8	4	12	0.5294117647058824
src/test/auxiliary/issue_5844_aux.rs	7	4	11	0.4161073825503356
src/librustc_trans/trans/debuginfo/source_loc.rs	4	4	8	0.3626373626373626
src/libextra/md4.rs	10	1	11	0.8403361344537815
src/test/compile-fail/lint-renaming.rs	3	3	6	0.39622641509433965
src/test/compile-fail/crust-no-call.rs	0	3	3	0.5
src/librustdoc/html/static/jquery-2.1.0.min.js	3	3	6	0.5102040816326531
src/test/compile-fail/empty-extern-arg.rs	3	3	6	0.43037974683544306
src/test/parse-fail/circular_modules_hello.rs	3	4	7	0.4117647058823529
src/test/compile-fail/binop-add-tup.rs	0	8	8	0.3333333333333333
src/test/compile-fail/self_type_keyword.rs	8	5	13	0.3940298507462687
src/librustpkg/rustpkg.rs	22	1	23	0.8424908424908425
src/test/stdtest/net.rs	0	5	5	0.5
src/test/compile-fail/unused-result.rs	5	2	7	0.6814159292035398
src/rustc/front/intrinsic_inject.rs	2	8	10	0.2571428571428571
src/librustrt/exclusive.rs	3	3	6	0.4976958525345622
src/lib/_vec.rs	4	5	9	0.3018867924528302
src/test/run-pass/sendfn-deep-copy.rs	2	9	11	0.23529411764705882
src/test/run-pass/overloaded-autoderef-vtable.rs	10	3	13	0.4553191489361702
src/test/run-pass/aux/issue-8259.rs	0	1	1	1.0
src/test/compile-fail/xc-private-method2.rs	7	2	9	0.7258064516129032
src/test/auxiliary/trait-safety-lib.rs	3	4	7	0.45901639344262296
src/test/run-pass/trait-inheritance-multiple-inheritors.rs	8	3	11	0.35714285714285715
src/doc/po/ja/guide-conditions.md.po	3	1	4	0.9
src/test/run-pass/rcvr-borrowed-to-region.rs	18	3	21	0.6470588235294118
src/libstd/sys/unix/rand.rs	9	6	15	0.44274809160305345
src/test/compile-fail/E0506.rs	1	4	5	0.3269230769230769
src/test/run-pass/extern-vectorcall.rs	5	4	9	0.6075949367088608
src/librustc_const_math/is.rs	3	4	7	0.5774647887323944
src/test/compile-fail/regions-addr-of-upvar-self.rs	17	3	20	0.3684210526315789
src/librustc/ty/contents.rs	7	5	12	0.439873417721519
src/doc/footer.tex	0	2	2	0.9
src/test/run-make/compile-stdin/Makefile	1	2	3	0.7142857142857143
src/rt/jemalloc/src/ckh.c	0	5	5	0.7777777777777778
src/test/compile-fail/slice-borrow.rs	5	2	7	0.47580645161290325
src/test/compile-fail/no_crate_type.rs	4	1	5	0.9090909090909091
src/rt/libuv/src/unix/eio/eio.3	0	1	1	1.0
src/doc/trpl/match.md	10	5	15	0.5574468085106383
src/test/run-pass/no-landing-pads.rs	12	5	17	0.4365482233502538
src/test/run-pass/issue-24389.rs	1	2	3	0.7
src/test/compile-fail/E0492.rs	0	5	5	0.3409090909090909
src/test/run-make/obey-crate-type-flag/test.rs	4	3	7	0.55
src/test/run-pass/auxiliary/issue-11225-1.rs	0	1	1	1.0
src/test/compile-fail/associated-types/cache/chrono-scan.rs	3	4	7	0.48936170212765956
src/test/rustdoc/issue-15347.rs	5	3	8	0.5591397849462365
src/libstd/unstable/dynamic_lib.rs	28	1	29	0.8404907975460123
src/test/run-pass/issue-2611-3.rs	12	3	15	0.4786885245901639
src/libstd/sys/common/io.rs	9	6	15	0.4223826714801444
src/test/debuginfo/drop-locations.rs	2	4	6	0.5714285714285714
src/test/compile-fail/no_share-rc.rs	12	2	14	0.5176991150442478
src/test/compile-fail/macro-incomplete-parse.rs	16	4	20	0.6019417475728155
src/test/incremental/crate_hash_reorder.rs	1	5	6	0.38636363636363635
src/test/run-pass/task-comm-6.rs	19	3	22	0.483974358974359
src/test/compile-fail/private-impl-method.rs	16	2	18	0.7043478260869566
src/test/auxiliary/specialization_cross_crate_defaults.rs	4	3	7	0.5227272727272727
src/libcore/num/i64.rs	11	4	15	0.5032258064516129
src/comp/middle/cstrcache.rs	0	1	1	1.0
src/test/run-pass/issue-5917.rs	6	3	9	0.5970149253731343
src/test/run-pass/pipe-pingpong-proto.rs	15	4	19	0.5547945205479452
src/test/auxiliary/lint_unused_extern_crate.rs	3	3	6	0.373134328358209
src/librustc_mir/hair/cx/mod.rs	19	5	24	0.4935672514619883
src/test/run-fail/panic-macro-any-wrapped.rs	3	3	6	0.4166666666666667
src/test/run-pass/typeid-intrinsic.rs	18	5	23	0.4664371772805508
src/test/run-fail/unwind-match.rs	5	2	7	0.8671875
src/libcore/uniq.rs	0	4	4	0.38461538461538464
src/test/compile-fail/tps-invariant-enum.rs	6	3	9	0.6595744680851063
src/rt/jemalloc/test/bitmap.c	0	5	5	0.7777777777777778
src/test/run-pass/const-err.rs	7	5	12	0.41935483870967744
src/test/debug-info/lexical-scope-in-for-loop.rs	8	1	9	0.9166666666666666
src/test/stdtest/option.rs	0	6	6	0.3333333333333333
src/test/compile-fail/feature-gate-omit-gdb-pretty-printer-section.rs	1	3	4	0.6923076923076923
src/test/compile-fail/safe-extern-statics-mut.rs	4	3	7	0.6521739130434783
src/test/run-pass/trait_with_static_methods_cross_crate.rs	3	2	5	0.8125
src/test/auxiliary/method_self_arg2.rs	7	4	11	0.38425925925925924
src/test/run-pass/discriminant_value.rs	6	2	8	0.5125
src/etc/test-float-parse/short-decimals.rs	3	2	5	0.8653846153846154
src/test/run-pass/tag-auto-disr-val-shape.rs	0	6	6	0.2222222222222222
src/test/run-pass/spawn-module-qualified.rs	3	5	8	0.3333333333333333
src/test/run-pass/small-enums-with-fields.rs	13	4	17	0.5235109717868338
src/test/compile-fail/warn-pub-extern-crate.rs	4	3	7	0.5894736842105263
src/rt/libuv/src/uv-freebsd.c	0	3	3	0.3333333333333333
src/libcore/char.rs	76	3	79	0.5027075812274369
mk/libuv/x86_64/win/src/rt/libuv/uv.Makefile	0	2	2	0.5
src/librustc/metadata/tydecode.rs	57	3	60	0.5810901749663526
src/test/compile-fail/borrowck/borrowck-call-is-borrow-issue-12224.rs	3	4	7	0.4411764705882353
src/test/compile-fail/auxiliary/allocator2.rs	0	1	1	1.0
src/librustc_trans/mir/mod.rs	16	6	22	0.42143906020558003
src/librustc_typeck/check/closure.rs	29	5	34	0.4278110445775116
src/stage0.txt	7	5	12	0.5141700404858299
src/test/codegen/scalar-function-call.cc	3	2	5	0.7457627118644068
src/test/run-pass/associated-const-range-match-patterns.rs	3	2	5	0.7073170731707317
src/rustc/syntax/util/interner.rs	0	2	2	0.75
src/rustc/middle/trans/foreign.rs	10	7	17	0.20168067226890757
src/test/rustdoc/auxiliary/rustdoc-default-impl.rs	4	3	7	0.6363636363636364
src/libstd/old_io/pipe.rs	5	3	8	0.45754716981132076
src/test/compile-fail/aux/issue_17718_const_privacy.rs	0	1	1	1.0
src/test/run-pass/sse2.rs	2	3	5	0.7352941176470589
src/libcore/future.rs	9	9	18	0.28125
src/test/run-pass/mir_trans_switch.rs	3	5	8	0.4819277108433735
src/rt/rust_obstack.h	0	3	3	0.6666666666666666
src/test/run-pass/trait-default-method-bound-subst3.rs	14	3	17	0.48186528497409326
src/test/run-pass/associated-const-inherent-impl.rs	2	5	7	0.4666666666666667
src/test/compile-fail/E0520.rs	7	3	10	0.3776223776223776
src/test/compile-fail/lint-unnecessary-casts.rs	4	3	7	0.4880952380952381
src/librustc/middle/cast.rs	8	3	11	0.6780487804878049
src/test/parse-fail/removed-syntax-static-fn.rs	6	4	10	0.5444444444444444
src/test/compile-fail/tag-variant-cast-non-nullary.rs	6	4	10	0.4339622641509434
src/test/compile-fail/not-utf8.rs	4	3	7	0.4583333333333333
src/test/run-pass/deriving-returning-nil.rs	0	4	4	0.375
src/test/run-fail/never-type-arg.rs	0	5	5	0.43333333333333335
src/librustc_data_structures/obligation_forest/mod.rs	9	5	14	0.5708333333333333
src/libstd/task/local_data_priv_stage0.rs	1	2	3	0.9
src/test/compile-fail/enums-are-namespaced-xc.rs	6	3	9	0.5538461538461539
src/test/codegen-units/item-collection/cross-crate-closures.rs	3	4	7	0.5813953488372093
src/test/compile-fail/liveness-or-init.rs	7	2	9	0.8095238095238095
mk/libuv/x86_64/unix/freebsd/src/libuv/run-benchmarks.target.mk	0	5	5	0.5833333333333334
src/librustc/middle/infer/type_variable.rs	13	4	17	0.4152046783625731
src/test/parse-fail/match-refactor-to-expr.rs	5	2	7	0.7058823529411765
src/test/run-pass/macro-include-items.rs	8	6	14	0.3119266055045872
src/tools/cargotest/Cargo.lock	6	5	11	0.4076923076923077
src/test/pretty/fn-types.rs	9	3	12	0.47701149425287354
src/test/compiletest/common.rs	0	3	3	0.75
src/test/run-pass-fulldeps/logging-enabled.rs	2	3	5	0.359375
src/test/run-pass/project-cache-issue-37154.rs	2	4	6	0.5384615384615384
src/librustc/middle/typeck/check/writeback.rs	27	2	29	0.708685626441199
doc/po/ja/guide-conditions.md.po	2	1	3	0.9090909090909091
src/rt/libuv/ev/configure.ac	0	2	2	0.5
src/test/compile-fail/borrowck-uniq-via-box.rs	7	4	11	0.5352112676056338
src/test/bench/shootout-chameneos-redux.rs	44	3	47	0.539039039039039
src/test/run-pass/issue-8248.rs	5	3	8	0.37037037037037035
src/libunicode/u_str.rs	25	3	28	0.3490650044523598
src/test/run-pass/class-implement-iface-cross-crate.rs	0	8	8	0.3684210526315789
src/test/run-pass/borrowck-preserve-box-in-moved-value.rs	5	2	7	0.8441558441558441
src/test/run-make/emit/test-24876.rs	3	3	6	0.6842105263157895
src/test/run-pass/assert-eq-macro-success.rs	19	3	22	0.5825545171339563
src/test/run-make/c-dynamic-dylib/cfoo.c	3	4	7	0.4444444444444444
src/test/compile-fail/vec-pinned-nocopy-3.rs	0	2	2	0.5
src/libgreen/sleeper_list.rs	2	2	4	0.825
src/test/compile-fail/mod_file_aux.rs	6	3	9	0.6206896551724138
src/test/compile-fail/destructor-restrictions.rs	5	4	9	0.35766423357664234
src/libcollectionstest/bit/set.rs	5	4	9	0.47391304347826085
src/test/compile-fail/bad-lint-cap.rs	1	3	4	0.65
src/test/run-make/sepcomp-separate/Makefile	3	2	5	0.5851063829787234
src/test/compile-fail/issue-17800.rs	8	6	14	0.4652173913043478
src/test/bench/rt/msgsend-pipes.rs	0	2	2	0.8888888888888888
src/test/run-pass/tstate-loop-break.rs	2	5	7	0.65625
src/test/parse-fail/pat-lt-bracket-4.rs	4	3	7	0.6133333333333333
src/test/run-pass/operator-overloading-leaks.rs	0	8	8	0.23076923076923078
src/test/compile-fail/issue-25386.rs	3	4	7	0.5675675675675675
src/test/codegen-units/trait-method-default-impl.rs	1	3	4	0.5925925925925926
src/test/compile-fail/static-recursion-gate-2.rs	5	1	6	0.8444444444444444
src/test/compile-fail/unique-pinned-nocopy-3.rs	0	2	2	0.5
src/test/run-pass/class-impl-parameterized-trait.rs	12	2	14	0.6837606837606838
src/test/compile-fail/duplicate-name.rs	0	4	4	0.5
src/rt/libuv/src/unix/eio/config_netbsd.h	0	1	1	1.0
src/test/run-pass/aux/method_self_arg2.rs	0	1	1	1.0
src/test/compile-fail/privacy/union-field-privacy-1.rs	3	3	6	0.5116279069767442
src/test/run-make/graphviz-flowgraph/Makefile	7	3	10	0.5
src/test/run-make/metadata-flag-frobs-symbols/foo.rs	2	3	5	0.47619047619047616
src/test/compile-fail/reserved-m32.rs	0	2	2	0.6
src/test/run-pass/method-self-arg-aux.rs	0	1	1	1.0
src/test/run-pass/issue-11736.rs	13	3	16	0.49625935162094764
src/test/run-pass/issue-7178.rs	7	3	10	0.5135135135135135
src/test/run-pass/generic-alias-unique.rs	21	3	24	0.6190476190476191
src/test/pretty/vec-type.pp	4	2	6	0.8461538461538461
src/test/run-pass/const-negative.rs	8	3	11	0.3669064748201439
src/test/run-pass/lib-bitv.rs	0	6	6	0.5555555555555556
src/etc/kate/rust.xml	24	2	26	0.6129568106312292
src/libsyntax/diagnostics/macros.rs	17	4	21	0.45598194130925507
src/librustsyntax/codemap.rs	0	8	8	0.3125
src/librustc/middle/weak_lang_items.rs	24	4	28	0.4863325740318907
src/test/run-pass/issue-8259.rs	9	3	12	0.5197368421052632
src/doc/tarpl/poisoning.md	0	3	3	0.74
src/test/auxiliary/coherence_copy_like_lib.rs	4	4	8	0.375
src/libcore/nonzero.rs	19	4	23	0.4344512195121951
src/test/pretty/block-disambig.rs	22	3	25	0.48641304347826086
src/test/compile-fail/windows-subsystem-gated.rs	0	2	2	0.8076923076923077
src/test/compile-fail/E0107.rs	2	5	7	0.4174757281553398
src/libcollections/hashmap.rs	19	1	20	0.8498583569405099
src/test/run-pass/method-mut-self-modifies-mut-slice-lvalue.rs	12	3	15	0.40159045725646125
mk/cfg/x86_64-unknown-openbsd.mk	7	5	12	0.4581005586592179
src/libstd/flate.rs	0	4	4	0.75
src/librustdoc/html/static/Heuristica-Bold.woff	0	3	3	0.8888888888888888
src/test/compile-fail/lint-removed-allow.rs	4	3	7	0.5384615384615384
src/test/run-pass/static-fn-trait-xc.rs	14	3	17	0.5172413793103449
src/test/compile-fail/issue-10969.rs	3	2	5	0.6666666666666666
src/libsyntax/util/parser.rs	6	3	9	0.7021276595744681
src/test/auxiliary/trait_impl_conflict.rs	5	4	9	0.31382978723404253
src/doc/favicon.inc	6	2	8	0.7171717171717171
src/test/run-pass/issue-23833.rs	3	2	5	0.7777777777777778
src/test/run-make/graphviz-flowgraph/f14.dot-expected.dot	8	2	10	0.5217391304347826
src/test/run-pass/trait-inheritance-auto-xc.rs	14	3	17	0.52
src/rustc/middle/tstate/states.rs	4	8	12	0.2597402597402597
src/test/compile-fail/issue-13058.rs	12	4	16	0.4090909090909091
src/rustc/metadata/reachable.rs	0	3	3	0.4444444444444444
src/doc/trpl/src/traits.md	0	2	2	0.9
src/rt/jemalloc/include/jemalloc/internal/hash.h	3	2	5	0.8
src/libcore/kinds.rs	18	3	21	0.5263157894736842
src/test/run-pass/spawning-with-debug.rs	11	4	15	0.588
src/test/compile-fail/E0416.rs	1	3	4	0.6326530612244898
src/test/compile-fail-fulldeps/plugin-plus-extern-crate.rs	3	3	6	0.6981132075471698
src/test/run-pass/unique-autoderef-field.rs	9	3	12	0.39267015706806285
src/test/compile-fail/E0026.rs	3	4	7	0.3761467889908257
src/librustc/middle/traits/select.rs	45	4	49	0.4098248024733768
src/libstd/comm/blocking.rs	3	2	5	0.7425742574257426
src/test/compile-fail/associated-types-path-1.rs	2	2	4	0.625
src/test/run-pass/issue-25467.rs	0	3	3	0.8947368421052632
src/test/run-pass/newtype.rs	18	3	21	0.47619047619047616
src/test/run-pass/const-cast.rs	11	3	14	0.5112107623318386
src/test/compile-fail/E0110.rs	3	5	8	0.3524590163934426
src/test/run-pass/issue-26805.rs	3	3	6	0.4666666666666667
src/libstd/mem.rs	12	2	14	0.8814432989690721
src/test/run-pass/signal-exit-status.rs	21	4	25	0.5104895104895105
src/rt/libuv/ev/event.h	0	2	2	0.5
src/test/run-fail/borrowck-wg-one-mut-one-imm-slices.rs	3	2	5	0.891566265060241
src/test/compile-fail/union-derive.rs	0	1	1	1.0
src/comp/middle/tstate/collect_locals.rs	10	6	16	0.24324324324324326
src/librustc/middle/trans/type_use.rs	34	1	35	0.7328431372549019
src/librustc_trans/build.rs	7	5	12	0.37815126050420167
src/libbacktrace/alloc.c	9	4	13	0.6176470588235294
src/doc/trpl/slices.md	0	4	4	0.46
src/test/parse-fail/bad-value-ident-true.rs	3	4	7	0.4117647058823529
src/libstd/sys/windows/stdio.rs	12	5	17	0.49471458773784355
src/test/compile-fail/associated-const-impl-wrong-type.rs	13	4	17	0.4519230769230769
src/test/run-pass/tls-init-on-init.rs	4	2	6	0.7125
src/test/run-pass/simple-anon-objs.rs	0	7	7	0.3333333333333333
src/libstd/old_io/util.rs	6	3	9	0.39244186046511625
src/test/run-pass/issue-24258.rs	4	2	6	0.8448275862068966
src/test/run-make/graphviz-flowgraph/f09.rs	7	2	9	0.4946236559139785
src/test/compile-fail/extoption_env-too-many-args.rs	2	2	4	0.5714285714285714
src/test/run-pass/unboxed-closures-single-word-env.rs	14	3	17	0.392226148409894
src/test/run-make/many-crates-but-no-match/Makefile	11	4	15	0.5526315789473685
src/doc/internals/README.md	0	1	1	1.0
src/test/run-pass/regions-equiv-fns.rs	1	5	6	0.5
src/test/run-pass/issue_26873_multifile/A/mod.rs	4	2	6	0.6666666666666666
src/test/auxiliary/crate_a1.rs	2	3	5	0.5353535353535354
mk/target.mk	45	4	49	0.6196980589503954
unwinding.md	0	1	1	1.0
src/test/compile-fail/variance-object-types.rs	6	6	12	0.29508196721311475
src/test/compile-fail/deriving-span-TotalOrd-tuple-struct.rs	7	2	9	0.7631578947368421
src/test/compile-fail/issue-12028.rs	4	4	8	0.569620253164557
src/test/auxiliary/issue-20646.rs	6	3	9	0.35714285714285715
src/test/run-pass/auxiliary/issue-2526.rs	0	1	1	1.0
src/test/compile-fail/pat-range-bad-dots.rs	7	3	10	0.42073170731707316
src/test/compile-fail/issue-21554.rs	6	3	9	0.5446428571428571
src/test/compile-fail/associated-types-eq-1.rs	5	3	8	0.55
src/test/run-pass/module-polymorphism.rc	0	8	8	0.4375
src/test/run-pass/aux/issue-13872-3.rs	0	1	1	1.0
src/test/compile-fail/const-call.rs	6	4	10	0.6086956521739131
src/librustdoc/clean.rs	26	2	28	0.8331053351573188
mk/cfg/powerpc-unknown-linux-gnu.mk	10	3	13	0.48148148148148145
src/test/rustdoc/inline_cross/aux/rustdoc-hidden.rs	0	1	1	1.0
src/test/run-make/dep-info-spaces/lib.rs	0	4	4	0.631578947368421
src/test/compile-fail/issue-17718-const-naming.rs	4	2	6	0.5876288659793815
src/libglob/lib.rs	19	2	21	0.8093645484949833
src/test/compile-fail/transmute-from-fn-item-types-lint.rs	4	3	7	0.6736842105263158
src/test/run-pass/task-comm-chan-chan.rs	0	2	2	0.5
src/test/compile-fail/issue-3668.rs	16	3	19	0.6260162601626016
src/test/compile-fail/regions-trait-3.rs	14	3	17	0.6346153846153846
src/test/run-pass/borrowck/borrowck-binding-mutbl.rs	4	5	9	0.5428571428571428
src/libstd/sync/mod.rs	19	3	22	0.5112692763938316
src/test/compile-fail/aux/private_trait_xc.rs	0	1	1	1.0
src/test/rustdoc/aux/issue-23207-2.rs	0	1	1	1.0
src/test/compile-fail/nontrivial-fn-arg-pattern-in-pure-fn.rs	0	6	6	0.46153846153846156
src/test/run-pass/issue-15444.rs	5	3	8	0.5555555555555556
src/test/run-pass/traits-default-method-self.rs	16	3	19	0.4899328859060403
src/rt/libuv/src/unix/ev/Changes	0	1	1	1.0
src/rustdoc/gen.rs	4	3	7	0.7894736842105263
src/test/run-pass/task-comm-10.rs	30	4	34	0.5406779661016949
src/librustc/hir/fold.rs	13	5	18	0.40563991323210413
src/libstd/rand/distributions/gamma.rs	6	2	8	0.88125
src/test/run-make/unicode-input/span_length.rs	22	3	25	0.4616457461645746
src/test/debug-info/basic-types-metadata.rs	10	1	11	0.9
src/test/run-pass/specialization-assoc-fns.rs	0	1	1	1.0
src/test/auxiliary/issue2378a.rs	11	1	12	0.832258064516129
src/test/run-pass/lazychan.rs	8	6	14	0.3148148148148148
src/librustc_driver/pretty.rs	39	4	43	0.450261780104712
src/test/compile-fail/issue-30438-b.rs	3	2	5	0.8148148148148148
src/test/compile-fail/tstate-loop-constraints.rs	0	6	6	0.3333333333333333
src/test/compile-fail/mut-cross-borrowing.rs	7	3	10	0.44545454545454544
src/test/compile-fail/issue-25385.rs	2	5	7	0.5526315789473685
src/test/compile-fail/drop-with-active-borrows-1.rs	5	3	8	0.42168674698795183
src/test/parse-fail/unsized2.rs	6	3	9	0.5333333333333333
src/doc/book/dining-philosophers.md	3	3	6	0.75
src/test/compile-fail/issue-32222.rs	3	2	5	0.76
src/test/compile-fail/issue-16747.rs	11	3	14	0.4779874213836478
src/test/debug-info/evec-in-struct.rs	9	1	10	0.921875
src/comp/syntax/ext/ident_to_str.rs	3	7	10	0.3870967741935484
src/rt/libuv/src/unix/eio/config.h.in	0	1	1	1.0
src/test/run-pass/fn-coerce-field.rs	11	2	13	0.49473684210526314
src/test/run-make/include_bytes_deps/input.txt	4	2	6	0.5
src/test/compile-fail/type-ascription-feature-gate.rs	4	2	6	0.6944444444444444
src/test/compile-fail/specialization-negative-impl.rs	0	1	1	1.0
src/test/compile-fail/issue-10412.rs	6	3	9	0.6349206349206349
src/test/run-pass/issue24687-embed-debuginfo/aux/issue24687_lib.rs	0	1	1	1.0
src/test/run-make/cannot-read-embedded-idents/Makefile	4	3	7	0.7407407407407407
src/test/compile-fail/trait-test-2.rs	18	4	22	0.6091644204851752
src/test/run-pass/trait-inheritance-self-in-supertype.rs	14	3	17	0.5825688073394495
src/test/compile-fail/associated-types-projection-to-unrelated-trait-in-method-without-default.rs	1	2	3	0.8571428571428571
src/librustdoc/util.rs	7	4	11	0.5444444444444444
src/test/run-pass/simple-alt-generic-tag.rs	4	7	11	0.34210526315789475
src/test/compile-fail/kindck-owned-trait-contains.rs	13	3	16	0.7306122448979592
src/test/compile-fail/hashmap-iter-value-lifetime.rs	6	2	8	0.4625
src/test/run-pass/issue-30276.rs	1	5	6	0.5
src/test/compile-fail/issue-14303-fncall.rs	5	3	8	0.42857142857142855
src/test/run-pass/generic-obj.rs	5	5	10	0.3225806451612903
src/librustc_typeck/check/vtable.rs	13	3	16	0.4880803011292346
src/librustc_back/target/x86_64_pc_windows_gnu.rs	18	4	22	0.5454545454545454
src/test/run-pass/issue-7673-cast-generically-implemented-trait.rs	10	3	13	0.5828571428571429
src/librustc_mir/build/stmt.rs	5	2	7	0.7891891891891892
src/tools/tidy/src/features.rs	7	3	10	0.6190476190476191
src/libbacktrace/Makefile.in	10	4	14	0.6237623762376238
src/test/run-pass/issue-30371.rs	4	2	6	0.6551724137931034
src/rt/libuv/src/unix/ev/config_freebsd.h	0	1	1	1.0
src/test/compile-fail/typeck-builtin-bound-type-parameters.rs	7	3	10	0.32710280373831774
src/test/run-pass/parallel-codegen-closures.rs	4	2	6	0.775
src/test/run-pass/svh-add-comment.rs	5	3	8	0.4927536231884058
src/librustc/middle/typeck/check.rs	5	4	9	0.37037037037037035
src/test/compile-fail/issue-8640.rs	5	4	9	0.52
src/test/run-pass-fulldeps/proc-macro/auxiliary/add-impl.rs	0	3	3	0.3333333333333333
src/libstd/unstable/raw.rs	9	1	10	0.8791208791208791
src/test/stdtest/io.rs	5	4	9	0.4583333333333333
src/librustuv/idle.rs	8	2	10	0.8333333333333334
src/test/compile-fail/nolink-with-link-args.rs	9	2	11	0.7543859649122807
src/test/compile-fail/issue-34334.rs	1	5	6	0.5128205128205128
src/boot/be/x86.ml	3	2	5	0.8541666666666666
src/test/run-pass/regions-mock-trans.rs	14	5	19	0.549407114624506
src/libsyntax_ext/deriving/primitive.rs	2	1	3	0.9
src/test/run-pass/lib-box.rs	0	5	5	0.3333333333333333
src/test/run-pass/overloaded-autoderef.rs	13	3	16	0.48828125
src/test/compile-fail/coherence-impl-trait-for-trait-object-safe.rs	4	3	7	0.6707317073170732
src/test/compile-fail/ret-by-reference-safety-1.rs	0	1	1	1.0
src/test/run-pass/trait-default-method-xc.rs	16	3	19	0.625
src/test/run-pass/issue-1458.rs	4	4	8	0.6346153846153846
mk/libuv/mac/src/rt/libuv/uv.target.mk	0	3	3	0.3333333333333333
src/test/run-pass/issue-29276.rs	0	5	5	0.5882352941176471
src/test/compile-fail/issue-31804.rs	3	3	6	0.4567901234567901
src/test/compile-fail/borrowck-fn-in-const-c.rs	4	3	7	0.48
src/test/compile-fail/dropck_misc_variants.rs	4	5	9	0.5494505494505495
src/test/run-pass/trait-inheritance-multiple-params.rs	8	3	11	0.35714285714285715
src/lib/float.rs	0	8	8	0.3333333333333333
src/etc/regex-unicode-tables.py	3	1	4	0.9032258064516129
src/test/run-pass/block-arg-in-ternary.rs	0	5	5	0.5
src/test/run-pass/coherence-local-2.rs	3	3	6	0.5533980582524272
src/rt/libuv/src/ares/ares_parse_ptr_reply.c	0	4	4	0.5
src/test/run-pass/unique-rec.rs	9	3	12	0.3770491803278688
src/test/compile-fail/coherence-cow-2.rs	5	3	8	0.6511627906976745
src/test/compile-fail/associated-types/cache/project-fn-ret-invariant.rs	4	4	8	0.46938775510204084
src/test/run-pass/associated-const-overwrite-default.rs	2	5	7	0.46875
src/libnative/io/timer_helper.rs	6	2	8	0.8972972972972973
src/test/parse-fail/keyword-for-as-identifier.rs	6	3	9	0.5333333333333333
src/test/debuginfo/pretty-huge-vec.rs	4	3	7	0.5208333333333334
src/test/compile-fail/cycle-projection-based-on-where-clause.rs	3	3	6	0.543859649122807
src/libstd/sys/common/rwlock.rs	9	4	13	0.372
src/test/auxiliary/typeck_default_trait_impl_cross_crate_coherence_lib.rs	3	4	7	0.6557377049180327
src/test/incremental/change_private_impl_method/struct_point.rs	5	3	8	0.425531914893617
src/test/compile-fail-fulldeps/rustc-macro/auxiliary/derive-bad.rs	4	4	8	0.5694444444444444
src/etc/errorck.py	11	4	15	0.42528735632183906
src/test/compile-fail/dropck-eyepatch-extern-crate.rs	0	1	1	1.0
src/test/auxiliary/cci_iter_lib.rs	15	4	19	0.4674922600619195
src/test/compile-fail/borrowck-move-out-of-struct-with-dtor.rs	9	2	11	0.8163265306122449
src/librustc/middle/typeck/coherence/orphan.rs	5	4	9	0.43478260869565216
src/test/compile-fail/not-enough-arguments.rs	15	5	20	0.46638655462184875
src/librustc/middle/entry.rs	34	4	38	0.6120527306967984
src/test/run-pass/simd-binop.rs	10	3	13	0.550561797752809
src/test/run-pass/vec-drop.rs	10	4	14	0.6833333333333333
src/test/run-pass/class-implement-trait-cross-crate.rs	16	3	19	0.628125
src/test/bench/shootout/shootout-binarytrees.rs	0	2	2	0.8888888888888888
src/lib/Vec.rs	0	1	1	1.0
src/test/run-pass/nullable-pointer-ffi-compat.rs	9	3	12	0.5196078431372549
src/librustc/middle/trans/deriving.rs	0	5	5	0.29411764705882354
src/doc/guide-plugins.md	6	4	10	0.3680555555555556
src/test/debuginfo/gdb-pretty-struct-and-enums-pre-gdb-7-7.rs	14	3	17	0.4074074074074074
src/test/debuginfo/packed-struct.rs	11	3	14	0.5212765957446809
src/test/compile-fail/associated-types-eq-3.rs	14	3	17	0.42924528301886794
src/librustc_back/target/x86_64_unknown_linux_gnu.rs	18	3	21	0.5196850393700787
src/test/compile-fail/wf-misc-methods-issue-28609.rs	1	2	3	0.7916666666666666
src/libbacktrace/read.c	9	4	13	0.6176470588235294
src/test/run-pass/issue-29914.rs	2	3	5	0.7058823529411765
src/librustrt/unwind.rs	20	2	22	0.6410684474123539
src/doc/Heuristica-Regular.woff	2	1	3	0.9310344827586207
src/test/compile-fail/feature-gate-simd-ffi.rs	8	3	11	0.6195652173913043
src/librustc_trans/trans/value.rs	13	3	16	0.4123456790123457
mk/libuv/x86_64/win/src/rt/libuv/uv.target.mk	0	3	3	0.5
src/test/debuginfo/basic-types-globals.rs	12	3	15	0.34980988593155893
src/test/run-pass/alignment-gep-tup-like-1.rs	17	2	19	0.7711267605633803
src/doc/tarpl/arc-and-mutex.md	0	3	3	0.7435897435897436
src/test/compile-fail/removed-syntax-field-let.rs	4	3	7	0.5978260869565217
src/test/run-pass/issue-7268.rs	4	3	7	0.6538461538461539
src/test/run-pass/closure-bounds-squiggle-closure-as-copyable-typaram.rs	2	3	5	0.75
src/test/compile-fail/E0067.rs	2	5	7	0.39814814814814814
src/test/compile-fail/regions-return-stack-allocated-vec.rs	3	2	5	0.6842105263157895
src/bootstrap/build/clean.rs	3	3	6	0.6170212765957447
src/rt/sundown/src/autolink.c	0	2	2	0.9310344827586207
src/test/compile-fail/bind-by-move-neither-can-live-while-the-other-survives-3.rs	14	3	17	0.5655172413793104
src/test/compile-fail/aux/unreachable_variant.rs	0	1	1	1.0
src/test/compile-fail/issue-19452.rs	11	3	14	0.4016393442622951
src/test/run-make/c-dynamic-dylib/Makefile	3	2	5	0.7794117647058824
src/test/compile-fail/E0087.rs	4	5	9	0.36585365853658536
src/test/run-pass/issue-5554.rs	7	3	10	0.5093167701863354
src/test/compile-fail/issue-26237.rs	5	5	10	0.5189873417721519
src/test/parse-fail/attrs-after-extern-mod.rs	3	4	7	0.4117647058823529
src/test/compile-fail/regions-implied-bounds-projection-gap-1.rs	1	2	3	0.8571428571428571
src/test/run-pass/generic-exterior-box.rs	12	3	15	0.6388888888888888
src/comp/driver/driver.rs	10	5	15	0.24705882352941178
src/test/run-pass/where-clauses-not-parameter.rs	2	2	4	0.676923076923077
src/libcollectionstest/bench.rs	5	3	8	0.34831460674157305
src/test/debuginfo/unique-enum.rs	14	4	18	0.49411764705882355
src/librustc_data_structures/flock.rs	6	3	9	0.3548387096774194
src/rt/libuv/src/unix/ev/ev_vars.h	0	1	1	1.0
src/test/compile-fail/issue-33571.rs	2	4	6	0.4782608695652174
src/test/rustdoc/aux/rustdoc-impl-parts-crosscrate.rs	0	1	1	1.0
src/test/compile-fail/issue-26094.rs	2	3	5	0.5476190476190477
src/test/compile-fail/unsafe-fn-called-from-safe.rs	6	3	9	0.42857142857142855
src/test/compile-fail/issue-20616-7.rs	3	4	7	0.6470588235294118
src/librustc_trans/trans/type_.rs	24	4	28	0.391705069124424
src/rt/rust_log.cpp	23	3	26	0.5507246376811594
src/test/compile-fail/feature-gate-rustc-attrs.rs	5	3	8	0.64
src/test/compile-fail/E0530.rs	1	3	4	0.5
src/test/compile-fail/coherence-tuple-conflict.rs	9	2	11	0.5714285714285714
src/libstd/sys/windows/os_str.rs	9	4	13	0.3920704845814978
src/test/run-pass/issue-868.rs	11	3	14	0.425531914893617
src/librustdoc/visit_ast.rs	46	4	50	0.5405405405405406
src/test/compile-fail/issue-36116.rs	3	3	6	0.5681818181818182
src/test/run-fail/borrowck-wg-fail-object-arg.rs	4	1	5	0.9354838709677419
src/test/compile-fail/liveness-while.rs	5	2	7	0.5909090909090909
src/test/compile-fail/bind-by-move-no-lvalues-2.rs	10	2	12	0.6515151515151515
src/librustc/middle/free_region.rs	15	3	18	0.5391459074733096
src/test/compile-fail/kindck-inherited-copy-bound.rs	9	3	12	0.44816053511705684
src/rt/libuv/src/win/core.c	0	2	2	0.6666666666666666
src/libstd/char.rs	23	1	24	0.8571428571428571
src/test/run-pass/drop-uninhabited-enum.rs	4	3	7	0.5384615384615384
src/test/run-pass/issue-5688.rs	7	3	10	0.4880546075085324
src/test/run-pass/cast-to-infer-ty.rs	2	3	5	0.6170212765957447
src/test/compile-fail/no-extern-crate-in-glob-import.rs	1	3	4	0.6705882352941176
src/test/incremental/rlib_cross_crate/auxiliary/a.rs	3	3	6	0.4444444444444444
src/test/run-pass/associated-const-marks-live-code.rs	2	5	7	0.45161290322580644
src/test/auxiliary/issue-19190-3.rs	7	3	10	0.4076086956521739
src/rustdoc_ng/html/static/jquery-2.0.3.min.js	0	2	2	0.8666666666666667
src/test/auxiliary/lto-syntax-extension-lib.rs	2	3	5	0.4
src/test/run-pass/spawn2.rs	21	4	25	0.46786632390745503
src/test/ui/codemap_tests/one_line.stderr	4	4	8	0.4268292682926829
src/test/compile-fail/circular_modules_main.rs	6	3	9	0.7363636363636363
src/test/run-pass/aux/issue-18913-1.rs	0	1	1	1.0
src/test/run-pass/issue-19398.rs	6	3	9	0.36585365853658536
src/test/run-pass/extern-return-TwoU16s.rs	7	3	10	0.6548223350253807
src/test/compile-fail/auxiliary/svh-a-base.rs	1	3	4	0.38461538461538464
src/libstd/any.rs	15	1	16	0.8884758364312267
src/test/run-pass/kinds-in-metadata.rs	8	3	11	0.4962962962962963
src/test/codegen-units/item-collection/auxiliary/cgu_extern_closures.rs	0	1	1	1.0
src/test/run-make/simple-dylib/foo.rs	2	2	4	0.8787878787878788
mk/dist.mk	42	4	46	0.6107784431137725
src/test/compile-fail/borrowck-partial-reinit-1.rs	7	2	9	0.4444444444444444
src/test/compile-fail/variance-use-contravariant-struct-1.rs	2	4	6	0.6333333333333333
src/test/compile-fail/extenv-too-many-args.rs	9	6	15	0.26666666666666666
src/test/compile-fail/E0255.rs	1	3	4	0.39622641509433965
src/doc/trpl/hello-cargo.md	16	3	19	0.5837004405286343
src/rt/arch/mips/context.h	0	4	4	0.8235294117647058
src/test/run-pass/append-units.rs	0	2	2	0.75
src/test/run-pass/while-label.rs	6	3	9	0.4470588235294118
src/librustc_trans/back/link.rs	52	4	56	0.4623188405797101
src/test/run-fail/iter-step-overflow-debug.rs	0	1	1	1.0
src/test/run-pass/issue-5783.rs	2	1	3	0.9090909090909091
src/test/auxiliary/issue-23207-1.rs	5	3	8	0.3584905660377358
src/test/stdtest/sort.rs	0	6	6	0.35294117647058826
src/libcore/rt/io/net/unix.rs	3	2	5	0.660377358490566
src/rt/libuv/src/unix/ev/ev.c	0	2	2	0.75
src/librustc_typeck/check_unused.rs	7	6	13	0.4260089686098655
src/test/run-make/lto-no-link-whole-rlib/foo.c	3	2	5	0.8235294117647058
src/libstd/path2/posix.rs	0	1	1	1.0
src/librustc/middle/infer/lattice.rs	10	4	14	0.5327868852459017
src/test/compile-fail/E0072.rs	2	5	7	0.3963963963963964
src/test/compile-fail/E0496.rs	3	4	7	0.5
src/librustc_trans/consts.rs	20	6	26	0.43112244897959184
src/test/run-pass/crate-method-reexport-grrrrrrr.rs	17	3	20	0.5817490494296578
src/test/compile-fail/inherit-struct2.rs	2	2	4	0.8113207547169812
src/test/compile-fail/issue-8615.rs	2	1	3	0.9130434782608695
src/test/run-pass/trait-inheritance-num1.rs	13	4	17	0.5701754385964912
src/test/run-pass/issue-13507-2.rs	8	5	13	0.3464566929133858
src/test/auxiliary/internal_unstable.rs	7	4	11	0.49019607843137253
src/test/run-make/rustc-macro-dep-files/foo.rs	2	6	8	0.4065934065934066
src/rt/activate_glue.s	0	2	2	0.5
src/test/run-pass/regions-borrow-evec-fixed.rs	14	4	18	0.39655172413793105
src/lib/option.rs	2	9	11	0.23076923076923078
src/lib/Rand.rs	0	1	1	1.0
src/librustsyntax/ext/qquote.rs	0	9	9	0.17647058823529413
src/libcoretest/fmt/float.rs	6	2	8	0.5487804878048781
src/test/run-pass/use-uninit-match.rs	7	4	11	0.5923566878980892
src/test/compile-fail/E0204.rs	4	4	8	0.29591836734693877
src/libnative/io/util.rs	4	2	6	0.7891891891891892
src/libstd/unstable/lang.rs	17	2	19	0.7956204379562044
src/test/parse-fail/pat-ranges-4.rs	4	2	6	0.48717948717948717
src/test/compile-fail/specialization/specialization-feature-gate-overlap.rs	1	3	4	0.7692307692307693
src/rt/libuv/src/ares/README	0	3	3	0.6
src/test/debug-info/basic-types-globals-metadata.rs	4	1	5	0.92
src/test/compile-fail/nested-cfg-attrs.rs	0	5	5	0.46875
src/test/compile-fail/static-array-across-crate.rs	6	3	9	0.37755102040816324
src/lib/path.rs	0	2	2	0.6666666666666666
src/test/run-make/simple-rlib/bar.rs	3	1	4	0.8695652173913043
src/libcore/unstable/mod.rs	2	2	4	0.7241379310344828
src/test/compile-fail/borrowck-mutate-in-guard.rs	9	4	13	0.5327868852459017
src/doc/trpl/src/conclusion.md	0	2	2	0.9
src/test/compile-fail/assoc-eq-1.rs	3	3	6	0.6475409836065574
src/doc/style/errors/ergonomics.md	9	5	14	0.483271375464684
src/test/compile-fail/never-disabled.rs	2	3	5	0.5818181818181818
src/librustdoc/build.rs	1	4	5	0.6153846153846154
src/test/run-pass/cabi-int-widening.rs	2	3	5	0.5714285714285714
src/test/debuginfo/tuple-style-enum.rs	12	4	16	0.4982078853046595
src/test/run-make/graphviz-flowgraph/f05.dot-expected.dot	8	2	10	0.5217391304347826
src/test/run-pass/rfc-1014.rs	5	2	7	0.7323943661971831
src/test/bench/shootout/shootout-reverse-complement.rs	0	2	2	0.8888888888888888
src/test/run-pass/discriminant_value-wrapper.rs	3	4	7	0.5348837209302325
src/librustsyntax/rustsyntax.rc	3	3	6	0.6538461538461539
src/test/run-pass/do-for-no-args.rs	3	4	7	0.7090909090909091
src/test/run-make/interdependent-c-libraries/foo.rs	2	1	3	0.9
src/test/parse-fail/array-old-syntax-1.rs	4	3	7	0.6153846153846154
src/test/run-pass/macro-use-all-and-none.rs	4	3	7	0.5555555555555556
src/librustc/middle/typeck/coherence/overlap.rs	5	3	8	0.4146341463414634
src/test/compile-fail/E0084.rs	4	4	8	0.43119266055045874
src/lib/_uint.rs	4	3	7	0.45454545454545453
src/test/ui/span/pub-struct-field.rs	2	2	4	0.6388888888888888
src/test/run-pass/coherence-multidispatch-tuple.rs	4	3	7	0.36666666666666664
src/test/auxiliary/trait_inheritance_cross_trait_call_xc_aux.rs	8	4	12	0.40441176470588236
src/test/compile-fail/trait-duplicate-methods.rs	11	2	13	0.5425531914893617
src/test/run-make/bootstrap-from-c-with-native/Makefile	4	3	7	0.6323529411764706
src/rt/libuv/src/ares/ares_setup.h	0	4	4	0.5
src/rustc/lib/llvm.rs	13	6	19	0.2857142857142857
src/librustc/back/mips.rs	14	1	15	0.8712871287128713
src/test/run-pass/aux/issue-11224.rs	0	1	1	1.0
src/test/compile-fail/issue-28514.rs	4	4	8	0.3790322580645161
src/test/run-pass/issue-24085.rs	3	3	6	0.7538461538461538
src/test/run-pass/classes-cross-crate.rs	16	3	19	0.5427631578947368
src/doc/tarpl/vec-drain.md	0	3	3	0.6727272727272727
README	0	1	1	1.0
src/test/compile-fail/E0393.rs	3	3	6	0.3888888888888889
src/test/compile-fail/borrowck-assign-to-andmut-in-aliasable-loc.rs	6	3	9	0.676056338028169
src/librustc_incremental/assert_dep_graph.rs	14	5	19	0.43112244897959184
src/test/run-pass/issue-34074.rs	4	3	7	0.5238095238095238
src/test/run-pass/const-rec-and-tup.rs	11	2	13	0.7142857142857143
src/test/run-pass/issue-4252.rs	15	3	18	0.5768025078369906
src/test/run-pass/aux/issue-17662.rs	0	1	1	1.0
src/rt/jemalloc/include/jemalloc/internal/base.h	0	5	5	0.7777777777777778
src/test/compile-fail/issue-5060-fail.rs	6	1	7	0.8933333333333333
src/libstd/unstable/stack.rs	1	3	4	0.7209302325581395
src/test/compile-fail/lint-unnecessary-import-braces.rs	3	2	5	0.6071428571428571
src/librustc_data_structures/snapshot_map/test.rs	3	4	7	0.48936170212765956
src/test/auxiliary/plugin_crate_outlive_expansion_phase.rs	9	4	13	0.4236453201970443
src/test/compile-fail/native-unsafe-fn-called.rs	0	5	5	0.45454545454545453
src/comp/middle/type_glue.rs	0	1	1	1.0
src/serializer/serializer	0	1	1	1.0
src/rt/jemalloc/include/jemalloc/internal/ckh.h	3	2	5	0.8
src/test/compile-fail/no_freeze-rc.rs	4	1	5	0.9074074074074074
src/rt/libuv/src/unix/stream.c	0	2	2	0.6666666666666666
src/test/run-pass/issue-14933.rs	4	3	7	0.5360824742268041
src/test/run-pass/rust-log-filter.rs	14	4	18	0.3744186046511628
src/rustdoc/config.rs	9	6	15	0.410958904109589
src/test/debug-info/struct.rs	4	2	6	0.8307692307692308
src/libsyntax/diagnostics/metadata.rs	7	5	12	0.4551282051282051
src/test/auxiliary/issue_2242_a.rs	12	3	15	0.7349397590361446
src/doc/tarpl/lifetime-splitting.md	0	1	1	1.0
src/test/compile-fail/regions-close-over-type-parameter-1.rs	6	5	11	0.45038167938931295
src/test/compile-fail/lint-renamed.rs	4	3	7	0.7368421052631579
src/test/run-pass/expr-repeat-vstore.rs	7	2	9	0.8787878787878788
src/librustpkg/testsuite/pass/src/deeply/nested/path/foo/src/main.rs	4	1	5	0.8518518518518519
src/test/codegen-units/partitioning/local-drop-glue.rs	4	3	7	0.5681818181818182
src/etc/third-party/README.txt	3	2	5	0.8
src/libstd/sys/common/net2.rs	4	4	8	0.31210191082802546
src/test/compile-fail/oversized-discriminant.rs	0	1	1	1.0
src/test/compile-fail/issue-8153.rs	6	4	10	0.7017543859649122
src/libsyntax_ext/log_syntax.rs	7	7	14	0.3103448275862069
src/test/run-pass/box.rs	9	3	12	0.6666666666666666
src/test/parse-fail/import-from-rename.rs	3	4	7	0.4117647058823529
src/test/run-pass/unboxed-closures-unique-type-id.rs	17	3	20	0.41911764705882354
src/test/compile-fail/method-ambig-two-traits-with-default-method.rs	4	3	7	0.3673469387755102
src/libsyntax_ext/Cargo.toml	8	4	12	0.4423076923076923
src/test/rustdoc/src-links/compiletest-ignore-dir	2	3	5	0.5428571428571428
src/doc/trpl/traits.md	24	4	28	0.5082938388625592
src/test/run-pass/foreach-box-drop.rs	0	6	6	0.2857142857142857
src/rt/libuv/uv-win.c	0	2	2	0.5
src/libextra/terminfo/parser/compiled.rs	14	1	15	0.8148148148148148
src/test/compile-fail/kindck-send-region-pointers.rs	4	4	8	0.3160919540229885
src/test/run-pass/expr-block-fn.rs	16	3	19	0.4882154882154882
src/test/run-pass/import-crate-with-invalid-spans/aux/crate_with_invalid_spans.rs	0	1	1	1.0
src/test/run-pass/sepcomp-extern.rs	6	3	9	0.41397849462365593
src/test/run-pass/impl-variance.rs	4	5	9	0.576271186440678
src/test/compile-fail/feature-gate-box-expr.rs	6	4	10	0.5081967213114754
src/llvmext/rustllvm.def	0	3	3	0.3333333333333333
src/test/compile-fail/macro-crate-unknown-crate.rs	3	1	4	0.9230769230769231
src/test/compile-fail/slot-as-pred.rs	0	7	7	0.3076923076923077
src/doc/guide-lifetimes.md	18	4	22	0.654434250764526
src/test/run-pass/negative.rs	10	3	13	0.4293785310734463
src/test/auxiliary/default_ty_param_cross_crate_crate.rs	5	3	8	0.5594405594405595
src/test/compile-fail/union/union-suggest-field.rs	8	4	12	0.4906832298136646
src/test/run-pass/task-comm-0.rs	27	4	31	0.4755639097744361
src/test/run-make/c-link-to-rust-dylib/foo.rs	4	1	5	0.8947368421052632
src/test/compile-fail/writing-to-immutable-rec.rs	5	4	9	0.3
src/test/compile-fail/hygienic-label-4.rs	7	2	9	0.5945945945945946
src/test/run-pass/associated-type-doubleendediterator-object.rs	2	2	4	0.7254901960784313
src/rustc/middle/trans/tvec.rs	8	8	16	0.18584070796460178
src/librustc_mir/build/expr/as_lvalue.rs	17	4	21	0.5376146788990825
src/test/compile-fail/capture2.rs	0	3	3	0.5
src/test/compile-fail/issue-18566.rs	9	4	13	0.31797235023041476
src/test/parse-fail/new-unicode-escapes-3.rs	5	3	8	0.4567901234567901
src/test/compile-fail/issue-11908-2.rs	0	2	2	0.9215686274509803
src/test/run-pass/coherence-covered-type-parameter.rs	4	3	7	0.5866666666666667
src/test/compile-fail/derived-errors/issue-31997-1.rs	3	5	8	0.415929203539823
src/test/run-pass/aux/reachable-unnameable-items.rs	0	1	1	1.0
src/test/compile-fail/auxiliary/namespace-mix-old.rs	4	3	7	0.45652173913043476
src/test/compile-fail/unsized7.rs	10	3	13	0.36283185840707965
src/rt/rustrt.def	0	1	1	1.0
src/libbacktrace/stest.c	7	5	12	0.6265060240963856
src/librustc/middle/trans/consts.rs	56	2	58	0.7431930693069307
src/test/parse-fail/issue-27255.rs	0	3	3	0.6470588235294118
src/test/auxiliary/coherence-lib.rs	2	3	5	0.42857142857142855
src/test/codegen-units/unused-traits-and-generics.rs	2	3	5	0.4793388429752066
src/rt/libuv/src/eio/LICENSE	0	3	3	0.3333333333333333
src/test/auxiliary/inherit_struct_lib.rs	2	4	6	0.48514851485148514
src/libstd/rt/io/native/stdio.rs	0	3	3	0.8214285714285714
src/test/compile-fail/issue-28098.rs	4	3	7	0.52
src/librustdoc/demo.rs	12	3	15	0.6641221374045801
src/rt/libuv/src/unix/openbsd.c	0	2	2	0.75
src/test/run-pass/estr-slice.rs	15	1	16	0.7534246575342466
src/rustdoc/prune_undoc_items_pass.rs	0	3	3	0.7333333333333333
src/test/codegen/stack-alloc-string-slice.cc	3	2	5	0.6818181818181818
src/test/compile-fail-fulldeps/proc-macro/auxiliary/derive-unstable.rs	0	3	3	0.3333333333333333
src/test/debuginfo/borrowed-managed-basic.rs	4	2	6	0.835820895522388
src/test/run-pass/tail-cps.rs	15	3	18	0.6353591160220995
src/rt/uthash/utlist.h	0	3	3	0.3333333333333333
src/test/run-pass/lazy-init.rs	11	4	15	0.5298507462686567
src/test/stdtest/treemap.rs	0	6	6	0.3333333333333333
src/test/compile-fail/import-glob-path.rs	7	5	12	0.3584905660377358
src/test/compile-fail/regions-assoc-type-outlives-container-hrtb.rs	4	3	7	0.41304347826086957
src/test/run-pass/unique-ffi-symbols.rs	2	3	5	0.4186046511627907
src/test/run-pass-fulldeps/proc-macro/auxiliary/derive-atob.rs	3	4	7	0.3448275862068966
src/test/compile-fail/regions-close-param-into-object.rs	5	3	8	0.3629032258064516
src/rt/libuv/msvs/libuv-benchmark.vcxproj	0	4	4	0.25
src/test/mir-opt/deaggregator_test_enum.rs	5	6	11	0.37012987012987014
src/test/run-pass/issue-13434.rs	7	3	10	0.5059523809523809
src/test/compile-fail/proc-static-bound.rs	2	2	4	0.6875
src/librustc/middle/mode.rs	1	5	6	0.3
src/librustc_trans/trans/cabi_x86.rs	5	5	10	0.44242424242424244
src/test/run-pass/self-shadowing-import.rs	14	3	17	0.4263157894736842
src/test/rustdoc/auxiliary/issue-21801.rs	0	2	2	0.6666666666666666
src/test/compile-fail/assign-imm-local-twice.rs	11	3	14	0.4921875
src/libstd/rt/bookkeeping.rs	2	2	4	0.8857142857142857
src/test/run-pass/closure-bounds-recursive-stack-closure.rs	4	1	5	0.8709677419354839
src/libcore/macros.rs	50	3	53	0.4711111111111111
src/test/bench/std-smallintmap.rs	33	3	36	0.5447263017356475
src/test/parse-fail/raw-str-unterminated.rs	3	4	7	0.4117647058823529
src/libstd/workcache.rs	16	4	20	0.6361031518624641
src/test/run-pass/dropck_legal_cycles.rs	7	3	10	0.5958904109589042
src/test/compile-fail/coherence-lone-type-parameter.rs	4	3	7	0.3652173913043478
src/rt/libuv/src/unix/uv-eio.h	0	1	1	1.0
src/test/run-pass/swap-overlapping.rs	12	4	16	0.575
src/test/run-make/compiler-rt-works-on-mingw/foo.rs	1	3	4	0.5128205128205128
src/libsyntax_ext/deriving/cmp/partial_ord.rs	13	6	19	0.4222873900293255
src/test/parse-fail/pat-lt-bracket-7.rs	5	3	8	0.569620253164557
src/test/compile-fail/borrowck-wg-borrow-mut-to-imm-fail.rs	3	2	5	0.803921568627451
src/test/run-pass/trait-impl-2.rs	4	3	7	0.421875
src/test/compile-fail/union/union-const-pat.rs	1	4	5	0.5128205128205128
src/libtest/Cargo.toml	2	3	5	0.6585365853658537
src/test/run-pass/iter-to-vec.rs	12	2	14	0.532258064516129
src/test/run-pass/aux/issue-11529.rs	0	1	1	1.0
src/test/compile-fail/trace_macros-gate3.rs	6	4	10	0.34177215189873417
src/test/compile-fail/keyword-return-as-identifier.rs	2	3	5	0.3275862068965517
src/test/run-pass/expr-match-unique.rs	8	3	11	0.47533632286995514
src/test/auxiliary/cfg_inner_static.rs	4	4	8	0.4049586776859504
src/test/run-pass/import-from-foreign.rs	0	6	6	0.5
src/libcore/char_private.rs	4	5	9	0.36666666666666664
src/rt/libuv/test/test-fs-event.c	0	2	2	0.6666666666666666
src/test/compile-fail/reserved-be.rs	7	3	10	0.41304347826086957
src/libcore/num/mod.rs	83	4	87	0.4804639804639805
src/test/run-make/issue-11908/foo.rs	2	1	3	0.9047619047619048
src/test/compile-fail/deriving-copyclone.rs	2	3	5	0.6923076923076923
src/test/compile-fail/issue-24895-copy-clone-dropck.rs	7	4	11	0.5185185185185185
src/test/run-pass/issue-20803.rs	0	3	3	0.8947368421052632
src/test/run-pass/numeric-fields.rs	2	3	5	0.3939393939393939
src/test/bench/shootout-fannkuch-redux-safe.rs	0	1	1	1.0
src/test/compile-fail/mutable-huh-field-assign.rs	0	7	7	0.35294117647058826
src/test/compile-fail/issue-10877.rs	2	3	5	0.7837837837837838
src/lib/ufind.rs	4	5	9	0.21428571428571427
src/doc/trpl/tasks.md	5	2	7	0.57
src/test/run-pass/check-pattern-bound.rs	0	7	7	0.23076923076923078
src/test/compile-fail/borrowck-overloaded-index-2.rs	7	3	10	0.4549019607843137
src/libsyntax/ext/auto_serialize.rs	8	7	15	0.234375
src/libstd/ufind.rs	0	6	6	0.2222222222222222
src/test/compile-fail/binop-fail-3.rs	3	3	6	0.3684210526315789
src/librustc/middle/infer/unify.rs	8	3	11	0.5083932853717026
src/rt/libuv/src/ares/ares_expand_name.c	0	4	4	0.5
src/test/run-pass/logging-right-crate.rs	6	4	10	0.5223880597014925
src/test/run-fail/issue-3029.rs	17	3	20	0.6912751677852349
src/test/parse-fail/issue-1802-1.rs	4	4	8	0.30434782608695654
src/test/compile-fail/E0005.rs	2	5	7	0.41304347826086957
src/test/run-pass/issue-14254.rs	8	3	11	0.48520710059171596
src/test/pretty/issue-31073.rs	2	3	5	0.6944444444444444
RELEASES.txt	24	2	26	0.723404255319149
src/test/compile-fail/variance-contravariant-self-trait-match.rs	2	4	6	0.5370370370370371
src/test/compile-fail/enum-discrim-too-small.rs	14	3	17	0.5739644970414202
src/test/run-pass/union/union-xcrate.rs	0	1	1	1.0
src/test/compile-fail/lint-dead-code-3.rs	17	3	20	0.5927835051546392
src/test/compile-fail/issue-17551.rs	12	3	15	0.39690721649484534
src/test/compile-fail-fulldeps/macro-crate-unexported-macro.rs	8	3	11	0.5979381443298969
src/test/compile-fail/wf-method-late-bound-regions.rs	2	4	6	0.5396825396825397
src/test/run-pass/unboxed-closures-call-fn-autoderef.rs	10	3	13	0.4
src/test/compile-fail/mutable-huh-box-assign.rs	4	3	7	0.4
src/test/auxiliary/cci_borrow_lib.rs	8	4	12	0.3
src/rustc/middle/borrowck/preserve.rs	7	6	13	0.2
src/test/compile-fail/issue-26262.rs	2	3	5	0.8421052631578947
src/libcore/rt/sched/local_sched.rs	2	3	5	0.7105263157894737
src/test/debug-info/var-captured-in-nested-closure.rs	10	1	11	0.9014084507042254
src/libstd/dbg.rs	13	5	18	0.3963963963963964
src/libcore/rt/uvio.rs	5	2	7	0.6855345911949685
src/test/compile-fail/never-assign-wrong-type.rs	0	3	3	0.4
src/rt/jemalloc/include/jemalloc/internal/chunk_mmap.h	0	5	5	0.7777777777777778
src/test/run-pass/syntax-extension-fourcc.rs	0	2	2	0.5
src/libstd/os/ios/fs.rs	3	2	5	0.8
src/test/run-pass/anon-obj-overloading-reduced.rs	0	1	1	1.0
src/libstd/old_io/tempfile.rs	8	3	11	0.42765273311897106
src/test/compile-fail/issue-24819.rs	3	3	6	0.4716981132075472
src/test/auxiliary/issue-2631-a.rs	21	3	24	0.6050583657587548
src/test/run-pass/issue-17068.rs	5	3	8	0.37593984962406013
src/test/run-pass/shift.rs	15	3	18	0.38235294117647056
src/test/run-pass/semi-after-macro-ty.rs	3	3	6	0.4666666666666667
src/libextra/crypto/cryptoutil.rs	6	2	8	0.8625954198473282
src/boot/me/stratum.ml	0	1	1	1.0
src/test/run-pass/dst-struct.rs	11	3	14	0.3952380952380952
src/test/run-pass/placement-new-leaky.rs	0	6	6	0.2222222222222222
src/test/compile-fail/cfg_attr_path.rs	4	3	7	0.375
src/test/run-pass/warn-ctypes-inhibit.rs	11	4	15	0.39156626506024095
src/test/rustdoc/src-links/mod.rs	0	3	3	0.3333333333333333
src/doc/po/ja/rust.md.po	6	1	7	0.9134615384615384
src/test/run-pass/default_type_parameter_struct_and_type_alias.rs	0	1	1	1.0
src/test/compile-fail/tutorial-suffix-inference-test.rs	18	4	22	0.510548523206751
src/test/run-pass/bind-generic.rs	0	6	6	0.3
src/test/run-fail/unreachable-macro-fail.rs	2	2	4	0.8461538461538461
src/test/bench/std/core-map.rs	0	2	2	0.8888888888888888
src/rt/sundown/examples/sundown.c	0	2	2	0.9310344827586207
src/test/run-pass/match-str.rs	11	4	15	0.5283687943262412
src/libsyntax/ext/hygiene.rs	7	4	11	0.5486111111111112
src/test/compile-fail/borrowck-preserve-box.rs	3	2	5	0.8289473684210527
src/test/compile-fail/regions-in-enums.rs	10	2	12	0.6739130434782609
src/test/run-fail/overflowing-rsh-5.rs	12	4	16	0.4
src/test/run-pass/panic-runtime/lto-abort.rs	4	4	8	0.5121951219512195
src/librustc/middle/traits/object_safety.rs	21	4	25	0.4783599088838269
src/test/run-pass/block-arg-as-stmt.rs	0	2	2	0.6666666666666666
src/test/run-pass/lint-non-camel-case-types-non-uppercase-statics-unicode.rs	10	3	13	0.5611111111111111
src/librustc/middle/trans/expr.rs	69	2	71	0.7099961991638161
src/test/compile-fail/borrowck/borrowck-let-suggestion-suffixes.rs	6	4	10	0.5
src/test/run-pass/issue-16668.rs	11	5	16	0.3440514469453376
src/test/run-pass/associated-const-in-global-const.rs	2	5	7	0.4666666666666667
src/libstd/os/freebsd/fs.rs	3	2	5	0.8
src/test/run-pass/bind-thunk.rs	0	7	7	0.2727272727272727
src/test/run-pass/trait-inheritance-auto.rs	10	3	13	0.4319526627218935
src/libsyntax/diagnostics/plugin.rs	34	4	38	0.46273546273546273
src/rt/libuv/test/test-error.c	0	1	1	1.0
src/rt/arch/i386/sp.h	1	2	3	0.8846153846153846
src/test/compile-fail/match-non-exhaustive.rs	7	2	9	0.5517241379310345
src/test/run-pass/match-phi.rs	10	5	15	0.38197424892703863
src/rt/rust_abi.h	5	3	8	0.6666666666666666
src/test/run-make/c-link-to-rust-dylib/bar.c	3	3	6	0.43859649122807015
src/test/auxiliary/issue-12133-dylib2.rs	6	4	10	0.40298507462686567
src/test/debug-info/limited-debuginfo.rs	2	2	4	0.8970588235294118
src/test/run-pass/issue-20313.rs	4	3	7	0.6527777777777778
src/test/compile-fail/single-derive-attr.rs	3	2	5	0.4666666666666667
src/test/compile-fail/issue-31109.rs	4	5	9	0.569620253164557
src/test/run-pass/auto_serialize.rs	6	8	14	0.25757575757575757
src/librustc_const_eval/is.rs	1	3	4	0.6458333333333334
src/test/compile-fail/lint-deprecated-for-loop.rs	0	3	3	0.7333333333333333
src/test/run-pass/aux/issue-13872-1.rs	0	1	1	1.0
src/test/auxiliary/rustdoc-hidden-sig.rs	3	3	6	0.5119047619047619
src/test/compile-fail/issue-17431-7.rs	5	3	8	0.6442307692307693
.gitmodules	26	2	28	0.6317135549872123
src/test/compile-fail/E0025.rs	4	5	9	0.3805309734513274
src/test/debug-info/box.rs	13	1	14	0.8666666666666667
src/test/run-pass/aux/xcrate_associated_type_defaults.rs	0	1	1	1.0
src/test/run-pass/aux/issue2170lib.rs	0	1	1	1.0
src/rt/linenoise/linenoise.h	3	2	5	0.7857142857142857
src/test/parse-fail/issue-22647.rs	5	2	7	0.543859649122807
src/test/run-pass/block-arg-in-parentheses.rs	14	2	16	0.7338709677419355
src/test/parse-fail/pat-tuple-1.rs	2	4	6	0.5172413793103449
src/test/run-pass/issue-15523-big.rs	3	3	6	0.5
src/test/compile-fail/record-with-resource.rs	7	5	12	0.425531914893617
src/test/parse-fail/pat-ranges-1.rs	4	2	6	0.48717948717948717
src/test/compile-fail/borrowck-borrow-overloaded-deref.rs	8	3	11	0.4418604651162791
src/rt/libuv/src/eio/config_darwin.h	0	3	3	0.3333333333333333
src/test/run-make/intrinsic-unreachable/exit-ret.rs	3	3	6	0.42592592592592593
src/test/compile-fail/issue-23173.rs	3	2	5	0.7241379310344828
src/test/run-pass/ifmt.rs	47	3	50	0.5638569604086845
src/lib/map.rs	7	6	13	0.3048780487804878
src/test/run-make/c-set-crate-map-manually/main.c	0	2	2	0.9130434782608695
src/test/compile-fail/mod_file_not_owning_aux2.rs	0	3	3	0.8333333333333334
src/test/codegen-units/item-collection/auxiliary/cgu_generic_function.rs	1	3	4	0.375
src/test/run-pass/super.rs	7	5	12	0.36
src/test/run-pass/issue-36474.rs	4	4	8	0.5777777777777777
src/test/run-pass/issue-18809.rs	3	2	5	0.6666666666666666
src/test/auxiliary/issue_3979_traits.rs	9	4	13	0.634703196347032
src/test/run-pass/uniq-fn-leak.rs	0	1	1	1.0
src/librustpkg/lib.rs	24	1	25	0.8524590163934426
src/test/compile-fail/E0091.rs	2	5	7	0.3543307086614173
src/test/run-pass/issue-16597-empty.rs	7	5	12	0.3591549295774648
src/rt/libuv/src/eio/xthread.h	0	3	3	0.3333333333333333
src/test/compile-fail/associated-types/cache/elision.rs	3	4	7	0.48936170212765956
src/test/compile-fail/regions-out-of-scope-slice.rs	8	5	13	0.4305555555555556
src/test/compile-fail/regions-bounds.rs	19	3	22	0.6071428571428571
src/test/run-pass/auto_serialize2-box.rs	0	2	2	0.6
src/test/compile-fail/bad-crate-id.rs	2	3	5	0.5631067961165048
src/test/compile-fail/issue-1802-2.rs	8	3	11	0.3220338983050847
src/test/incremental/type_alias_cross_crate/auxiliary/a.rs	1	5	6	0.5172413793103449
src/test/compile-fail/bad-name.rs	9	4	13	0.3787878787878788
src/test/compile-fail/kindck-implicit-close-over-mut-var.rs	9	3	12	0.38636363636363635
src/libstd/rt/exclusive.rs	2	2	4	0.7611940298507462
src/test/compile-fail/E0121.rs	0	5	5	0.5660377358490566
src/test/run-pass/issue-3904.rs	10	2	12	0.5694444444444444
src/test/compile-fail/match-ref-mut-let-invariance.rs	3	4	7	0.7307692307692307
src/test/run-pass/process-remove-from-env.rs	8	5	13	0.3194029850746269
src/test/compile-fail/auxiliary/stability_cfg2.rs	0	1	1	1.0
mk/libuv/x86_64/unix/src/rt/libuv/uv.Makefile	0	2	2	0.5
src/test/run-pass/cleanup-rvalue-temp-during-incomplete-alloc.rs	19	3	22	0.4225663716814159
src/test/compile-fail/aux/lint_stability.rs	0	1	1	1.0
src/test/compile-fail-fulldeps/rustc-macro/at-the-root.rs	4	4	8	0.5694444444444444
src/test/ui/cross-crate-macro-backtrace/auxiliary/extern_macro_crate.rs	2	3	5	0.46808510638297873
src/test/run-pass/import-glob-1.rs	10	6	16	0.29850746268656714
src/test/run-pass/expr-alt-generic-box2.rs	9	6	15	0.42718446601941745
src/test/compile-fail/union/union-unsafe.rs	2	3	5	0.5238095238095238
src/test/parse-fail/ascii-only-character-escape.rs	6	4	10	0.4222222222222222
src/test/auxiliary/svh-a-change-trait-bound.rs	7	4	11	0.38666666666666666
src/librustc_back/target/mipsel_unknown_linux_uclibc.rs	4	5	9	0.39552238805970147
doc/po/ja/guide-ffi.md.po	3	1	4	0.9117647058823529
src/test/pretty/match-naked-expr.rs	6	2	8	0.8333333333333334
src/test/run-make/issue-30063/foo.rs	2	2	4	0.7931034482758621
src/rt/util/synchronized_indexed_list.h	0	4	4	0.45454545454545453
src/test/compile-fail/deriving-span-Show-enum-struct-variant.rs	8	2	10	0.6283185840707964
src/test/run-pass/lint-dead-code-variant.rs	3	2	5	0.6521739130434783
doc/complement-bugreport.md	3	1	4	0.896551724137931
src/test/rustdoc/inline_cross/issue-31948-1.rs	3	2	5	0.7741935483870968
src/test/run-pass/osx-frameworks.rs	7	4	11	0.5725806451612904
src/test/run-pass/simplext-2.rs	0	1	1	1.0
src/test/run-pass/match-static-const-rename.rs	9	3	12	0.5519713261648745
src/test/parse-fail/issue-32214.rs	4	3	7	0.43548387096774194
src/rt/sundown/Makefile.win	0	2	2	0.9310344827586207
src/test/compile-fail/wf-trait-associated-type-region.rs	4	2	6	0.7666666666666667
src/test/rustdoc/aux/issue-26606-macro.rs	0	1	1	1.0
src/test/run-pass/issue-12033.rs	2	3	5	0.34146341463414637
src/test/run-make/simple-rlib/Makefile	1	2	3	0.8636363636363636
src/test/run-pass/issue-14021.rs	9	3	12	0.4279475982532751
src/test/run-pass/issue-1895.rs	5	4	9	0.6111111111111112
src/test/run-pass/utf8_idents.rs	22	3	25	0.5138339920948617
src/test/run-pass/issue-7911.rs	13	6	19	0.47863247863247865
src/test/run-pass/drop-on-ret.rs	12	3	15	0.5502958579881657
src/test/run-pass/iter-zip.rs	4	3	7	0.34285714285714286
src/test/run-pass/issue-22546.rs	6	4	10	0.5
src/test/run-pass/issue-23491.rs	2	3	5	0.78125
src/test/run-pass/block-vec-map_zip.rs	2	4	6	0.7096774193548387
src/test/run-pass/pub_use_mods_xcrate_exe.rs	10	3	13	0.5901639344262295
src/test/compile-fail/issue-11319.rs	6	4	10	0.5327102803738317
src/test/rustdoc/inline_cross/aux/issue-33113.rs	0	1	1	1.0
src/test/run-make/manual-link/foo.c	3	3	6	0.4631578947368421
src/libstd/rt/io/net/tcp.rs	16	1	17	0.8333333333333334
src/test/compile-fail/liveness-and-init.rs	7	2	9	0.8095238095238095
src/librustsyntax/parse/common.rs	0	7	7	0.46153846153846156
src/librustc_trans/Cargo.toml	10	4	14	0.4913494809688581
src/test/run-pass/spawn.rs	21	4	25	0.5250596658711217
src/libstd/sys/common/libunwind.rs	10	3	13	0.6344086021505376
src/rustc/syntax/ast_util.rs	0	6	6	0.2777777777777778
src/test/compile-fail/dup-struct-enum-struct-variant.rs	4	3	7	0.6847826086956522
src/test/debuginfo/cross-crate-type-uniquing.rs	7	3	10	0.6741573033707865
src/test/compile-fail/for-loop-refutable-pattern-error-message.rs	8	2	10	0.544
src/test/run-pass/unsafe-pointer-assignability.rs	10	3	13	0.38
src/test/parse-fail/struct-no-fields-2.rs	5	3	8	0.5441176470588235
src/test/compile-fail/range-2.rs	13	3	16	0.45525291828793774
src/test/compile-fail/issue-27831.rs	5	5	10	0.6060606060606061
src/doc/trpl/src/intermediate.md	0	2	2	0.9
src/test/run-pass/simd-upgraded.rs	1	4	5	0.35714285714285715
src/test/compile-fail/borrowck-borrow-from-temporary.rs	7	2	9	0.7159090909090909
src/librustc_trans/trans/glue.rs	32	4	36	0.40889957907396274
src/test/compile-fail/feature-gate-relaxed-adts.rs	1	3	4	0.3939393939393939
src/test/run-pass/aux/macro-include-items-item.rs	0	1	1	1.0
src/test/compile-fail/trivial_casts.rs	4	4	8	0.35443037974683544
src/test/compile-fail/gated-simd.rs	5	1	6	0.8823529411764706
src/libcore/rt/sched/local.rs	0	2	2	0.7
src/test/run-pass/borrowck-move-from-unsafe-ptr-ok.rs	2	7	9	0.48717948717948717
src/libextra/std.rc	10	3	13	0.673469387755102
src/test/rustdoc/inline_cross/issue-33113.rs	2	3	5	0.6304347826086957
src/librustc/middle/trans/base.rs	91	2	93	0.7220314033366045
src/test/compile-fail/deprecated-auto-code.rs	4	1	5	0.8823529411764706
src/test/rustdoc/no-run-still-checks-lints.rs	2	3	5	0.5961538461538461
src/test/run-pass/move-self.rs	13	2	15	0.7967479674796748
src/test/run-pass/syntax-extension-hexfloat.rs	2	1	3	0.9090909090909091
src/test/bench/rt/rt-parfib.rs	0	2	2	0.8888888888888888
src/test/run-pass/method-projection.rs	4	3	7	0.4017094017094017
src/librustc/middle/cfg/mod.rs	15	4	19	0.5691964285714286
src/rt/libuv/README.md	0	2	2	0.8
src/test/run-pass/aux/nested_item.rs	0	1	1	1.0
src/test/run-pass/issue-23611-enum-swap-in-drop.rs	4	4	8	0.5483870967741935
src/test/compile-fail/aux/issue_11680.rs	0	1	1	1.0
src/librustc_trans/trans/cabi_x86_win64.rs	7	5	12	0.5103734439834025
src/rt/libuv/src/ares/config_freebsd/ares_config.h	0	4	4	0.5
src/test/run-fail/issue-2761.rs	0	5	5	0.7777777777777778
src/test/codegen/hello.cc	1	2	3	0.9
src/test/run-pass/slice_binary_search.rs	2	2	4	0.4838709677419355
src/test/compile-fail/integral-indexing.rs	16	3	19	0.5124653739612188
src/test/parse-fail/match-vec-invalid.rs	5	3	8	0.4426229508196721
src/doc/book/vectors.md	12	3	15	0.6071428571428571
src/test/compile-fail/issue-14366.rs	11	3	14	0.5198019801980198
src/test/run-pass/const-enum-vec-repeat.rs	0	4	4	0.7894736842105263
src/test/compile-fail/struct-no-fields.rs	7	3	10	0.6818181818181818
src/doc/trpl/documentation.md	25	4	29	0.44025974025974024
src/test/compile-fail/walk-struct-literal-with.rs	5	3	8	0.6206896551724138
src/libcore/str/mod.rs	63	4	67	0.44147627416520213
src/test/run-pass/regions-addr-of-ret.rs	10	3	13	0.5714285714285714
src/test/compile-fail/macro-use-wrong-name.rs	4	3	7	0.5555555555555556
src/test/stdtest/os.rs	0	8	8	0.3157894736842105
src/test/run-pass/foreach-external-iterators-hashmap-break-restart.rs	9	3	12	0.4354066985645933
src/test/auxiliary/syntax-extension-with-dll-deps-1.rs	2	3	5	0.4942528735632184
src/test/compile-fail/feature-gate-no-debug.rs	1	3	4	0.68
src/libnum/integer.rs	4	2	6	0.813953488372093
src/test/run-pass/issue-5275.rs	2	2	4	0.8596491228070176
src/librustc_driver/test.rs	45	4	49	0.4409987917841321
src/test/compile-fail/specialization/specialization-default-types.rs	2	3	5	0.75
src/test/compile-fail/issue-18183.rs	6	4	10	0.3611111111111111
src/librustc/middle/typeck/check/closure.rs	4	3	7	0.4777777777777778
src/test/compile-fail/const-cast-different-types.rs	9	4	13	0.6726190476190477
src/test/compile-fail/E0454.rs	2	4	6	0.3611111111111111
src/test/compile-fail/hrtb-precedence-of-plus-error-message.rs	7	4	11	0.48366013071895425
src/test/run-pass/method-early-bound-lifetimes-on-self.rs	5	3	8	0.3448275862068966
src/test/run-pass/trait-default-method-bound-subst4.rs	15	3	18	0.40074906367041196
src/libstd/os/emscripten/mod.rs	3	2	5	0.5357142857142857
src/test/compile-fail/issue-17636.rs	3	2	5	0.5857142857142857
src/test/compile-fail/E0301.rs	2	3	5	0.5108695652173914
src/rt/libuv/ev/ev.3	0	2	2	0.5
src/test/compile-fail/meta-expected-error-correct-rev.rs	7	3	10	0.2978723404255319
src/test/run-pass/anon-obj-backwarding.rs	0	4	4	0.375
src/doc/style/platform.md	4	6	10	0.2111111111111111
src/comp/back/target_strs.rs	0	4	4	0.4
src/test/run-pass/specialization/specialization-default-methods.rs	3	3	6	0.5373134328358209
src/rt/libuv/test/test-tcp-connect-error.c	0	2	2	0.75
src/test/compile-fail/lint-renamed-cmdline.rs	2	3	5	0.7647058823529411
src/rt/libuv/src/ares/ares__get_hostent.c	0	3	3	0.6
src/test/compile-fail/lint-dead-code-1.rs	23	3	26	0.6251993620414673
src/test/compile-fail/unboxed-closures-infer-fnmut-missing-mut.rs	4	2	6	0.5185185185185185
src/test/run-pass/issue-27021.rs	3	3	6	0.6046511627906976
src/libcore/hash.rs	24	3	27	0.5256410256410257
src/test/compile-fail/issue-14303-path.rs	3	3	6	0.4888888888888889
src/test/auxiliary/issue-18514.rs	4	4	8	0.3333333333333333
src/test/run-pass-fulldeps/derive-no-std.rs	0	5	5	0.6666666666666666
COMPILER_TESTS.md	6	3	9	0.6569767441860465
src/test/run-pass/iter-min-max.rs	11	3	14	0.6164383561643836
src/doc/book/functions.md	9	4	13	0.5509259259259259
src/librustdoc/html/static/FiraSans-Medium.woff	0	1	1	1.0
src/test/compile-fail/by-move-pattern-binding.rs	11	2	13	0.7727272727272727
src/test/compile-fail/issue-32782.rs	2	3	5	0.6388888888888888
src/etc/rustup.sh	13	4	17	0.3443708609271523
src/test/compile-fail/borrowck-move-out-of-static-item.rs	6	4	10	0.6694915254237288
src/test/codegen/intrinsic-no-unnamed-attr.rs	1	3	4	0.725
src/rt/jemalloc/include/jemalloc/internal/atomic.h	3	2	5	0.8
src/librustc_trans/common.rs	19	6	25	0.4004914004914005
src/test/compile-fail/macro-mismatched-delim-paren-brace.rs	3	3	6	0.46511627906976744
src/test/compile-fail/macro-invocation-dot-help.rs	3	2	5	0.6607142857142857
src/test/run-make/rustdoc-recursion/foo.rs	2	3	5	0.5353535353535354
src/librustc_mir/build/expr/stmt.rs	10	5	15	0.4576923076923077
src/test/compile-fail/issue-20225.rs	9	5	14	0.4012738853503185
src/rt/libuv/Makefile	0	5	5	0.5
src/libstd/sys/windows/ext/mod.rs	8	4	12	0.5764192139737991
src/test/run-make/c-static-rlib/bar.rs	2	2	4	0.8787878787878788
src/test/compile-fail/mut-suggestion.rs	3	3	6	0.6716417910447762
src/test/run-make/cdylib/foo.c	1	4	5	0.4883720930232558
src/test/compile-fail/wf-trait-fn-arg.rs	4	2	6	0.7666666666666667
src/rt/libuv/src/ev/config_cygwin.h	0	3	3	0.3333333333333333
src/test/compile-fail/issue-2828.rs	0	3	3	0.4
src/test/stdtest/fs.rs	4	3	7	0.45454545454545453
src/test/run-pass/issue-9129.rs	12	4	16	0.3852140077821012
src/libcore/rt/uv/uvll.rs	0	4	4	0.5
src/rt/jemalloc/src/base.c	0	5	5	0.7777777777777778
src/test/parse-fail/issue-10636-2.rs	5	3	8	0.5046728971962616
src/rt/libuv/src/ares/ares_private.h	0	4	4	0.5
src/test/compile-fail/issue-21160.rs	10	4	14	0.36645962732919257
src/test/compile-fail/issue-2509-a.rs	6	4	10	0.4074074074074074
src/test/run-make/static-dylib-by-default/foo.rs	0	3	3	0.5263157894736842
src/tools/cargotest/lockfiles/iron-Cargo.lock	2	4	6	0.2708333333333333
src/test/run-pass/native.rc	0	5	5	0.3333333333333333
src/test/run-pass/issue-6341.rs	7	3	10	0.5068493150684932
src/test/run-fail/issue-30380.rs	3	6	9	0.4175824175824176
src/test/compile-fail/feature-gate-pushpop-unsafe.rs	3	3	6	0.6071428571428571
src/libstd/path.rs	54	4	58	0.49364870784056064
src/test/run-pass/issue-2445-b.rs	9	4	13	0.4666666666666667
src/test/auxiliary/unreachable-variant.rs	1	3	4	0.43333333333333335
src/rt/libuv/src/ares/ares_query.c	0	3	3	0.6
src/test/run-fail/panic-main.rs	4	4	8	0.4915254237288136
src/test/compile-fail/match-vec-fixed.rs	9	4	13	0.5263157894736842
src/test/run-pass/regions-expl-self.rs	7	3	10	0.47368421052631576
src/rt/arch/arm/gpr.h	6	3	9	0.6129032258064516
src/rustc/middle/typeck/astconv.rs	9	7	16	0.15517241379310345
src/librustrt/thread.rs	10	3	13	0.5128205128205128
src/test/run-make/pretty-expanded/Makefile	4	3	7	0.4528301886792453
src/test/bench/shootout/fannkuchredux.rs	0	4	4	0.4166666666666667
src/test/run-make/suspicious-library/foo.rs	3	1	4	0.8571428571428571
src/test/run-pass/process-detach.rs	7	2	9	0.7662337662337663
src/test/run-pass/foreign.rc	5	1	6	0.8333333333333334
src/test/run-fail/extern-panic.rs	6	4	10	0.30980392156862746
src/librustc_typeck/lib.rs	47	5	52	0.4241781548250265
src/test/run-pass/empty-mutable-vec.rs	13	3	16	0.4503311258278146
src/test/compile-fail/issue-18423.rs	3	2	5	0.4791666666666667
src/test/compile-fail/borrowck-move-error-with-note.rs	13	3	16	0.5905172413793104
src/test/run-make/empty-file/Makefile	1	3	4	0.7090909090909091
src/test/compile-fail/noexporttypeexe.rs	14	4	18	0.5384615384615384
src/test/run-make/suspicious-library/bar.rs	0	3	3	0.6666666666666666
src/librustuv/timer.rs	8	2	10	0.8011527377521613
src/libsyntax/ext/earley_parser.rs	0	3	3	0.375
src/librustc_trans/trans_item.rs	19	5	24	0.42443729903536975
src/comp/middle/visit.rs	5	6	11	0.3333333333333333
src/test/run-pass/vec.rs	17	3	20	0.4125560538116592
src/test/compile-fail-fulldeps/aux/lint_group_plugin_test.rs	0	1	1	1.0
src/libstd/vec.rs	62	1	63	0.7792413066385669
src/test/run-pass/check-static-slice.rs	8	3	11	0.48936170212765956
src/test/run-pass/aux/issue-12133-rlib.rs	0	1	1	1.0
src/test/compile-fail/impure-pred.rs	6	5	11	0.21428571428571427
src/bootstrap/build/check.rs	7	3	10	0.5165094339622641
src/test/run-pass/issue-14865.rs	8	4	12	0.36082474226804123
src/rustdoc/escape_pass.rs	0	8	8	0.25
src/test/run-pass/typeclasses-eq-example.rs	17	4	21	0.5304659498207885
src/test/run-pass/auxiliary/issue34796aux.rs	4	3	7	0.5897435897435898
src/test/compile-fail/associated-types-issue-20346.rs	5	2	7	0.6226415094339622
src/test/run-pass/regions-infer-call-2.rs	12	3	15	0.3581395348837209
src/test/parse-fail/issue-24197.rs	4	3	7	0.4482758620689655
src/test/auxiliary/macro_crate_MacroRulesTT.rs	7	4	11	0.37142857142857144
src/test/compile-fail/typeck-auto-trait-no-supertraits.rs	4	3	7	0.6222222222222222
src/test/compile-fail/E0199.rs	5	4	9	0.4375
src/test/compile-fail/binop-move-semantics.rs	6	4	10	0.45408163265306123
mk/crates.mk	57	4	61	0.5856526852214817
src/test/compile-fail/regions-bound-lists-feature-gate-2.rs	0	3	3	0.7631578947368421
src/test/run-pass/dead-code-leading-underscore.rs	4	3	7	0.46835443037974683
src/test/run-pass/specialization/specialization-out-of-order.rs	1	3	4	0.7777777777777778
src/test/parse-fail/mod_file_with_path_attr.rs	3	4	7	0.4117647058823529
src/test/compile-fail/aux/allocator3.rs	0	1	1	1.0
src/libstd/os/openbsd/mod.rs	4	4	8	0.5736842105263158
src/test/compile-fail/issue-17740.rs	13	4	17	0.3920704845814978
src/test/run-pass/hygiene-dodging-1.rs	6	3	9	0.4375
src/rt/libuv/include/uv-private/ngx-queue.h	0	1	1	1.0
src/test/run-fail/morestack3.rs	14	3	17	0.6532663316582915
src/test/compile-fail/issue-10398.rs	9	4	13	0.44559585492227977
src/lib/task.rs	5	5	10	0.4358974358974359
src/test/run-pass/move-2.rs	16	3	19	0.5017921146953405
src/libstd/os/haiku/raw.rs	5	4	9	0.36507936507936506
doc/tutorial/data.md	0	5	5	0.6153846153846154
src/test/run-make/graphviz-flowgraph/f01.rs	6	2	8	0.6176470588235294
src/test/run-pass/issue-18110.rs	4	3	7	0.6538461538461539
src/test/compile-fail/issue-17904.rs	3	3	6	0.631578947368421
src/test/run-make/dep-info-no-analysis/Makefile	2	4	6	0.5157894736842106
src/libgreen/message_queue.rs	3	3	6	0.7593984962406015
src/test/compile-fail/issue-19081.rs	4	2	6	0.7796610169491526
src/test/compile-fail/bind-by-move-neither-can-live-while-the-other-survives-4.rs	12	3	15	0.6153846153846154
src/rt/libuv/LIBUV_REVISION	0	3	3	0.5
src/test/compile-fail/while-constraints.rs	0	1	1	1.0
src/test/compile-fail/pattern-error-continue.rs	18	4	22	0.5620608899297423
src/test/compile-fail/E0220.rs	5	5	10	0.3137254901960784
src/test/run-pass/objects-owned-object-borrowed-method-header.rs	9	2	11	0.8409090909090909
src/test/auxiliary/cci_class_5.rs	13	5	18	0.463768115942029
src/test/compile-fail/impl-trait/disallowed.rs	1	3	4	0.3870967741935484
src/librustc/middle/typeck/infer/coercion.rs	22	2	24	0.7483069977426636
src/test/run-pass/const-const.rs	8	3	11	0.4375
src/tools/compiletest/src/util.rs	8	5	13	0.38308457711442784
src/libstd/path2/windows.rs	0	1	1	1.0
src/librustdoc/html/static/main.css	43	4	47	0.5398420674802584
src/test/compile-fail/const-fn-stability-calls-3.rs	2	3	5	0.575
src/test/rustdoc/viewpath-rename.rs	2	3	5	0.6
src/libcore/rt/task.rs	0	3	3	0.625
src/test/compile-fail/deprecated-phase.rs	2	3	5	0.33783783783783783
src/test/compile-fail/keyword-loop-as-identifier.rs	2	3	5	0.3275862068965517
src/test/compile-fail/lint-visible-private-types.rs	10	4	14	0.5732217573221757
src/test/parse-fail/inner-attr-after-doc-comment.rs	5	3	8	0.6285714285714286
data.md	0	2	2	0.9
src/test/bench/99bob-iter.rs	3	7	10	0.2413793103448276
src/test/run-pass/lib-sort-ivec.rs	0	2	2	0.5
src/test/compile-fail/export2.rs	12	5	17	0.5319148936170213
src/test/compile-fail/region-bound-extra-bound-in-inherent-impl.rs	4	3	7	0.38461538461538464
src/rt/arch/x86_64/context.h	6	5	11	0.2222222222222222
src/test/auxiliary/issue_17718_const_privacy.rs	4	4	8	0.34408602150537637
src/test/compile-fail/deriving-span-PartialOrd-tuple-struct.rs	4	3	7	0.5625
src/test/codegen-units/partitioning/auxiliary/cgu_explicit_inlining.rs	0	3	3	0.6
src/test/run-pass/generic-temporary.rs	15	4	19	0.59375
src/librustc/middle/typeck/infer/region_inference/doc.rs	12	2	14	0.6506024096385542
src/librustdoc/clean/simplify.rs	12	4	16	0.43089430894308944
src/test/run-pass-fulldeps/macro-crate-does-hygiene-work.rs	5	3	8	0.45794392523364486
src/libstd/sync/poison.rs	15	4	19	0.4605263157894737
src/test/run-pass/anon-obj-refer-to-parallel-method.rs	0	3	3	0.6666666666666666
src/test/mir-opt/simplify_if.rs	7	4	11	0.46987951807228917
src/libbacktrace/dwarf.c	10	4	14	0.6431718061674009
src/test/run-pass/packed-struct-size-xc.rs	9	3	12	0.5786163522012578
src/test/compile-fail/borrowck-loan-rcvr.rs	16	4	20	0.5830388692579506
src/test/stdtest/list.rs	3	6	9	0.3333333333333333
src/libbacktrace/ChangeLog	6	4	10	0.6573426573426573
src/test/compile-fail/svh-change-type-static.rs	9	3	12	0.6422764227642277
src/test/compile-fail/issue-23543.rs	3	3	6	0.41818181818181815
src/librustc/util/fs.rs	11	5	16	0.5991561181434599
src/librustpkg/testsuite/pass/simple-lib/lib.rs	0	3	3	0.8235294117647058
src/test/run-pass/issue-1701.rs	15	4	19	0.536036036036036
src/test/run-pass/issue-5521.rs	8	3	11	0.5247148288973384
src/test/run-pass/vec-append.rs	3	6	9	0.2962962962962963
src/test/run-pass/default-method-supertrait-vtable.rs	7	3	10	0.5533333333333333
src/libstd/old_path/posix.rs	9	3	12	0.3465045592705167
src/test/compile-fail/substs-ppaux.rs	4	3	7	0.47540983606557374
src/libsyntax/ext/pipes/proto.rs	20	3	23	0.5771971496437055
src/test/run-pass/issue-28676.rs	1	3	4	0.65
src/test/run-pass/enum-discrim-autosizing.rs	11	3	14	0.41358024691358025
src/test/run-pass/unique-move-drop.rs	16	4	20	0.4982456140350877
src/test/run-pass/foreign-mod.rc	6	2	8	0.723404255319149
src/test/ui/macros/bad_hello.stderr	2	3	5	0.46808510638297873
src/test/incremental/change_crate_order/main.rs	3	4	7	0.38636363636363635
src/test/run-pass/aux/issue-7178.rs	0	1	1	1.0
src/librustc/README.txt	12	4	16	0.3865546218487395
src/rt/libuv/ev/ev_select.c	0	2	2	0.5
src/test/run-pass/expr-alt-generic-unique1.rs	12	3	15	0.532608695652174
src/test/run-pass/const-fn-val.rs	13	3	16	0.43388429752066116
src/librustc/middle/trans/builder.rs	27	2	29	0.762962962962963
src/test/run-pass/tcp-accept-stress.rs	10	3	13	0.49818181818181817
src/test/run-pass/expr-match-panic.rs	6	5	11	0.3357664233576642
src/lib/SHA1.rs	0	2	2	0.6666666666666666
src/libcore/uint-template/uintb.rs	0	1	1	1.0
src/librustc/middle/infer/region_inference/mod.rs	30	4	34	0.39174603174603173
src/test/run-pass/issue-15108.rs	3	3	6	0.5918367346938775
src/test/incremental/source_loc_macros.rs	3	3	6	0.7714285714285715
src/test/run-fail/unwind-box-trait.rs	10	2	12	0.7349397590361446
src/test/compile-fail/issue-23716.rs	7	4	11	0.5069444444444444
src/test/compile-fail/assignment-operator-unimplemented.rs	7	3	10	0.5584415584415584
src/rt/libuv/src/uv-win.c	0	2	2	0.5
src/test/run-pass-fulldeps/aux/plugin_crate_outlive_expansion_phase.rs	0	1	1	1.0
src/test/run-pass/issue-2526-a.rs	14	2	16	0.5688622754491018
src/test/run-pass/borrowed-ptr-pattern-3.rs	9	3	12	0.3153846153846154
src/test/parse-fail/removed-syntax-with-1.rs	6	3	9	0.5348837209302325
src/librustc_resolve/lib.rs	92	4	96	0.4220221896587817
src/rt/libuv/src/uv-sunos.c	0	3	3	0.3333333333333333
src/librustc_back/target/windows_msvc_base.rs	3	4	7	0.7171052631578947
src/rt/libuv/src/ev/event.c	0	2	2	0.5
src/test/auxiliary/xcrate_static_addresses.rs	6	4	10	0.5245901639344263
src/test/bench/task-perf-alloc-unwind.rs	44	3	47	0.5551401869158878
mk/cfg/armv7-apple-ios.mk	10	3	13	0.41397849462365593
src/test/compile-fail/unsized-bare-typaram.rs	9	3	12	0.5444444444444444
src/test/run-pass/const-struct-offsets.rs	9	3	12	0.5121951219512195
src/libcore/u32.rs	2	4	6	0.4
src/test/codegen/single-return-value.cc	3	3	6	0.5849056603773585
src/test/compile-fail/typeck-default-trait-impl-assoc-type.rs	5	3	8	0.5647058823529412
src/test/run-pass/dst-struct-reflect.rs	2	2	4	0.8125
src/test/compile-fail/issue-35450.rs	2	3	5	0.41333333333333333
src/test/compile-fail/E0565.rs	3	3	6	0.5370370370370371
src/test/compile-fail/trait-object-safety.rs	5	3	8	0.3611111111111111
src/libstd/io/tempfile.rs	13	2	15	0.5504385964912281
src/librustc/middle/check_match.rs	88	3	91	0.5822077317186772
src/test/run-pass/foreach-external-iterators-loop.rs	8	3	11	0.4810810810810811
src/test/compile-fail/issue-28105.rs	4	1	5	0.8947368421052632
src/test/run-pass/specialization/specialization-super-traits.rs	1	3	4	0.7777777777777778
src/test/run-pass/resource-destruct.rs	24	3	27	0.6435897435897436
mk/libuv/x86_64/mac/src/rt/libuv/uv.Makefile	0	2	2	0.5
doc/run-tests.sh	0	1	1	1.0
src/test/compile-fail/bad-bang-ann.rs	19	4	23	0.3880597014925373
src/rt/libuv/src/ares/ares_writev.h	0	3	3	0.6
src/test/compile-fail/issue-17651.rs	18	3	21	0.3458823529411765
src/test/run-pass/unfold-cross-crate.rs	8	3	11	0.5670498084291188
src/test/compile-fail/dup-link-name.rs	5	2	7	0.6363636363636364
src/libcore/num/isize.rs	11	4	15	0.45179063360881544
src/test/run-make/bootstrap-from-c-with-green/lib.rs	3	2	5	0.8396946564885496
src/rt/libuv/src/ev/config.sub	0	2	2	0.5
src/librustc_typeck/variance.rs	25	4	29	0.3781061114842176
src/libextra/crypto/md5.rs	5	1	6	0.9027777777777778
src/test/run-pass-fulldeps/issue-11881.rs	5	4	9	0.41818181818181815
src/librustc/middle/traits/README.md	8	3	11	0.5735294117647058
src/test/compile-fail/no-implicit-prelude.rs	11	2	13	0.7368421052631579
src/test/run-pass/use-import-export.rs	8	4	12	0.4235294117647059
src/librustc_data_structures/snapshot_map/mod.rs	6	5	11	0.5
src/test/rustdoc/issue-25001.rs	6	4	10	0.6103896103896104
src/test/run-pass/task-comm-13.rs	26	4	30	0.47609942638623326
src/test/run-pass/extern-yield.rs	19	4	23	0.6041666666666666
src/test/run-pass/hello.rs	8	3	11	0.5625
src/libstd/sync/mpsc/mod.rs	38	4	42	0.39849624060150374
src/rt/rust_crate.cpp	0	3	3	0.38461538461538464
src/librustc/middle/save/recorder.rs	5	3	8	0.717741935483871
src/test/run-make/bootstrap-from-c-with-green/main.c	1	2	3	0.5769230769230769
src/test/run-pass/unit-fallback.rs	1	4	5	0.5740740740740741
src/test/compile-fail/auxiliary/internal_unstable.rs	0	1	1	1.0
src/librustc_bitflags/lib.rs	20	4	24	0.49537037037037035
src/libstd/collections/hashmap/set.rs	6	2	8	0.5
src/test/compile-fail-fulldeps/rustc-macro/auxiliary/derive-panic.rs	4	4	8	0.5694444444444444
src/test/run-pass/builtin-superkinds-capabilities-xc.rs	12	3	15	0.5617977528089888
src/etc/mirror-all-snapshots.py	10	3	13	0.5544554455445545
src/test/compile-fail/mutable-huh-variance-rec.rs	0	7	7	0.2631578947368421
src/test/run-make/llvm-module-pass/llvm-pass.so.cc	1	3	4	0.8064516129032258
src/test/run-pass/deprecated-phase-syntax.rs	0	3	3	0.5714285714285714
src/test/run-pass/assignability-iface.rs	0	8	8	0.14285714285714285
src/rt/libuv/src/ev/config.guess	0	2	2	0.5
doc/tutorial/args.md	0	4	4	0.6
src/test/rustdoc/auxiliary/issue-29584.rs	0	2	2	0.6666666666666666
src/test/auxiliary/issue-12612-1.rs	1	3	4	0.45
src/test/run-pass/cci_borrow.rs	15	3	18	0.5827338129496403
src/test/run-pass/linear-for-loop.rs	33	2	35	0.5991983967935872
src/libcore/fmt/rt.rs	13	3	16	0.5145888594164456
src/test/compile-fail/arc-rw-cond-shouldnt-escape.rs	10	2	12	0.7727272727272727
src/test/compile-fail/lint-unsafe-block.rs	8	3	11	0.475
src/test/run-pass/for-implicit-copy.rs	0	3	3	0.5
src/test/compile-fail/feature-gate-abi-sysv64.rs	2	4	6	0.5476190476190477
src/test/run-pass/issue-27401-dropflag-reinit.rs	6	4	10	0.4583333333333333
src/test/bench/99-bottles/99bob-tail.rs	0	5	5	0.3333333333333333
src/librustc/middle/pat_util.rs	39	4	43	0.5759294265910523
src/libstd/sys/windows/helper_signal.rs	5	2	7	0.5631067961165048
src/libsyntax/ext/deriving/cmp/totalord.rs	26	3	29	0.5716180371352785
src/test/compile-fail/auxiliary/namespace-mix-new.rs	4	3	7	0.45652173913043476
src/test/compile-fail/E0089.rs	3	4	7	0.41025641025641024
src/test/run-pass/unboxed-closures-infer-fnmut.rs	9	4	13	0.32592592592592595
src/libterm/win.rs	11	3	14	0.4978540772532189
src/test/ui/span/range-2.stderr	1	3	4	0.38461538461538464
src/libcoretest/num/flt2dec/strategy/grisu.rs	4	3	7	0.6666666666666666
src/test/ui/span/E0535.rs	0	3	3	0.625
src/test/run-make/crate-name-priority/foo.rs	0	3	3	0.625
src/test/codegen-units/cross-crate-trait-method.rs	2	3	5	0.4793388429752066
src/test/compile-fail/closure-wrong-kind.rs	3	3	6	0.46788990825688076
src/test/compile-fail/issue-26056.rs	4	3	7	0.4157303370786517
src/test/run-pass/deriving-via-extension-type-params.rs	14	4	18	0.51010101010101
src/test/compile-fail/issue-7663.rs	1	2	3	0.8918918918918919
src/rt/libuv/src/ev/mkinstalldirs	0	2	2	0.5
src/test/debug-info/lexical-scope-in-managed-closure.rs	3	1	4	0.9365079365079365
src/libcore/intrinsics.rs	56	4	60	0.4679155041849342
src/test/run-pass/variant-attributes.rs	13	4	17	0.3756906077348066
src/test/auxiliary/rustdoc-impl-parts-crosscrate.rs	3	3	6	0.47058823529411764
src/test/run-pass/match-vec-rvalue.rs	13	3	16	0.5167464114832536
src/test/run-pass/task-stderr.rs	16	3	19	0.3784355179704017
src/doc/trpl/if.md	9	4	13	0.45098039215686275
src/test/run-pass/issue-8498.rs	11	3	14	0.6044776119402985
src/test/parse-fail/use-ends-with-mod-sep.rs	6	3	9	0.5135135135135135
LICENSE-APACHE	0	5	5	0.3333333333333333
src/test/compile-fail/missing-return2.rs	0	10	10	0.23076923076923078
src/test/run-pass/issue-6128.rs	9	3	12	0.5
src/test/compile-fail/struct-path-associated-type.rs	2	4	6	0.5686274509803921
src/test/bench/shootout/shootout-spectralnorm.rs	0	2	2	0.8888888888888888
src/test/compile-fail/borrowck/borrowck-let-suggestion.rs	7	3	10	0.4968152866242038
src/test/compile-fail/auxiliary/import_crate_var.rs	2	3	5	0.5
src/test/compile-fail/coherence-cow-1.rs	5	3	8	0.6511627906976745
src/test/run-pass/alt-join.rs	8	5	13	0.25806451612903225
src/test/bench/shootout-k-nucleotide.rs	42	3	45	0.4857864813644978
src/test/compile-fail/non-copyable-void.rs	20	2	22	0.6084656084656085
src/test/run-fail/fn-constraint.rs	3	6	9	0.21739130434782608
src/test/compile-fail/anon-obj-overloading-wrong-type.rs	0	4	4	0.4
src/librustc_mir/build/block.rs	10	4	14	0.508695652173913
src/libcore/rt/logging.rs	0	3	3	0.5625
src/test/auxiliary/crateresolve7-1.rs	0	2	2	0.6666666666666666
src/test/bench/shootout-fannkuch-redux.rs	28	3	31	0.4620034542314335
src/librustc_mir/transform/dump_mir.rs	8	5	13	0.5273972602739726
src/rt/libuv/src/eio/configure.ac	0	3	3	0.3333333333333333
src/test/run-pass/type-macros-simple.rs	9	3	12	0.5
src/rt/libuv/ev/README	0	2	2	0.5
src/test/run-fail/assert-macro-static.rs	6	2	8	0.5517241379310345
src/test/run-pass/pub-use-xcrate.rs	9	4	13	0.5272727272727272
src/test/compile-fail/struct-pattern-match-useless.rs	3	2	5	0.7857142857142857
src/test/compile-fail/borrowck-pat-reassign-binding.rs	12	4	16	0.6458333333333334
src/test/run-pass/issue-18353.rs	3	3	6	0.6493506493506493
src/test/run-pass/specialization-out-of-order.rs	0	1	1	1.0
src/test/compile-fail/auxiliary/stability_cfg1.rs	0	1	1	1.0
src/rt/libuv/src/eio/config_linux.h	0	3	3	0.3333333333333333
src/test/run-pass/mutable-vec-drop.rs	11	4	15	0.6842105263157895
src/test/run-pass/enum-univariant-repr.rs	3	3	6	0.6122448979591837
src/test/run-fail/unwind-misc-1.rs	17	2	19	0.7590027700831025
src/test/rustdoc/variadic.rs	0	4	4	0.6875
src/test/auxiliary/macro-include-items-expr.rs	3	4	7	0.3333333333333333
src/librustc_metadata/diagnostics.rs	9	5	14	0.44314868804664725
src/test/run-make/lto-syntax-extension/lib.rs	2	3	5	0.7325581395348837
src/test/run-pass/unique-assign-generic.rs	15	3	18	0.5590277777777778
src/test/compile-fail/issue-30715.rs	6	4	10	0.6047904191616766
src/test/compile-fail/cast-to-unsized-trait-object-suggestion.rs	4	3	7	0.6792452830188679
src/comp/back/link.rs	15	7	22	0.33658536585365856
src/libsync/future.rs	5	1	6	0.9083333333333333
src/test/run-pass/issue-954.rs	0	1	1	1.0
src/test/run-pass/associated-types-resolve-lifetime.rs	7	3	10	0.5337837837837838
src/test/run-pass/explicit-self-objects-ext-2.rs	5	4	9	0.5918367346938775
src/test/compile-fail/issue-22673.rs	5	3	8	0.6833333333333333
src/test/run-make/graphviz-flowgraph/f23.rs	6	2	8	0.6338028169014085
src/test/compile-fail/hrtb-higher-ranker-supertraits.rs	6	4	10	0.5256410256410257
src/test/compile-fail/attr-before-let.rs	8	4	12	0.3013698630136986
src/test/compile-fail-fulldeps/rustc-macro/derive-still-gated.rs	4	4	8	0.5694444444444444
src/libsync/mutex.rs	6	3	9	0.7152317880794702
src/librustsyntax/ext/include.rs	0	2	2	0.6666666666666666
src/libcore/private/at_exit.rs	2	3	5	0.6875
src/test/debug-info/option-like-enum.rs	11	1	12	0.8988095238095238
src/test/compile-fail/E0034.rs	2	4	6	0.43564356435643564
src/test/debug-info/packed-struct-with-destructor.rs	10	1	11	0.920863309352518
src/test/compile-fail/dead-code-closure-bang.rs	6	3	9	0.46116504854368934
src/libextra/semver.rs	17	1	18	0.8377192982456141
src/test/run-pass-fulldeps/auxiliary/llvm_pass_plugin.rs	0	1	1	1.0
src/test/rustdoc/auxiliary/reexp_stripped.rs	0	3	3	0.5
src/libsync/comm.rs	4	1	5	0.9274193548387096
src/test/compile-fail/gated-phase.rs	2	2	4	0.8867924528301887
src/librustc_trans/trans/meth.rs	41	4	45	0.419234360410831
src/test/rustdoc/inline_cross/aux/rustdoc-nonreachable-impls.rs	0	1	1	1.0
src/test/run-pass/class-attributes-1.rs	16	3	19	0.5614973262032086
src/test/run-pass/where-for-self.rs	8	3	11	0.3626373626373626
src/libcore/prelude/v1.rs	4	4	8	0.6239316239316239
src/test/compile-fail/borrowck-closures-unique-imm.rs	9	3	12	0.41420118343195267
src/librustc_borrowck/borrowck/fragments.rs	29	4	33	0.4623069936421435
src/test/compile-fail/unused-mut-variables.rs	0	3	3	0.7894736842105263
src/test/compile-fail/asm-in-bad-modifier.rs	16	3	19	0.5054545454545455
src/test/compile-fail/wf-trait-default-fn-ret.rs	4	2	6	0.7666666666666667
src/etc/combine-tests.py	23	2	25	0.6729323308270677
src/rustllvm/RustWrapper.cpp	66	4	70	0.6015581524763495
src/boot/be/il.ml	0	4	4	0.8421052631578947
src/test/run-pass/extern-stress.rs	17	4	21	0.5812182741116751
src/test/compile-fail/match-arm-statics.rs	3	2	5	0.684931506849315
src/test/run-pass/linkage1.rs	12	5	17	0.4954545454545455
src/test/compile-fail/no-self-dispatch.rs	0	5	5	0.375
src/test/run-pass/integer-literal-suffix-inference.rs	7	4	11	0.46153846153846156
src/test/compile-fail/object-lifetime-default-elision.rs	5	3	8	0.44047619047619047
src/test/run-pass/aux/explicit_self_xcrate.rs	0	1	1	1.0
src/test/run-pass/shift-near-oflo.rs	5	4	9	0.43636363636363634
src/test/run-pass/match-range-static.rs	6	3	9	0.5679012345679012
src/libstd/unstable/exchange_alloc.rs	3	2	5	0.7857142857142857
src/test/run-pass/attr-main-2.rs	11	4	15	0.3537117903930131
src/test/compile-fail/removed-syntax-mut-vec-ty.rs	9	3	12	0.4322033898305085
src/test/run-make/allow-non-lint-warnings-cmdline/foo.rs	4	3	7	0.3829787234042553
src/rt/jemalloc/src/rtree.c	0	5	5	0.7777777777777778
src/test/rustdoc/inline_cross/auxiliary/rustdoc-trait-object-impl.rs	0	4	4	0.6
src/test/compile-fail/associated-types-no-suitable-supertrait-2.rs	7	3	10	0.4077669902912621
src/test/run-pass/opeq.rs	12	4	16	0.5606060606060606
src/test/compile-fail/kindck-send.rs	3	3	6	0.8173913043478261
src/librustc_trans/declare.rs	12	6	18	0.45132743362831856
src/doc/trpl/getting-started.md	6	3	9	0.5628415300546448
src/test/compile-fail-fulldeps/proc-macro/expand-to-unstable-2.rs	0	3	3	0.3333333333333333
.mailmap	8	4	12	0.5609756097560976
src/test/run-pass/issue-18188.rs	9	3	12	0.397196261682243
src/test/run-pass/unique-copy-box.rs	12	2	14	0.7284768211920529
src/test/run-fail/overflowing-lsh-2.rs	14	5	19	0.3462897526501767
src/test/run-pass/issue-9188.rs	7	3	10	0.5
src/test/compile-fail/import-from-rename.rs	8	4	12	0.45714285714285713
src/test/run-pass/issue-20847.rs	2	3	5	0.5892857142857143
src/test/parse-fail/match-arrows-block-then-binop.rs	6	3	9	0.5333333333333333
src/test/compile-fail-fulldeps/rustc-macro/attribute.rs	4	4	8	0.5694444444444444
src/test/run-make/stable-symbol-names/Makefile	4	5	9	0.40860215053763443
src/doc/tarpl/casts.md	0	3	3	0.6851851851851852
src/librustuv/file.rs	9	2	11	0.8269230769230769
src/llvmext/include/llvm-c/Object.h	0	3	3	0.3333333333333333
src/test/run-make/compiler-lookup-paths/Makefile	5	3	8	0.41509433962264153
src/test/run-make/empty-file/empty.rs	1	3	4	0.7090909090909091
src/test/run-pass/block-expr-precedence.rs	12	3	15	0.36496350364963503
src/test/compile-fail/bad-env-capture2.rs	10	3	13	0.5476190476190477
src/test/compile-fail/issue-30255.rs	1	4	5	0.4888888888888889
src/test/run-pass/const-bitshift-rhs-inference.rs	2	4	6	0.6129032258064516
src/test/parse-fail/issue-1802-2.rs	3	4	7	0.4
src/test/compile-fail/issue-21659-show-relevant-trait-impls-3.rs	2	3	5	0.7567567567567568
src/test/compile-fail/issue-18345.rs	5	2	7	0.7767857142857143
src/libcoretest/any.rs	13	3	16	0.4016393442622951
src/test/compile-fail/bad-var-env-capture-in-block-arg.rs	3	5	8	0.2727272727272727
src/librustc/util/num.rs	3	3	6	0.5384615384615384
src/test/debuginfo/struct-in-struct.rs	10	3	13	0.47619047619047616
src/test/compile-fail/deriving-span-TotalOrd-struct.rs	7	2	9	0.7631578947368421
src/test/run-pass/deref-mut-on-ref.rs	5	3	8	0.4394904458598726
src/librustpkg/testsuite/fail/no-inferred-crates/zzyzx.rs	0	3	3	0.8235294117647058
src/librustc_passes/loops.rs	9	6	15	0.40988372093023256
src/libstd/rt/uvll.rs	1	3	4	0.5
src/test/run-pass/impl-trait/example-st.rs	3	4	7	0.32710280373831774
src/lib/Box.rs	0	2	2	0.5
src/test/run-pass/vec-macro-with-brackets.rs	8	3	11	0.5039370078740157
src/test/run-pass/issue-2804.rs	33	2	35	0.6135135135135135
src/rt/rust_cc.h	0	4	4	0.4
src/test/compile-fail/aux/use_from_trait_xc.rs	0	1	1	1.0
src/test/run-pass/aux/cci_capture_clause.rs	0	1	1	1.0
src/test/compile-fail/no_send-struct.rs	12	3	15	0.532608695652174
src/rt/sync/lock_and_signal.h	6	5	11	0.37777777777777777
src/rt/libuv/src/win/util.c	0	2	2	0.8
src/test/parse-fail/keyword-super-as-identifier.rs	7	4	11	0.5040650406504065
src/test/compile-fail/liveness-issue-2163.rs	13	4	17	0.54
src/test/compile-fail/issue-22897.rs	2	4	6	0.6451612903225806
src/test/compile-fail/out-of-order-shadowing.rs	0	2	2	0.8571428571428571
src/test/run-pass/bind-field-short-with-modifiers.rs	4	3	7	0.35344827586206895
src/test/compile-fail/regions-in-type-items.rs	4	5	9	0.4791666666666667
src/test/auxiliary/issue-17718-const-privacy.rs	1	3	4	0.47619047619047616
src/test/compile-fail/deriving-span-Clone-enum.rs	5	3	8	0.75
src/librustpkg/testsuite/pass/simple-lib/bar.rs	0	3	3	0.7777777777777778
src/librustc/traits/coherence.rs	10	6	16	0.4015748031496063
src/test/compile-fail/occurs-check-2.rs	9	4	13	0.504
src/libsyntax_ext/deriving/debug.rs	12	4	16	0.4460227272727273
src/test/compile-fail/reflect.rs	5	4	9	0.34951456310679613
src/test/auxiliary/typeid-intrinsic-aux2.rs	2	3	5	0.38095238095238093
mk/cfg/mips64-unknown-linux-gnuabi64.mk	3	3	6	0.4888888888888889
src/test/run-pass/issue-28189.rs	1	2	3	0.8333333333333334
src/test/auxiliary/allocator1.rs	3	3	6	0.5789473684210527
src/test/compile-fail/wf-struct-field.rs	1	2	3	0.8571428571428571
src/librustc/middle/borrowck/gather_loans.rs	11	4	15	0.5935483870967742
src/test/compile-fail/coherence_copy_like_err_fundamental_struct.rs	3	3	6	0.37037037037037035
src/test/run-pass/regions-early-bound-lifetime-in-assoc-fn.rs	5	4	9	0.29605263157894735
src/test/run-pass/typeck-fn-to-unsafe-fn-ptr.rs	2	4	6	0.5384615384615384
src/test/compile-fail/aux/issue-21221-3.rs	0	1	1	1.0
src/test/run-pass/issue-7712.rs	5	1	6	0.9090909090909091
src/test/run-pass/no-std-xcrate2.rs	6	3	9	0.6683417085427136
src/test/compile-fail/borrowck-lend-flow-match.rs	12	3	15	0.6750902527075813
src/test/run-pass-fulldeps/proc-macro/auxiliary/derive-a.rs	0	3	3	0.3333333333333333
src/test/run-pass/use-trait-before-def.rs	7	3	10	0.3870967741935484
src/test/compile-fail/borrowck-assign-to-constants.rs	11	3	14	0.6548672566371682
src/test/debuginfo/destructured-fn-argument.rs	13	4	17	0.45808383233532934
src/test/run-pass/fn-bare-anon.rs	0	4	4	0.4
src/test/compile-fail/not-panic-safe-4.rs	4	4	8	0.697841726618705
src/test/compile-fail/const-err-early.rs	7	5	12	0.3641025641025641
src/test/run-pass/union/union-drop-assign.rs	2	3	5	0.5238095238095238
.travis.yml	17	4	21	0.6268041237113402
src/doc/trpl/macros.md	24	4	28	0.41184971098265893
src/librustc/util/ppaux.rs	87	3	90	0.5528190514960309
src/rustc/middle/trans/monomorphize.rs	2	7	9	0.2549019607843137
src/test/run-pass/issue-6344-let.rs	7	3	10	0.774869109947644
src/test/compile-fail/lint-non-camel-case-types.rs	13	3	16	0.6028708133971292
src/libcore/num/flt2dec/strategy/grisu.rs	10	4	14	0.645021645021645
src/test/run-pass/unsafe-fn-called-from-unsafe-blk.rs	5	5	10	0.4153846153846154
src/test/compile-fail/keyword-override.rs	4	3	7	0.5636363636363636
src/librustc/mir/traversal.rs	6	4	10	0.49019607843137253
src/test/run-pass/uninit-empty-types.rs	7	2	9	0.43410852713178294
src/test/compile-fail/variance-regions-unused-direct.rs	2	3	5	0.48148148148148145
src/test/run-make/c-link-to-rust-staticlib/foo.rs	4	1	5	0.8947368421052632
src/doc/book/advanced-linking.md	2	5	7	0.5866666666666667
src/librustc/middle/typeck/check/method.rs	50	2	52	0.7246943765281174
src/test/run-pass/issue-2192.rs	0	1	1	1.0
src/test/codegen/consts.rs	5	6	11	0.5163398692810458
src/test/codegen/static-method-call.cc	3	2	5	0.6744186046511628
src/test/run-pass/output-slot-variants.rs	14	4	18	0.47345132743362833
src/libstd/sys/common/condvar.rs	10	5	15	0.44
src/libstd/time.rs	29	4	33	0.4186046511627907
src/test/pretty/issue-953.rs	0	1	1	1.0
src/test/compile-fail/regions-addr-of-self.rs	17	3	20	0.5043478260869565
src/test/run-pass/auxiliary/reachable-unnameable-items.rs	0	2	2	0.6666666666666666
src/test/pretty/empty-impl.pp	4	2	6	0.6619718309859155
src/test/compile-fail/multiline-comment-line-tracking.rs	6	4	10	0.41818181818181815
src/test/debuginfo/constant-debug-locs.rs	11	4	15	0.47058823529411764
src/test/parse-fail/doc-before-semi.rs	9	3	12	0.43478260869565216
src/test/run-pass/unique-decl.rs	9	3	12	0.48292682926829267
src/libsyntax/ext/tt/macro_parser.rs	75	3	78	0.5366795366795367
src/test/pretty/vec-comments.pp	9	2	11	0.6986301369863014
src/test/compile-fail/issue-27842.rs	1	4	5	0.5476190476190477
src/test/compile-fail/binop-consume-args.rs	4	2	6	0.6771653543307087
src/test/run-pass/mod-inside-fn.rs	9	3	12	0.31496062992125984
src/librustc_back/target/sunos_base.rs	0	1	1	1.0
src/test/incremental/struct_remove_field.rs	3	4	7	0.4725274725274725
src/bootstrap/README.md	3	5	8	0.4888888888888889
src/test/run-pass/issue-23968-const-not-overflow.rs	2	2	4	0.6756756756756757
src/libstd/rt.rs	9	6	15	0.533816425120773
src/test/auxiliary/changing-crates-a1.rs	4	3	7	0.5754716981132075
src/test/rustdoc/issue-20727-3.rs	4	3	7	0.4642857142857143
src/test/debuginfo/unreachable-locals.rs	8	3	11	0.38562091503267976
src/test/run-make/extra-filename-with-temp-outputs/foo.rs	1	2	3	0.8571428571428571
src/test/run-pass/fn-assign-managed-to-bare-1.rs	5	2	7	0.7692307692307693
src/test/compile-fail/impl-trait/lifetimes.rs	1	3	4	0.3870967741935484
src/test/run-pass/issue-11225-3.rs	2	3	5	0.6875
src/test/run-pass/fn-bare-spawn.rs	15	4	19	0.41237113402061853
src/libsync/mpmc_bounded_queue.rs	5	2	7	0.5747126436781609
src/doc/book/getting-started.md	28	4	32	0.4954128440366973
src/test/compile-fail/moves-based-on-type-access-to-field.rs	15	2	17	0.704
src/rt/arch/i386/context.cpp	3	4	7	0.6060606060606061
src/libextra/task_pool.rs	14	1	15	0.7991071428571429
src/test/compile-fail/malformed_macro_lhs.rs	3	4	7	0.5730337078651685
src/doc/po/ja/complement-lang-faq.md.po	2	2	4	0.8947368421052632
src/doc/book/using-rust-without-the-standard-library.md	5	3	8	0.64
src/test/pretty/issue-31073.pp	2	3	5	0.7
src/rt/jemalloc/include/jemalloc/internal/stats.h	3	2	5	0.8
src/test/compile-fail/keyword-mut-as-identifier.rs	2	3	5	0.5306122448979592
doc/po/ja/tutorial-ffi.md.po	5	1	6	0.8823529411764706
src/test/run-pass/issue-35423.rs	2	3	5	0.5166666666666667
src/test/codegen-units/item-collection/unsizing.rs	5	5	10	0.4740740740740741
src/comp/syntax/ext/simplext.rs	10	6	16	0.2376237623762376
src/test/compile-fail/issue-14254.rs	9	4	13	0.5089820359281437
src/test/run-make/symlinked-libraries/foo.rs	0	4	4	0.8333333333333334
src/test/compile-fail/hidden-rt-injection.rs	0	4	4	0.8421052631578947
src/test/run-pass/aux/pub_use_xcrate1.rs	0	1	1	1.0
src/test/rustdoc/inline_cross/auxiliary/rustdoc-hidden.rs	0	4	4	0.6
src/rt/rust_proxy.cpp	0	2	2	0.5
src/test/run-pass/union/union-overwrite.rs	3	3	6	0.5116279069767442
src/test/run-pass/monad.rs	29	3	32	0.5735735735735735
src/test/compile-fail/builtin-superkinds-self-type.rs	15	2	17	0.6187683284457478
mk/libuv/x86_64/unix/linux/src/libuv/run-benchmarks.target.mk	0	4	4	0.6363636363636364
src/test/run-pass/issue-3461.rs	5	4	9	0.6923076923076923
src/test/rustdoc/issue-16265-1.rs	2	3	5	0.4782608695652174
src/test/run-pass/issue-21520.rs	5	3	8	0.5211267605633803
src/rustc/std_shim/lib.rs	3	4	7	0.5952380952380952
src/test/compile-fail/issue-24013.rs	6	2	8	0.7169811320754716
src/rt/jemalloc/test/thread_tcache_enabled.exp	0	5	5	0.7777777777777778
src/test/run-make/prefer-dylib/foo.rs	2	2	4	0.8787878787878788
src/test/parse-fail/extern-expected-fn-or-brace.rs	5	3	8	0.5373134328358209
src/test/run-pass/uniq-cc-generic.rs	19	1	20	0.7705479452054794
src/test/compile-fail/macro-crate-nonterminal-non-root.rs	4	3	7	0.5853658536585366
src/test/run-pass/cond-macro.rs	4	1	5	0.9038461538461539
src/librustc_metadata/lib.rs	19	5	24	0.5137481910274964
src/test/compile-fail/private-struct-field.rs	13	1	14	0.7471264367816092
src/test/run-pass/issue-3052.rs	10	3	13	0.38392857142857145
src/test/run-pass/issue-21245.rs	5	3	8	0.40860215053763443
src/test/run-pass-fulldeps/aux/llvm_pass_plugin.rs	0	1	1	1.0
src/test/compile-fail/issue-22468.rs	3	3	6	0.75
src/libtest/lib.rs	79	4	83	0.4945472990109054
src/test/run-pass/trait-inheritance-num2.rs	17	3	20	0.5915492957746479
src/test/run-fail/match-bot-panic.rs	5	5	10	0.3854166666666667
src/test/compile-fail/borrowck-wg-move-base-2.rs	3	2	5	0.803921568627451
src/test/compile-fail/lint-removed-cmdline.rs	2	3	5	0.7647058823529411
src/test/compile-fail/check-static-immutable-mut-slices.rs	6	3	9	0.44805194805194803
src/librustpkg/digest.rs	0	1	1	1.0
src/librustc/middle/typeck/infer/glb.rs	25	2	27	0.719260065288357
src/test/run-pass-fulldeps/issue-16822.rs	4	3	7	0.5138888888888888
src/rt/libuv/src/unix/ev/Makefile.in	0	1	1	1.0
src/doc/guide.md	71	3	74	0.48314606741573035
src/librustc_back/target/armv7_unknown_linux_gnueabihf.rs	12	5	17	0.5157593123209169
src/test/run-pass/aux/issue-2414-b.rs	0	1	1	1.0
src/test/run-pass/issue-18661.rs	8	3	11	0.4406779661016949
src/test/compile-fail/pattern-tyvar-2.rs	15	4	19	0.5990783410138248
src/test/parse-fail/range-4.rs	6	3	9	0.5402298850574713
src/test/compile-fail/fn-variance-2.rs	4	3	7	0.7543859649122807
src/test/compile-fail/hashmap-lifetimes.rs	6	2	8	0.5304347826086957
src/test/compile-fail/issue-14182.rs	6	3	9	0.6124031007751938
src/librustc_back/target/bitrig_base.rs	6	4	10	0.5415162454873647
src/test/run-pass/builtin-superkinds-self-type.rs	10	3	13	0.5149253731343284
src/test/compile-fail/panic-runtime/auxiliary/runtime-depending-on-panic-runtime.rs	1	4	5	0.5405405405405406
src/test/compile-fail/traits-inductive-overflow-simultaneous.rs	5	5	10	0.5068493150684932
src/test/compile-fail/E0116.rs	3	5	8	0.46296296296296297
src/test/compile-fail/extfmt-non-literal2.rs	10	3	13	0.46938775510204084
src/librustc/metadata/common.rs	37	3	40	0.5909369259032455
src/librustpkg/testsuite/pass/src/install-paths/bench.rs	4	1	5	0.9047619047619048
src/test/run-pass/const-struct.rs	16	3	19	0.5899581589958159
src/test/compile-fail/phase-syntax-doesnt-resolve.rs	5	1	6	0.9032258064516129
src/librbml/opaque.rs	9	5	14	0.4690265486725664
src/libstd/io/native/stdio.rs	0	2	2	0.8888888888888888
src/test/compile-fail/lex-hex-float-lit.rs	3	1	4	0.9210526315789473
src/librustc_front/Cargo.toml	2	3	5	0.4742268041237113
src/librustc/mir/mod.rs	0	5	5	0.5
src/test/debug-info/managed-pointer-within-unique-vec.rs	11	1	12	0.9182389937106918
src/test/run-pass/borrowed-ptr-pattern.rs	12	3	15	0.4970414201183432
src/libstd/io/timer.rs	19	2	21	0.5831024930747922
src/etc/platform-intrinsics/x86/sse42.json	6	3	9	0.5945945945945946
src/test/run-make/duplicate-output-flavors/Makefile	3	3	6	0.5373134328358209
src/libstd/sys/unix/mod.rs	38	4	42	0.4248141795311607
src/test/stdtest/test.rs	5	5	10	0.5161290322580645
src/test/compile-fail-fulldeps/macro-crate-unknown-crate.rs	5	3	8	0.4925373134328358
src/rt/hoedown	7	2	9	0.7636363636363637
src/test/parse-fail/doc-before-identifier.rs	2	2	4	0.6818181818181818
src/test/run-pass/regions-debruijn-of-object.rs	7	3	10	0.55
src/test/run-pass/anon-obj-overriding-reduced.rs	0	4	4	0.3333333333333333
src/rt/libuv/src/win/error.c	0	2	2	0.6666666666666666
src/test/compile-fail/borrowck-uniq-via-ref.rs	6	4	10	0.49230769230769234
src/test/run-pass/method-self-arg-aux1.rs	7	3	10	0.39705882352941174
src/libsyntax/ext/tt/earley_parser.rs	4	6	10	0.375
src/test/compile-fail/regions-close-object-into-object-4.rs	5	3	8	0.47761194029850745
src/test/run-pass/fn-pattern-expected-type.rs	11	3	14	0.35864978902953587
src/libcollectionstest/linked_list.rs	10	3	13	0.5636363636363636
src/libstd/fmt/rt.rs	4	2	6	0.8695652173913043
src/test/compile-fail/liveness-while-break.rs	8	2	10	0.7592592592592593
src/librustc/hir/lowering.rs	18	6	24	0.40674603174603174
src/test/compile-fail/issue-2766-a.rs	8	4	12	0.5714285714285714
src/librustc_trans/cabi_powerpc64.rs	6	4	10	0.5042735042735043
src/librustdoc/html/static/SourceCodePro-Semibold.woff	0	4	4	0.8421052631578947
src/libstd/rt/uv/signal.rs	1	2	3	0.8333333333333334
src/test/compile-fail-fulldeps/proc-macro/feature-gate-4.rs	0	3	3	0.3333333333333333
src/test/compile-fail/regions-bound-missing-bound-in-impl.rs	9	4	13	0.38205980066445183
src/test/compile-fail/borrowck-if-with-else.rs	9	3	12	0.6785714285714286
src/test/run-pass/issue-5353.rs	8	2	10	0.7115384615384616
src/test/run-pass/generic-tup.rs	16	3	19	0.6956521739130435
src/test/run-pass/conditional-compile.rs	28	4	32	0.5067567567567568
src/test/auxiliary/coherence_orphan_lib.rs	4	3	7	0.4111111111111111
mk/cfg/x86_64-unknown-netbsd.mk	8	4	12	0.5096153846153846
src/test/compile-fail/issue-21837.rs	3	4	7	0.4883720930232558
src/test/run-make/graphviz-flowgraph/f00.rs	0	3	3	0.8461538461538461
src/test/run-pass/regions-infer-contravariance.rs	4	3	7	0.5909090909090909
src/test/compile-fail/issue-5997-enum.rs	8	3	11	0.6542056074766355
src/test/compile-fail/borrowck-autoref-3261.rs	19	2	21	0.5771428571428572
src/rt/libuv/src/unix/eio/config_openbsd.h	0	2	2	0.75
src/test/run-pass/trait-inheritance-static2.rs	10	3	13	0.4185022026431718
src/test/run-pass/log-degen-enum.rs	2	4	6	0.6190476190476191
src/lib/Sys.rs	0	1	1	1.0
src/test/bench/msgsend-ring-mutex-arcs.rs	44	3	47	0.5527714502657555
src/test/compile-fail/if-branch-types.rs	18	4	22	0.49327354260089684
src/rt/libuv/test/test-hrtime.c	0	3	3	0.6666666666666666
src/test/run-fail/issue-13202.rs	3	2	5	0.5
src/test/debug-info/lexical-scope-in-stack-closure.rs	8	1	9	0.9142857142857143
src/test/run-pass/classes-simple.rs	12	3	15	0.3622641509433962
src/libstd/std.rc	27	4	31	0.4555984555984556
src/test/compile-fail/unresolved-import.rs	15	5	20	0.622356495468278
src/test/run-pass-fulldeps/aux/issue_16723_multiple_items_syntax_ext.rs	0	1	1	1.0
src/test/run-pass/process-status-inherits-stdin.rs	5	3	8	0.39325842696629215
src/comp/driver/session.rs	10	7	17	0.2483221476510067
src/lib/int.rs	6	7	13	0.24242424242424243
src/test/run-pass/mir_early_return_scope.rs	2	4	6	0.43137254901960786
src/test/run-pass/issue-3290.rs	11	3	14	0.5091743119266054
src/test/compile-fail/where-clauses-unsatisfied.rs	9	4	13	0.5126582278481012
src/test/compile-fail/inner-static-type-parameter.rs	8	4	12	0.5144508670520231
src/test/run-pass/issue-29037.rs	1	2	3	0.8571428571428571
src/test/compile-fail/keyword-type-as-identifier.rs	2	3	5	0.3275862068965517
src/test/run-pass/union/union-drop.rs	2	3	5	0.5238095238095238
src/test/compile-fail/stmt_expr_attrs_no_feature.rs	5	4	9	0.4696969696969697
src/libcore/core.rc	34	4	38	0.43049932523616735
src/test/compile-fail/E0415.rs	1	3	4	0.6304347826086957
src/test/compile-fail/lint-unused-import-tricky-globs.rs	3	2	5	0.8985507246376812
src/test/run-fail/native-panic.rs	2	2	4	0.8
mk/cfg/powerpc64le-unknown-linux-gnu.mk	5	4	9	0.5263157894736842
src/test/compile-fail/typeck-unsafe-always-share.rs	19	3	22	0.5414201183431953
src/librustpkg/version.rs	20	1	21	0.8315217391304348
src/libstd/duration.rs	0	1	1	1.0
src/test/compile-fail/aux/inherited_stability.rs	0	1	1	1.0
src/librustc/middle/ty/contents.rs	9	3	12	0.6146341463414634
src/test/run-fail/issue-28934.rs	4	3	7	0.5394736842105263
src/test/compile-fail/parenthesized-box-expr-message.rs	3	3	6	0.5
src/test/run-make/sepcomp-inlining/foo.rs	2	2	4	0.7666666666666667
src/comp/middle/unsafeck.rs	0	2	2	0.5
src/libstd/sys/windows/backtrace.rs	17	4	21	0.4148681055155875
src/test/pretty/blank-lines.rs	13	3	16	0.39416058394160586
src/test/compile-fail/issue-20616-1.rs	3	4	7	0.6470588235294118
src/test/run-pass/nil-decl-in-foreign.rs	9	3	12	0.4074074074074074
src/test/compile-fail/issue-12470.rs	5	2	7	0.49019607843137253
src/librand/os.rs	3	2	5	0.872093023255814
src/compiletest/compiletest.rs	74	3	77	0.5091222030981067
src/test/compile-fail/vec-must-not-hide-type-from-dropck.rs	10	4	14	0.44081632653061226
src/liballoc/lib.rs	46	4	50	0.5163716814159292
src/rustc/middle/privacy.rs	1	4	5	0.3333333333333333
src/test/run-pass/self-impl.rs	8	3	11	0.4175824175824176
mk/libuv/arm/unix/android/src/libuv/run-benchmarks.target.mk	0	7	7	0.4375
src/test/compile-fail/marker-no-copy.rs	4	2	6	0.5747126436781609
src/libcore/u16.rs	0	5	5	0.5454545454545454
src/libnative/io/timer_windows.rs	1	2	3	0.6235294117647059
src/test/compile-fail/struct-like-enum-nonexhaustive.rs	10	2	12	0.648936170212766
src/test/compile-fail/type-parameter-defaults-referencing-Self-ppaux.rs	4	3	7	0.32653061224489793
src/test/run-pass/ranges-precedence.rs	10	3	13	0.4101796407185629
src/test/run-fail/assert-macro-fmt.rs	8	2	10	0.63
src/test/incremental/callee_caller_cross_crate/auxiliary/a.rs	2	3	5	0.5
src/test/run-pass/expr-match-generic.rs	8	3	11	0.5168067226890757
src/test/run-pass/cast-mutable-trait.rs	4	1	5	0.9245283018867925
src/test/compile-fail/reserved-f128.rs	0	2	2	0.6
src/test/parse-fail/bad-char-literals.rs	6	3	9	0.4411764705882353
src/rt/libuv/src/ares/ares_parse_mx_reply.c	0	4	4	0.5
src/test/compile-fail/variadic-ffi-4.rs	4	3	7	0.5645161290322581
src/librand/reader.rs	5	1	6	0.9148936170212766
src/libstd/sys/unix/ext/ffi.rs	3	6	9	0.308411214953271
src/test/run-pass/task-comm-7.rs	30	4	34	0.48014440433212996
src/rt/rust_dom.cpp	3	5	8	0.42
src/rt/arch/arm/record_sp.S	15	3	18	0.7361111111111112
src/test/compile-fail/pred-not-bool.rs	0	6	6	0.4444444444444444
src/test/compile-fail/slice-mut.rs	15	3	18	0.41208791208791207
src/test/run-pass/specialization/specialization-basics.rs	1	3	4	0.7777777777777778
src/libextra/net_tcp.rs	13	1	14	0.7835820895522388
src/test/compile-fail/issue-23305.rs	6	3	9	0.6352941176470588
src/test/compile-fail/reflect-assoc.rs	5	4	9	0.34951456310679613
src/libstd/oldmap.rs	11	3	14	0.6802721088435374
mk/libuv/x86_64/unix/linux/src/libuv/run-tests.target.mk	0	4	4	0.6363636363636364
src/test/compile-fail/move-fragments-8.rs	5	3	8	0.5054945054945055
src/tools/compiletest/src/runtest.rs	18	6	24	0.42538354253835425
src/test/compile-fail/oversized-array.rs	0	1	1	1.0
src/librustpkg/exit_codes.rs	1	2	3	0.9024390243902439
src/librustc_platform_intrinsics/lib.rs	8	3	11	0.6793103448275862
src/test/run-make/c-dynamic-dylib/bar.rs	2	2	4	0.8787878787878788
src/test/rustdoc/auxiliary/issue-27362.rs	0	2	2	0.6666666666666666
src/test/compile-fail/refutable-pattern-in-fn-arg.rs	14	3	17	0.43478260869565216
src/test/auxiliary/ambig_impl_2_lib.rs	11	4	15	0.42771084337349397
src/rt/util/array_list.h	4	6	10	0.28205128205128205
src/test/run-pass/issue-10683.rs	5	3	8	0.4228187919463087
src/test/compile-fail/derive-assoc-type-not-impl.rs	3	3	6	0.5
src/test/compile-fail/liveness-move-from-args.rs	4	6	10	0.44680851063829785
src/test/run-pass/method-recursive-blanket-impl.rs	5	3	8	0.5580110497237569
src/librustc_trans/back/archive.rs	16	3	19	0.5231958762886598
src/librustc_borrowck/borrowck/gather_loans/mod.rs	32	4	36	0.45534924845269675
src/test/run-fail/return-never-coerce.rs	2	3	5	0.6078431372549019
src/libstd/rt/io/timer.rs	9	1	10	0.86875
src/test/rustdoc/inline_cross/aux/rustdoc-trait-object-impl.rs	0	1	1	1.0
src/test/compile-fail/const-eval-span.rs	9	3	12	0.5672514619883041
src/test/parse-fail/attr-dangling-in-mod.rs	3	4	7	0.4117647058823529
src/test/run-pass/issue-18937-1.rs	1	2	3	0.6764705882352942
src/test/run-pass/derive-no-std.rs	8	4	12	0.5188284518828452
src/librustc_trans/debuginfo/doc.rs	0	1	1	1.0
src/test/bench/99bob-pattern.rs	3	5	8	0.3181818181818182
src/test/compile-fail/import-crate-var.rs	3	3	6	0.5909090909090909
src/test/run-make/compiler-lookup-paths/c.rs	4	3	7	0.5333333333333333
src/test/run-pass/default_ty_param_struct.rs	2	3	5	0.7441860465116279
src/test/run-pass/visible-private-types-feature-gate.rs	10	3	13	0.46258503401360546
src/test/compile-fail/require-parens-for-chained-comparison.rs	7	4	11	0.4253731343283582
src/test/run-make/ls-metadata/Makefile	3	1	4	0.896551724137931
src/test/compile-fail/lint-raw-ptr-deriving.rs	5	3	8	0.49473684210526314
src/test/compile-fail/issue-32829.rs	1	6	7	0.5
src/doc/trpl/plugins.md	8	3	11	0.3682983682983683
src/test/run-pass/mod_dir_path2.rs	11	4	15	0.4473684210526316
src/test/compile-fail/break-uninit.rs	0	9	9	0.17647058823529413
src/test/compile-fail/retslot-cast.rs	5	3	8	0.42201834862385323
src/librustc_mir/transform/instcombine.rs	5	6	11	0.5178571428571429
src/rt/libuv/include/uv-private/uv-win.h	0	2	2	0.6666666666666666
src/test/compile-fail/issue-3080.rs	8	2	10	0.7222222222222222
src/test/compile-fail/regions-creating-enums3.rs	12	3	15	0.5673076923076923
src/lib/sort.rs	4	7	11	0.23255813953488372
src/test/compile-fail/alt-vec-illegal-tail-loan.rs	0	4	4	0.5
src/test/compile-fail/issue-21332.rs	8	4	12	0.5982905982905983
src/test/run-pass/trait-inheritance-call-bound-inherited2.rs	10	3	13	0.4329268292682927
src/test/compile-fail/issue-16966.rs	5	2	7	0.6896551724137931
src/etc/pkg/rust.nsi	0	3	3	0.4
src/test/compile-fail/E0493.rs	3	4	7	0.45901639344262296
src/bootstrap/build/native.rs	9	3	12	0.5416666666666666
src/test/auxiliary/crateresolve5-2.rs	14	3	17	0.6920152091254753
src/libcore/rt/io/flate.rs	2	2	4	0.8095238095238095
src/test/run-pass/issue-29485.rs	4	4	8	0.4117647058823529
src/test/run-pass/const-adt-align-mismatch.rs	5	3	8	0.5196078431372549
src/test/run-pass/augmented-assignments-feature-gate.rs	0	4	4	0.5
src/test/run-make/many-crates-but-no-match/crateC.rs	0	3	3	0.8333333333333334
src/librustc/back/write.rs	11	3	14	0.45936395759717313
src/librustc/middle/typeck/check/wf.rs	7	4	11	0.5268817204301075
src/test/compile-fail/issue-13853.rs	9	4	13	0.42424242424242425
src/test/run-pass/trait-inheritance-call-bound-inherited.rs	10	3	13	0.42138364779874216
src/test/compile-fail/issue-36708.rs	4	4	8	0.4444444444444444
src/test/auxiliary/lint_stability_fields.rs	7	3	10	0.5522388059701493
src/test/run-pass/can-copy-pod.rs	7	3	10	0.5555555555555556
src/test/compile-fail/unique-swap2.rs	0	2	2	0.5
src/test/compile-fail/use-after-move.rs	0	7	7	0.3
src/test/run-fail/match-disc-bot.rs	5	5	10	0.4563758389261745
src/test/run-pass/crateresolve1.rs	10	1	11	0.7906976744186046
src/test/compile-fail/issue-13847.rs	1	3	4	0.6481481481481481
src/test/compile-fail/issue-11873.rs	11	3	14	0.39344262295081966
src/test/run-pass/hrtb-trait-object-paren-notation.rs	10	4	14	0.34810126582278483
src/test/run-pass/issue-19404.rs	7	4	11	0.40816326530612246
src/libsyntax_ext/deriving/default.rs	8	5	13	0.3604060913705584
src/test/run-make/alloc-extern-crates/fakealloc.rs	5	4	9	0.6
src/test/compile-fail/regions-steal-closure.rs	20	3	23	0.4327731092436975
src/test/run-pass/issue-5550.rs	8	3	11	0.6095238095238096
src/test/compile-fail/derive-no-std-not-supported.rs	4	4	8	0.5052631578947369
src/test/run-pass/issue-23336.rs	3	3	6	0.59375
src/test/compile-fail/mutable-arguments.rs	5	4	9	0.6176470588235294
src/rt/rust_unwind.h	6	4	10	0.25
src/librustc_trans/debuginfo/gdb.rs	6	5	11	0.5283018867924528
src/libsyntax/parse/common.rs	31	4	35	0.540447504302926
src/librustsyntax/parse/lexer.rs	4	4	8	0.375
src/libextra/io_util.rs	8	1	9	0.8088235294117647
src/libsyntax_ext/deriving/cmp/ord.rs	9	6	15	0.4344569288389513
src/test/compile-fail/trait-impl-different-num-params.rs	11	2	13	0.7532467532467533
src/rt/libuv/test/test-get-currentexe.c	0	4	4	0.5714285714285714
src/test/compile-fail/foreign-unsafe-fn-called.rs	9	2	11	0.7205882352941176
src/libcore/failure.rs	8	2	10	0.7877697841726619
src/test/run-make/json-errors/Makefile	7	3	10	0.5267489711934157
src/test/compile-fail/bogus-tag.rs	15	3	18	0.6541353383458647
src/test/run-pass-fulldeps/linkage-visibility.rs	2	3	5	0.359375
src/test/compile-fail/match-join.rs	7	2	9	0.7333333333333333
src/etc/platform-intrinsics/x86/avx.json	7	3	10	0.6642335766423357
src/test/run-make/rustdoc-extern-method/foo.rs	2	3	5	0.4387755102040816
src/test/ui/compare-method/region-unrelated.stderr	0	3	3	0.6388888888888888
src/test/run-pass/syntax-extension-fmt-istr.rs	0	1	1	1.0
src/test/run-pass/iter-count.rs	12	2	14	0.5238095238095238
src/test/compile-fail/missing-derivable-attr.rs	7	3	10	0.7311827956989247
src/test/compile-fail/type-parameters-in-field-exprs.rs	5	3	8	0.38666666666666666
src/librustc_incremental/lib.rs	14	4	18	0.4482758620689655
src/test/compile-fail/issue-23729.rs	7	4	11	0.36231884057971014
src/test/compile-fail/check-static-values-constraints.rs	14	3	17	0.6203473945409429
src/test/run-pass/trait-static-method-overwriting.rs	12	5	17	0.5977653631284916
casts.md	0	1	1	1.0
mk/llvm.mk	30	4	34	0.6028169014084507
src/test/run-pass/deriving-global.rs	18	3	21	0.5441176470588235
src/test/run-pass/union-drop.rs	0	1	1	1.0
src/test/compile-fail/private-method.rs	16	3	19	0.48148148148148145
src/test/run-pass/match-pattern-bindings.rs	6	3	9	0.4523809523809524
src/libstd/serialization.rs	10	7	17	0.23076923076923078
src/test/compile-fail/macro-stmt-matchers.rs	4	3	7	0.5757575757575758
src/rt/uthash/uthash.h	0	3	3	0.3333333333333333
src/libsync/mpsc_queue.rs	5	3	8	0.5527638190954773
src/test/compile-fail/regions-fns.rs	7	4	11	0.4056603773584906
src/test/run-pass/aux/sepcomp_lib.rs	0	1	1	1.0
src/test/compile-fail/reference-in-loop.rs	0	3	3	0.5
src/test/rustdoc/aux/rustdoc-default-impl.rs	0	1	1	1.0
src/test/compile-fail/if-check-precond-fail.rs	0	8	8	0.2777777777777778
src/test/auxiliary/issue-14344-1.rs	5	3	8	0.4329896907216495
src/librustc_platform_intrinsics/arm.rs	8	2	10	0.7192118226600985
src/bootstrap/build/config.rs	7	4	11	0.5591397849462365
src/rt/sundown/README.markdown	0	2	2	0.9310344827586207
src/test/run-pass/borrowck-binding-mutbl.rs	11	3	14	0.35443037974683544
src/test/compile-fail/platform-intrinsic-params.rs	4	4	8	0.4339622641509434
src/test/parse-fail/pat-tuple-4.rs	3	3	6	0.49122807017543857
src/test/pretty/asm-options.rs	3	2	5	0.4642857142857143
src/test/ui/span/vec_refs_data_with_early_death.stderr	2	4	6	0.5853658536585366
src/test/compile-fail/E0435.rs	4	3	7	0.41975308641975306
src/librustc/middle/typeck/check/regionmanip.rs	30	2	32	0.653012048192771
src/test/run-fail/unwind-box.rs	7	2	9	0.7927927927927928
src/test/debug-info/lexical-scope-in-unique-closure.rs	8	1	9	0.9122807017543859
src/librustdoc/html/static/Heuristica-LICENSE.txt	4	3	7	0.5681818181818182
src/test/parse-fail/new-unicode-escapes-4.rs	6	4	10	0.33707865168539325
src/test/parse-fail/issue-5544-a.rs	3	4	7	0.4
src/librustc_trans/back/link_gnu.rs	0	2	2	0.5
src/test/compile-fail/move-out-of-slice-1.rs	3	4	7	0.5789473684210527
src/libextra/unicode.rs	8	1	9	0.8181818181818182
src/test/ui/did_you_mean/issue-36798_unknown_field.stderr	3	4	7	0.39622641509433965
src/test/run-pass/issue-25693.rs	1	2	3	0.8333333333333334
src/test/auxiliary/issue-15562.rs	5	3	8	0.40789473684210525
src/test/run-pass/export-unexported-dep.rs	14	5	19	0.3349282296650718
src/test/run-pass/double-unbox.rs	10	2	12	0.7551020408163265
src/test/run-make/compiler-lookup-paths/a.rs	2	2	4	0.78125
src/test/compile-fail/rustc-diagnostics-2.rs	4	2	6	0.47297297297297297
src/test/compile-fail/borrowck/borrowck-mut-slice-of-imm-vec.rs	2	4	6	0.40476190476190477
src/test/run-pass/macro-deep_expansion.rs	5	3	8	0.4
src/test/run-pass/syntax-extension-minor.rs	13	1	14	0.7065217391304348
src/test/run-pass/cleanup-auto-borrow-obj.rs	2	2	4	0.7540983606557377
src/test/compile-fail/issue-3680.rs	16	4	20	0.5754716981132075
src/test/run-pass/module-polymorphism3-files/float-template/inst_float.rs	3	4	7	0.35
src/test/run-pass/issue-1257.rs	15	3	18	0.5190839694656488
src/test/run-pass/trait-cast.rs	17	1	18	0.8203592814371258
src/test/rustdoc/auxiliary/issue-15318.rs	0	2	2	0.6666666666666666
src/test/compile-fail/match-vec-unreachable.rs	22	3	25	0.6127167630057804
src/test/run-pass/block-arg-used-as-lambda.rs	5	4	9	0.6415094339622641
src/doc/po/ja/guide-macros.md.po	3	1	4	0.8955223880597015
src/test/compile-fail/privacy-struct-variant.rs	3	2	5	0.7959183673469388
src/test/codegen/gdb_debug_script_load.rs	2	2	4	0.8
src/test/rustdoc/structfields.rs	8	4	12	0.3916083916083916
src/comp/util/common.rs	12	5	17	0.24675324675324675
src/test/run-make/symlinked-extern/bar.rs	3	1	4	0.8636363636363636
src/test/run-make/extern-fn-generic/testcrate.rs	3	1	4	0.88
src/test/compile-fail/macro-follow.rs	4	4	8	0.6030534351145038
src/test/compile-fail/E0394.rs	2	3	5	0.43548387096774194
src/test/compile-fail/deriving-span-DeepClone-enum.rs	3	1	4	0.896551724137931
src/test/run-pass/sync-send-atomics.rs	1	3	4	0.75
src/test/compile-fail/issue-16819.rs	4	3	7	0.49137931034482757
src/test/run-pass/vec-matching-fold.rs	19	3	22	0.46035805626598464
src/test/compile-fail/typeck-default-trait-impl-negation-send.rs	7	3	10	0.5089285714285714
src/librustc_passes/diagnostics.rs	8	6	14	0.47901234567901235
src/test/run-pass/hrtb-unboxed-closure-trait.rs	10	4	14	0.384
src/test/run-pass/lambda-infer-unresolved.rs	18	3	21	0.5718015665796344
src/rustdoc/util.rs	0	4	4	0.5384615384615384
src/comp/middle/trans/type_of.rs	0	3	3	0.3333333333333333
src/libstd/sort_stage0.rs	6	2	8	0.8378378378378378
src/test/run-pass/unwind-resource.rs	27	4	31	0.5026548672566372
src/test/compile-fail/issue-3177-mutable-struct.rs	6	3	9	0.7346938775510204
src/test/parse-fail/no-binary-float-literal.rs	3	4	7	0.4117647058823529
src/test/run-pass/aux/xcrate-trait-lifetime-param.rs	0	1	1	1.0
src/test/compile-fail/warn-foreign-int-types.rs	15	3	18	0.634703196347032
src/test/compile-fail/borrowck-mut-borrow-of-mut-base-ptr.rs	9	2	11	0.4647887323943662
src/test/run-pass/regions-return-interior-of-option.rs	7	3	10	0.43312101910828027
src/librustuv/uvio.rs	11	2	13	0.7637474541751528
src/test/compile-fail/issue-9957.rs	6	3	9	0.6274509803921569
src/test/compile-fail/issue-6596-1.rs	0	2	2	0.5
src/librustuv/lib.rs	18	2	20	0.8215527230590962
src/test/run-make/extern-fn-with-union/Makefile	4	3	7	0.5638297872340425
src/test/compile-fail/issue-7867.rs	15	4	19	0.38403990024937656
src/test/auxiliary/issue_2723_a.rs	13	4	17	0.44
src/test/run-pass/associated-types-qualified-path-with-trait-with-type-parameters.rs	5	4	9	0.47191011235955055
src/test/run-pass/unique-assign-drop.rs	11	3	14	0.5281385281385281
src/test/run-pass/expr-copy.rs	14	3	17	0.3816793893129771
src/test/run-pass/issue-16783.rs	4	3	7	0.40789473684210525
src/libcore/num/usize.rs	10	4	14	0.5132275132275133
src/test/run-pass/aux/coherence_copy_like_lib.rs	0	1	1	1.0
src/test/compile-fail/attr-literals.rs	3	3	6	0.5370370370370371
src/test/compile-fail/for-loop-hygiene.rs	4	3	7	0.4189189189189189
src/test/compile-fail/regions-outlives-projection-hrtype.rs	1	2	3	0.8571428571428571
src/test/parse-fail/issue-14303-struct.rs	3	4	7	0.4117647058823529
src/librustc_borrowck/indexed_set.rs	7	6	13	0.42
src/libcore/gc.rs	13	4	17	0.5277777777777778
src/test/compile-fail/cfg-empty-codemap.rs	4	3	7	0.4659090909090909
src/test/compile-fail/issue-20801.rs	5	3	8	0.4330708661417323
src/test/run-make/issue-7349/Makefile	5	3	8	0.3333333333333333
src/test/compile-fail/unboxed-closure-immutable-capture.rs	12	3	15	0.36633663366336633
src/librustc_back/target/linux_musl_base.rs	2	3	5	0.36923076923076925
src/libextra/flate.rs	13	1	14	0.8327526132404182
src/test/compile-fail/issue-2354.rs	12	2	14	0.42962962962962964
src/test/compile-fail/issue-6458-2.rs	11	4	15	0.5669014084507042
src/test/run-pass/string-escapes.rs	6	3	9	0.45689655172413796
src/test/compile-fail/syntax-extension-bytes-unsupported-literal.rs	5	2	7	0.8421052631578947
src/test/compile-fail/macros-nonfatal-errors.rs	10	3	13	0.6839080459770115
src/test/compile-fail/inherit-struct1.rs	2	2	4	0.7916666666666666
src/test/run-pass/union/union-packed.rs	2	3	5	0.5238095238095238
src/test/run-pass/issue-18075.rs	3	3	6	0.4166666666666667
src/test/run-pass/issue-23808.rs	1	2	3	0.6470588235294118
src/test/run-make/extern-multiple-copies2/foo2.rs	1	4	5	0.5714285714285714
src/test/compile-fail/E0009.rs	3	5	8	0.3942307692307692
src/test/run-pass/fn-expr.rs	0	6	6	0.25
src/libcollections/borrow_stage0.rs	1	3	4	0.6046511627906976
src/librustc/infer/resolve.rs	3	5	8	0.3888888888888889
src/test/compile-fail/mut-patterns.rs	7	4	11	0.5304347826086957
src/test/compile-fail/issue-22370.rs	6	3	9	0.4470588235294118
src/libserialize/serialize_old.rs	0	3	3	0.8181818181818182
mk/tests.mk	89	4	93	0.5617283950617284
src/rt/libuv/src/unix/ev/ev.3	0	1	1	1.0
src/test/run-pass/issue-3683.rs	12	3	15	0.5135135135135135
src/doc/trpl/release-channels.md	3	3	6	0.6632653061224489
src/test/run-pass-fulldeps/rustc-macro/smoke.rs	4	4	8	0.5694444444444444
src/test/compile-fail/borrowck-object-lifetime.rs	10	3	13	0.6975308641975309
src/test/run-fail/mir_trans_no_landing_pads.rs	4	5	9	0.47191011235955055
src/test/debug-info/function-arguments.rs	7	1	8	0.8938053097345132
src/liballoc/arc.rs	71	4	75	0.4781167108753316
src/test/auxiliary/rbmtp_cross_crate_lib.rs	2	3	5	0.38333333333333336
src/test/compile-fail/private-in-public-lint.rs	4	4	8	0.41964285714285715
src/test/run-pass/issue-5530.rs	10	4	14	0.44761904761904764
src/test/compile-fail/borrowck/borrowck-move-out-of-overloaded-auto-deref.rs	2	4	6	0.40476190476190477
src/libextra/getopts.rs	29	1	30	0.8161350844277674
src/test/run-pass/aux/issue-11508.rs	0	1	1	1.0
src/rustc/syntax/ast.rs	1	5	6	0.3225806451612903
src/test/auxiliary/issue-20727.rs	6	3	9	0.3548387096774194
src/libnative/io/timer_unix.rs	7	2	9	0.7586206896551724
src/test/run-pass/foreign-src/foreign.rs	0	5	5	0.5789473684210527
src/test/compile-fail/associated-types-project-from-hrtb-explicit.rs	5	3	8	0.5742574257425742
src/test/run-pass/foreach-simple-outer-slot.rs	17	3	20	0.45365853658536587
src/test/compile-fail/coerce-mut.rs	10	5	15	0.3825136612021858
src/librustc_trans/mir/drop.rs	4	3	7	0.4807692307692308
src/test/run-pass/rebind-fn.rs	0	6	6	0.4
src/test/compile-fail-fulldeps/aux/macro_crate_MacroRulesTT.rs	0	1	1	1.0
src/test/compile-fail/drop-on-non-struct.rs	12	2	14	0.640495867768595
src/test/compile-fail/issue-19482.rs	6	3	9	0.32558139534883723
src/test/compile-fail/E0407.rs	6	4	10	0.39344262295081966
src/test/compile-fail/dep-graph-caller-callee.rs	3	3	6	0.5853658536585366
src/test/run-pass/issue-4875.rs	5	3	8	0.4603174603174603
src/test/compile-fail/lex-unknown-char-escape.rs	3	1	4	0.925
src/test/stdtest/run.rs	3	5	8	0.5588235294117647
src/doc/guide-tasks.md	29	2	31	0.5777777777777777
src/test/compile-fail/cycle-generic-bound.rs	0	1	1	1.0
src/test/compile-fail/import-shadow-7.rs	4	2	6	0.625
src/test/run-pass/while-with-break.rs	21	3	24	0.5757575757575758
mk/libuv/x86_64/unix/src/rt/libuv/run-tests.target.mk	0	3	3	0.5
src/test/bench/shootout/shootout-fasta.rs	0	2	2	0.8888888888888888
src/lib/Int.rs	0	1	1	1.0
src/libcore/swappable.rs	0	5	5	0.4
src/rt/libuv/src/ares/config_netbsd/ares_config.h	0	2	2	0.8
src/test/run-pass/item-attributes.rs	30	4	34	0.49372384937238495
src/test/compile-fail/pattern-macro-hygeine.rs	3	2	5	0.4666666666666667
src/test/run-make/extern-fn-mangle/Makefile	4	2	6	0.6379310344827587
src/test/run-pass/issue-23433.rs	3	4	7	0.6060606060606061
src/doc/tarpl/lifetime-misc.md	0	1	1	1.0
src/test/run-pass/fsu-moves-and-copies.rs	7	3	10	0.5253456221198156
src/test/compile-fail/regions-infer-borrow-scope-too-big.rs	15	2	17	0.75
src/test/compile-fail/panic-runtime/needs-gate.rs	1	4	5	0.5405405405405406
src/test/run-pass/issue-12860.rs	10	3	13	0.4161073825503356
src/rt/libuv/common.gypi	0	2	2	0.6666666666666666
src/test/run-pass/rfc1445/eq-allows-match.rs	2	3	5	0.42857142857142855
src/test/run-pass/associated-const-use-impl-of-same-trait.rs	2	5	7	0.48484848484848486
src/rt/libuv/uv.gyp	0	2	2	0.6666666666666666
src/test/compile-fail/issue-31845.rs	2	3	5	0.5294117647058824
src/test/run-pass-fulldeps/quote-tokens.rs	33	3	36	0.512751677852349
src/test/run-make/graphviz-flowgraph/f17.dot-expected.dot	8	2	10	0.5217391304347826
src/test/run-pass/issue-23891.rs	1	2	3	0.8
src/rt/libuv/test/test-udp-send-and-recv.c	0	1	1	1.0
src/test/rustdoc/issue-34025.rs	1	5	6	0.6111111111111112
src/test/compile-fail/extfmt-missing-type.rs	6	4	10	0.6388888888888888
src/test/compile-fail/issue-36638.rs	3	5	8	0.43137254901960786
src/librustc_data_structures/indexed_vec.rs	7	6	13	0.4533333333333333
src/test/compile-fail/issue-8208.rs	6	5	11	0.4552238805970149
src/doc/book/method-syntax.md	1	4	5	0.4230769230769231
src/test/run-fail/test-panic.rs	8	5	13	0.3442622950819672
src/etc/test-float-parse/runtests.py	6	4	10	0.712
src/test/run-pass/auxiliary/derive-no-std.rs	0	2	2	0.6666666666666666
src/test/ui/dropck/dropck-eyepatch.rs	3	3	6	0.45652173913043476
src/test/bench/shootout/shootout-k-nucleotide-pipes.rs	0	2	2	0.8888888888888888
src/libcargo/cargo.rs	0	4	4	0.5555555555555556
src/librustsyntax/visit.rs	8	4	12	0.3333333333333333
src/test/bench/sudoku.rs	50	3	53	0.558291093410572
src/test/run-make/graphviz-flowgraph/f25.dot-expected.dot	11	2	13	0.4682080924855491
src/test/run-pass/issue-26873-onefile.rs	0	4	4	0.5555555555555556
doc/rust.texi	17	5	22	0.4253731343283582
src/test/compile-fail/tuple-struct-nonexhaustive.rs	10	2	12	0.7611940298507462
src/test/run-make/graphviz-flowgraph/f18.dot-expected.dot	4	3	7	0.7027027027027027
src/test/run-pass/swappable-test.rs	0	5	5	0.4
src/test/parse-fail/int-literal-too-large-span.rs	3	4	7	0.4117647058823529
src/rt/jemalloc/doc/jemalloc.xml.in	3	2	5	0.8
src/test/compile-fail/deprecation-sanity.rs	3	3	6	0.5714285714285714
src/test/auxiliary/regions_bounded_method_type_parameters_cross_crate_lib.rs	3	4	7	0.55
src/test/run-pass/functional-struct-update.rs	10	3	13	0.640625
src/test/ui/span/issue-11925.stderr	4	4	8	0.4186046511627907
src/doc/trpl/primitive-types.md	10	3	13	0.49707602339181284
src/libcargo/pgp.rs	6	4	10	0.3
src/test/compile-fail/attr-before-stmt.rs	7	3	10	0.37254901960784315
src/test/compile-fail/trait-bounds-on-structs-and-enums-xc.rs	8	4	12	0.5109489051094891
src/test/run-pass/imports.rs	5	5	10	0.3563218390804598
src/test/run-fail/unwind-rec2.rs	14	4	18	0.5196078431372549
src/test/compile-fail/borrowck/borrowck-vec-pattern-tail-element-loan.rs	6	5	11	0.46987951807228917
src/test/run-pass/unboxed-closures-move-mutable.rs	12	3	15	0.3497536945812808
src/rt/libuv/src/win/getaddrinfo.c	0	2	2	0.8
src/test/compile-fail/multiple-macro-registrars.rs	4	1	5	0.9148936170212766
src/doc/book/traits.md	13	5	18	0.4888888888888889
src/rt/jemalloc/src/huge.c	0	5	5	0.7777777777777778
mk/stageN.mk	0	5	5	0.45
src/test/ui/README.md	1	4	5	0.5405405405405406
src/libstd/ptr.rs	23	1	24	0.8385714285714285
src/test/compile-fail/issue-28388-1.rs	1	2	3	0.8181818181818182
src/test/compile-fail/borrowck/borrowck-union-borrow-nested.rs	3	4	7	0.5238095238095238
src/test/compile-fail/suppressed-error.rs	7	4	11	0.5542168674698795
src/test/run-pass/import4.rs	21	2	23	0.5662650602409639
src/test/compile-fail/issue-12041.rs	9	4	13	0.41708542713567837
src/test/run-pass/coerce-reborrow-imm-ptr-rcvr.rs	10	4	14	0.5
src/test/compile-fail/E0063.rs	5	3	8	0.5045871559633027
src/test/run-pass/invoke-external-native	0	3	3	0.5714285714285714
src/test/compile-fail/while-type-error.rs	0	8	8	0.5789473684210527
src/test/run-pass/wrapping-int-api.rs	5	3	8	0.5784313725490197
src/test/compile-fail/hygienic-label-1.rs	8	2	10	0.7974683544303798
src/test/run-pass/struct-new-as-field-name.rs	5	3	8	0.4198473282442748
src/libstd/comm/imp.rs	0	2	2	0.92
src/libstd/rt/spsc_queue.rs	0	2	2	0.92
src/test/compile-fail/liveness-assign-imm-local-in-loop.rs	11	3	14	0.4230769230769231
src/test/run-pass/issue-9249.rs	3	4	7	0.4235294117647059
src/libcore/ty.rs	3	2	5	0.7111111111111111
src/librustc/util/common.rs	50	4	54	0.5631528964862298
src/libbacktrace/internal.h	9	4	13	0.6176470588235294
src/test/run-pass/mod-view-items.rs	16	4	20	0.4883720930232558
src/test/run-fail/rt-set-exit-status-fail2.rs	20	3	23	0.6637554585152838
src/test/compile-fail/liveness-uninit.rs	8	2	10	0.8157894736842105
src/test/compile-fail/no_send-rc.rs	20	3	23	0.5
src/liballoc/owned.rs	4	2	6	0.8421052631578947
src/test/run-pass/intrinsic-move-val.rs	23	3	26	0.5079681274900398
src/libstd/io/net/pipe.rs	12	3	15	0.4446564885496183
src/test/parse-fail/issue-10636-1.rs	3	4	7	0.4117647058823529
src/test/compile-fail/aux/issue-29181.rs	0	1	1	1.0
src/rt/libuv/.mailmap	0	2	2	0.8
src/test/rustdoc/issue-23106.rs	0	4	4	0.5
src/test/parse-fail/removed-syntax-mode.rs	6	3	9	0.5333333333333333
src/test/run-pass/macro-followed-by-seq.rs	2	2	4	0.6216216216216216
src/test/run-pass/issue-19293.rs	5	3	8	0.5833333333333334
src/test/compile-fail/mod_file_not_owning_aux1.rs	0	3	3	0.8333333333333334
doc/rust.md	81	3	84	0.636716224951519
src/rt/libuv/test/benchmark-ping-pongs.c	0	4	4	0.5714285714285714
src/test/run-pass/regions-static-bound.rs	3	2	5	0.5576923076923077
src/test/compile-fail/move-fragments-5.rs	6	3	9	0.5321100917431193
src/test/compile-fail/aux/static_priv_by_default.rs	0	1	1	1.0
src/test/run-pass/nul-characters.rs	5	3	8	0.46564885496183206
src/test/compile-fail-fulldeps/plugin-as-extern-crate.rs	5	3	8	0.5542168674698795
src/test/run-pass/regions-copy-closure.rs	21	3	24	0.4584323040380047
src/librustc_mir/tcx/to_ref.rs	4	2	6	0.7627118644067796
src/test/run-pass/out-of-stack-new-thread-no-split.rs	14	3	17	0.39378238341968913
src/libcore/iter-trait/dvec.rs	7	6	13	0.25
src/test/compile-fail/keyword-while-as-identifier.rs	2	3	5	0.3275862068965517
src/test/run-pass/zero-sized-tuple-struct.rs	0	2	2	0.9411764705882353
src/test/compile-fail/internal-unstable-thread-local.rs	4	3	7	0.42696629213483145
src/test/run-pass/deriving-cmp-generic-struct.rs	13	3	16	0.5604395604395604
src/test/run-pass/aux/iss.rs	0	1	1	1.0
src/test/run-pass/extern-mod-abi.rs	7	4	11	0.4153846153846154
src/test/rustdoc/playground.rs	3	3	6	0.38461538461538464
src/libstd/num/strconv.rs	41	3	44	0.550028918449971
src/test/incremental/spike-neg2.rs	3	5	8	0.4418604651162791
src/libstd/sys/windows/ext/fs.rs	10	4	14	0.5951219512195122
src/test/run-pass/borrowck-rvalues-mutable.rs	6	4	10	0.4484536082474227
src/test/run-pass/aux/cgu_test.rs	0	1	1	1.0
src/libstd/os/nacl/raw.rs	8	4	12	0.6062992125984252
src/test/compile-fail/pred-assign.rs	0	8	8	0.21428571428571427
src/libextra/container.rs	7	2	9	0.875
src/test/run-pass/pred-check.rs	0	9	9	0.23076923076923078
src/test/compile-fail/dupe-symbols-7.rs	2	4	6	0.5806451612903226
src/test/run-make/graphviz-flowgraph/f11.dot-expected.dot	8	2	10	0.5217391304347826
src/test/run-pass/object-lifetime-default-from-rptr-box.rs	6	3	9	0.47586206896551725
src/rt/arch/i386/regs.h	0	7	7	0.5333333333333333
src/test/pretty/alt-naked-expr.rs	5	4	9	0.5757575757575758
src/rt/libuv/src/ev/ltmain.sh	0	2	2	0.5
src/test/run-fail/linked-failure2.rs	12	2	14	0.6693548387096774
src/test/compile-fail-fulldeps/gated-macro-reexports.rs	6	4	10	0.392
src/test/parse-fail/struct-literal-in-match-discriminant.rs	8	3	11	0.5679012345679012
src/test/compile-fail/borrowck-consume-unsize-vec.rs	4	4	8	0.49019607843137253
src/libcoretest/iter.rs	43	3	46	0.44643891140706427
src/test/run-pass/anon-obj-overloading.rs	0	2	2	0.8
src/test/ui/codemap_tests/two_files.stderr	6	4	10	0.36486486486486486
src/librustc_back/target/openbsd_base.rs	10	4	14	0.5217391304347826
src/etc/ctags.rust	11	2	13	0.7368421052631579
src/comp/metadata/decoder.rs	12	5	17	0.3037974683544304
src/librustdoc/html/static/Heuristica-Regular.woff	0	3	3	0.8888888888888888
src/test/run-pass/impl-for-never.rs	1	4	5	0.5714285714285714
src/test/ui/span/dropck_misc_variants.stderr	2	4	6	0.5853658536585366
src/libstd/cmath.rs	0	2	2	0.5
src/test/compile-fail/copy-into-closure.rs	4	5	9	0.21739130434782608
src/librustc_back/target/i586_pc_windows_msvc.rs	8	4	12	0.5403225806451613
src/librustdoc/clean/mod.rs	82	4	86	0.47758165956583487
src/test/run-make/graphviz-flowgraph/f14.rs	6	2	8	0.6285714285714286
src/test/compile-fail/issue-25396.rs	5	4	9	0.6216216216216216
src/test/run-pass/aux/anon-extern-mod-cross-crate-1.rs	0	1	1	1.0
src/test/run-pass/simple-generic-alt.rs	4	6	10	0.40625
src/test/run-pass/use-crate-name-alias.rs	11	3	14	0.4621212121212121
src/test/compile-fail/where-clause-constraints-are-local-for-inherent-impl.rs	8	4	12	0.37735849056603776
src/test/compile-fail/borrowck-overloaded-index-and-overloaded-deref.rs	6	3	9	0.408
src/test/compile-fail/discrim-overflow-2.rs	7	4	11	0.5416666666666666
src/librustdoc/html/static/SourceSerifPro-LICENSE.txt	4	3	7	0.5681818181818182
src/librustc/middle/trans/adt.rs	44	2	46	0.7482408131352619
src/test/compile-fail/unary-move.rs	0	7	7	0.2857142857142857
src/librustpkg/testsuite/pass/install-paths/test.rs	0	3	3	0.8235294117647058
src/test/compile-fail/auxiliary/extern-statics.rs	4	3	7	0.6521739130434783
src/test/run-make/pretty-print-to-file/input.pp	0	3	3	0.8571428571428571
src/llvmext/Object.cpp	0	3	3	0.3333333333333333
src/test/run-pass/aux/trait_inheritance_cross_trait_call_xc_aux.rs	0	1	1	1.0
src/librustc_borrowck/lib.rs	34	4	38	0.38467943380516234
src/test/run-pass/log-err-phi.rs	12	2	14	0.7692307692307693
src/test/compile-fail/lint-default-methods.rs	5	3	8	0.6363636363636364
src/test/auxiliary/issue-27362.rs	4	3	7	0.4306569343065693
src/test/run-pass/autoderef-method-on-trait-monomorphized.rs	1	6	7	0.5555555555555556
src/test/compile-fail/syntax-trait-polarity.rs	3	3	6	0.5053763440860215
src/test/compile-fail/where-clause-constraints-are-local-for-trait-impl.rs	8	4	12	0.37735849056603776
src/test/compile-fail/typeck-default-trait-impl-constituent-types-2.rs	7	3	10	0.4909090909090909
src/test/compile-fail/gated-associated_consts.rs	5	3	8	0.5555555555555556
src/librustc_const_eval/eval.rs	28	6	34	0.43614001892147586
src/test/compile-fail/E0124.rs	2	6	8	0.40336134453781514
src/test/codegen/issue-32031.rs	2	4	6	0.65
src/test/compile-fail/explicit-call-to-supertrait-dtor.rs	13	2	15	0.6666666666666666
src/test/compile-fail/struct-fields-shorthand.rs	3	3	6	0.6829268292682927
src/test/run-make/allow-non-lint-warnings-cmdline/Makefile	4	3	7	0.35185185185185186
src/doc/trpl/inline-assembly.md	6	4	10	0.425
src/test/debuginfo/limited-debuginfo.rs	15	3	18	0.40924092409240925
src/test/ui/codemap_tests/huge_multispan_highlight.stderr	4	4	8	0.4268292682926829
src/test/run-pass/trait-inheritance-num5.rs	14	3	17	0.584192439862543
src/rt/arch/arm/gpr.cpp	6	3	9	0.6129032258064516
src/test/run-pass/generic-ivec.rs	12	2	14	0.762962962962963
mk/libuv/mac/src/rt/libuv/run-tests.target.mk	0	3	3	0.3333333333333333
src/test/compile-fail/variance-contravariant-arg-object.rs	2	4	6	0.5370370370370371
src/test/run-pass-fulldeps/plugin-lib-ok-in-plugin.rs	3	3	6	0.6981132075471698
src/test/parse-fail/issue-15914.rs	3	4	7	0.4117647058823529
src/libserialize/opaque.rs	1	5	6	0.2878787878787879
src/test/run-pass/simd-type.rs	11	2	13	0.6827586206896552
src/librustsyntax/ext/env.rs	0	3	3	0.3333333333333333
src/test/compile-fail/E0425.rs	2	3	5	0.4583333333333333
src/test/stdtest/sort_ivec.rs	0	4	4	0.25
src/doc/nomicon/vec-final.md	4	3	7	0.7608695652173914
src/test/run-pass/lib-fs.rs	0	5	5	0.3333333333333333
src/rustc/syntax/ext/log_syntax.rs	0	2	2	0.5
src/test/run-pass/aux/associated-const-cc-lib.rs	0	1	1	1.0
src/test/compile-fail/static-priv-by-default2.rs	2	2	4	0.8571428571428571
src/test/run-pass/utf8_chars.rs	32	3	35	0.555052790346908
src/etc/copy-runtime-deps.py	3	2	5	0.8676470588235294
src/libstd/rt/uv/mod.rs	19	1	20	0.819672131147541
src/test/compile-fail/blind-item-block-item-shadow.rs	8	3	11	0.47368421052631576
src/test/run-pass/issue-3149.rs	6	5	11	0.36666666666666664
src/test/ui/span/E0536.rs	0	3	3	0.5714285714285714
src/libstd/io/prelude.rs	8	3	11	0.4803921568627451
src/test/run-pass/object-lifetime-default-from-ref-struct.rs	4	3	7	0.5504587155963303
src/lib/math_f64.rs	0	2	2	0.5
src/test/ui/compare-method/region.rs	0	1	1	1.0
src/test/compile-fail-fulldeps/proc-macro/derive-still-gated.rs	0	3	3	0.3333333333333333
src/test/compile-fail/keyword-mod-as-identifier.rs	2	3	5	0.3275862068965517
src/libstd/num/f64.rs	59	4	63	0.5991247264770241
src/test/run-make/libs-through-symlinks/foo.rs	2	1	3	0.9302325581395349
src/test/compile-fail/wf-in-fn-type-ret.rs	1	2	3	0.8571428571428571
src/librustc/driver/session.rs	60	2	62	0.7553333333333333
src/test/compile-fail/panic-runtime/two-panic-runtimes.rs	1	4	5	0.5405405405405406
src/test/run-pass/issue-11552.rs	7	4	11	0.3629032258064516
src/libstd/sys/unix/udp.rs	3	3	6	0.5217391304347826
src/etc/extract_grammar.py	9	4	13	0.5426356589147286
src/test/compile-fail/empty-struct-with-braces-1.rs	1	3	4	0.6216216216216216
src/librustc/middle/check_loop.rs	31	2	33	0.568041237113402
src/test/run-pass/regions-self-impls.rs	14	3	17	0.6787330316742082
src/test/run-pass/mir_overflow_off.rs	3	5	8	0.35
src/test/run-pass/trait-copy-guessing.rs	2	2	4	0.6896551724137931
src/libcargo/sources.json	0	2	2	0.6666666666666666
src/test/run-pass/aux/xcrate_struct_aliases.rs	0	1	1	1.0
src/test/run-pass/issue-12909.rs	7	3	10	0.3701657458563536
src/test/run-pass/auxiliary/xcrate_associated_type_defaults.rs	0	2	2	0.6666666666666666
src/test/compile-fail/implicit-method-bind.rs	10	3	13	0.6074766355140186
src/Makefile.in	0	2	2	0.6666666666666666
src/test/compile-fail-fulldeps/gated-phase.rs	0	3	3	0.5714285714285714
src/librustsyntax/ext/log_syntax.rs	0	2	2	0.5
src/test/compile-fail/issue-30560.rs	2	5	7	0.46153846153846156
src/test/run-pass/aux/pub_use_mods_xcrate.rs	0	1	1	1.0
src/test/run-pass/zero-sized-linkedlist-push.rs	2	3	5	0.6341463414634146
src/test/compile-fail/oversized-literal.rs	9	2	11	0.7865168539325843
src/test/run-pass/clone-with-exterior.rs	21	4	25	0.463519313304721
src/test/compile-fail/match-pattern-field-mismatch.rs	6	5	11	0.4782608695652174
src/librustc/middle/cfg/graphviz.rs	20	3	23	0.44766708701134933
src/libstd/sys/common/unwind/gcc.rs	6	3	9	0.584070796460177
src/test/run-make/issue-28595/a.c	1	3	4	0.75
src/test/compile-fail/syntaxt-default-trait-impls.rs	5	2	7	0.5185185185185185
src/test/compile-fail/unboxed-closure-sugar-wrong-trait.rs	14	4	18	0.37317784256559766
src/test/run-pass/deref-lval.rs	14	3	17	0.6851063829787234
src/librustdoc/stability_summary.rs	16	3	19	0.4386503067484663
src/test/run-make/extern-fn-generic/test.rs	3	1	4	0.88
src/librustc_trans/trans/callee.rs	41	4	45	0.41019751952227834
src/test/run-pass/crateresolve3.rs	10	1	11	0.75
src/test/run-pass/issue-7563.rs	9	3	12	0.6176470588235294
src/test/run-pass/module-polymorphism2.rs	0	2	2	0.8571428571428571
src/test/compile-fail/put-in-fn.rs	0	6	6	0.38461538461538464
src/test/run-pass/trait-static-method-generic-inference.rs	2	2	4	0.9074074074074074
src/test/run-make/lto-smoke/lib.rs	4	1	5	0.8888888888888888
src/test/compile-fail/associated-const-type-parameter-arrays-2.rs	7	3	10	0.6103896103896104
src/test/compile-fail/issue-2392.rs	3	4	7	0.5775862068965517
src/libcollections/priority_queue.rs	18	2	20	0.7584745762711864
src/libstd/rt/io/fs.rs	0	2	2	0.8636363636363636
src/test/compile-fail/liveness-break-uninit.rs	8	2	10	0.7671232876712328
src/lib/sys.rs	4	4	8	0.34615384615384615
src/grammar/xidstart.g4	5	3	8	0.36585365853658536
src/lib/tempfile.rs	0	4	4	0.25
src/test/run-pass/multi-panic.rs	6	5	11	0.463768115942029
src/doc/nomicon/unchecked-uninit.md	2	3	5	0.631578947368421
src/test/run-make/multiple-versions/Makefile	0	2	2	0.6
src/test/compile-fail/symbol-names/issue-32709.rs	3	3	6	0.6103896103896104
src/test/run-pass/cycle-collection4.rs	4	4	8	0.6031746031746031
src/test/auxiliary/crateresolve3-1.rs	10	4	14	0.5882352941176471
src/test/run-pass/aux/macro_crate_nonterminal.rs	0	1	1	1.0
src/test/compile-fail/typeck-default-trait-impl-cross-crate-coherence.rs	5	3	8	0.43333333333333335
src/test/compile-fail/asm-bad-clobber.rs	4	4	8	0.5729166666666666
src/test/compile-fail/aux/noexporttypelib.rs	0	1	1	1.0
src/librustc_back/target/arm_unknown_linux_musleabi.rs	8	4	12	0.5086206896551724
src/test/compile-fail/issue-9575.rs	7	5	12	0.38190954773869346
src/test/compile-fail/slice-1.rs	3	3	6	0.39267015706806285
src/test/run-pass/log_syntax-trace_macros-macro-locations.rs	6	3	9	0.5975609756097561
src/test/debuginfo/var-captured-in-sendable-closure.rs	21	4	25	0.44554455445544555
src/test/compile-fail/pred-swap.rs	0	8	8	0.21428571428571427
src/doc/book/syntax-and-semantics.md	2	4	6	0.5111111111111111
doc/po/ja/guide-testing.md.po	2	1	3	0.9090909090909091
src/test/auxiliary/issue-2196-b.rs	4	2	6	0.7
src/test/run-make/graphviz-flowgraph/f17.rs	6	2	8	0.6285714285714286
src/test/ui/span/issue-29106.stderr	2	4	6	0.5853658536585366
src/libstd/os/emscripten/raw.rs	3	5	8	0.5096153846153846
src/test/compile-fail/lint-unknown-lint-cmdline.rs	2	3	5	0.7647058823529411
src/test/compile-fail/lint-non-camel-case-class.rs	0	2	2	0.8333333333333334
src/test/run-pass/issue-2748-b.rs	12	3	15	0.3475177304964539
src/test/compile-fail/borrowck-reborrow-from-shorter-lived-andmut.rs	6	3	9	0.6302521008403361
src/rt/intrinsics/intrinsics.ll.in	4	5	9	0.4090909090909091
src/test/run-pass/tag-exports.rs	14	3	17	0.3448275862068966
src/test/compile-fail/fn-variance-3.rs	5	3	8	0.7380952380952381
src/librustc_trans/trans/context.rs	33	4	37	0.42945163277880466
src/test/run-pass/multi-src/foo.rs	0	6	6	0.4
src/test/compile-fail/regions-infer-bound-from-trait-self.rs	3	2	5	0.6071428571428571
src/test/compile-fail/self-impl.rs	6	4	10	0.41237113402061853
src/test/compile-fail/extoption_env-not-string-literal.rs	2	3	5	0.4423076923076923
src/libcore/rt/sleeper_list.rs	0	1	1	1.0
mk/cfg/x86_64-pc-windows-gnu	4	3	7	0.6764705882352942
src/test/run-pass/aux/issue-13872-2.rs	0	1	1	1.0
src/test/run-pass/issue-32292.rs	0	4	4	0.6363636363636364
src/test/compile-fail/unboxed-closures-infer-fnonce-move-call-twice.rs	4	2	6	0.5185185185185185
src/test/compile-fail/token-error-correct-2.rs	5	4	9	0.3465346534653465
src/test/compile-fail/mutable-enum-indirect.rs	12	4	16	0.5679012345679012
src/test/run-make/issue-12446/Makefile	1	4	5	0.5932203389830508
src/libstd/rt/crate_map.rs	13	2	15	0.8556701030927835
src/test/run-make/rustdoc-default-impl/Makefile	0	3	3	0.5
src/test/run-pass/pipe-detect-term.rs	17	3	20	0.5586206896551724
src/test/compile-fail/issue-32950.rs	1	7	8	0.42857142857142855
src/test/run-pass/spawn-stack-too-big.rs	2	1	3	0.9444444444444444
src/test/run-pass/issue-31267-additional.rs	2	2	4	0.7058823529411765
src/doc/trpl/conclusion.md	4	2	6	0.7391304347826086
src/test/compile-fail/internal-unstable-noallow.rs	5	3	8	0.3620689655172414
src/test/compile-fail/missing-macro-use.rs	4	3	7	0.5454545454545454
src/tools/tidy/Cargo.lock	4	5	9	0.532608695652174
src/test/debuginfo/simd.rs	15	3	18	0.4668141592920354
src/test/run-pass/const-enum-structlike.rs	12	4	16	0.5527950310559007
src/test/run-pass/unboxed-closures-fn-as-fnmut-and-fnonce.rs	14	3	17	0.36524822695035464
src/test/parse-fail/macro-mismatched-delim-paren-brace.rs	5	3	8	0.35064935064935066
src/libextra/future.rs	18	1	19	0.8418230563002681
src/test/run-pass/const-bound.rs	18	3	21	0.48825065274151436
src/test/run-pass/panic-safe.rs	5	4	9	0.6447368421052632
src/test/run-pass/unboxed-closures-prelude.rs	12	4	16	0.37464788732394366
src/test/compile-fail/generic-type-params-forward-mention.rs	5	2	7	0.6296296296296297
src/libcollections/range.rs	7	7	14	0.49221183800623053
src/test/run-pass/func-arg-wild-pattern.rs	5	3	8	0.42962962962962964
src/test/run-make/symlinked-extern/Makefile	2	2	4	0.8260869565217391
mk/libuv/ia32/unix/src/libuv/run-tests.target.mk	0	4	4	0.25
src/test/parse-fail/doc-before-fn-rbrace.rs	3	2	5	0.5666666666666667
src/librustpkg/testsuite/pass/src/c-dependencies/foo.rs	4	1	5	0.8095238095238095
src/libregex_macros/lib.rs	22	2	24	0.6447368421052632
src/test/compile-fail/issue-4265.rs	13	2	15	0.6303030303030303
src/test/rustdoc/extern-method.rs	4	3	7	0.40476190476190477
src/test/run-pass/dvec-index-op.rs	0	6	6	0.2727272727272727
src/test/debuginfo/var-captured-in-nested-closure.rs	12	4	16	0.44711538461538464
src/rt/jemalloc/include/jemalloc/internal/chunk.h	3	2	5	0.8
src/test/compile-fail/issue-28388-3.rs	1	3	4	0.7692307692307693
src/test/run-pass/macro-stmt_macro_in_expr_macro.rs	3	3	6	0.52
src/test/run-pass/vec-tail-matching.rs	24	3	27	0.6012793176972282
src/libcollections/vec.rs	109	3	112	0.4470926648859667
src/test/compile-fail/feature-gate-start.rs	5	4	9	0.32967032967032966
src/test/compile-fail/E0046.rs	4	4	8	0.3805309734513274
src/doc/guide-macros.md	20	3	23	0.4742268041237113
src/test/compile-fail/issue-3033.rs	0	5	5	0.5454545454545454
src/rt/libuv/src/ares/ares_platform.h	0	2	2	0.75
src/test/run-pass/issue-783.rs	2	7	9	0.42857142857142855
src/test/compile-fail/useless-priv2.rs	4	3	7	0.5757575757575758
src/libstd/rt/heap.rs	1	2	3	0.7428571428571429
src/libstd/thread_pool.rs	0	5	5	0.375
src/test/compile-fail/union/union-copy.rs	3	4	7	0.5176470588235295
src/test/run-pass/bool-not.rs	10	3	13	0.3302752293577982
src/test/run-pass/regions-dependent-autofn.rs	6	2	8	0.5354330708661418
src/librustc_unicode/u_str.rs	20	4	24	0.5557491289198606
src/test/compile-fail/cast-rfc0401.rs	16	5	21	0.5522682445759369
src/test/auxiliary/svh-a-doc.rs	7	4	11	0.38666666666666666
src/rt/libuv/src/unix/ev/LICENSE	0	1	1	1.0
src/test/compile-fail/extenv-no-args.rs	9	6	15	0.27906976744186046
src/test/auxiliary/issue-2526.rs	23	4	27	0.6046966731898239
src/librustc_data_structures/transitive_relation.rs	3	4	7	0.5637583892617449
src/test/run-pass-fulldeps/logging-separate-lines.rs	2	3	5	0.359375
src/rt/libuv/src/win/fs-event.c	0	2	2	0.6666666666666666
src/test/compile-fail/method-help-unsatisfied-bound.rs	4	3	7	0.559322033898305
src/librustc/metadata/index.rs	4	3	7	0.6274509803921569
src/rustc/std_shim/Cargo.toml	7	4	11	0.5310734463276836
src/rt/libuv/ev/mkinstalldirs	0	2	2	0.5
src/test/run-pass/issue-2463.rs	7	3	10	0.36363636363636365
src/test/run-pass/class-iface-bounded-param.rs	0	7	7	0.46153846153846156
src/rt/libuv/src/eio/Makefile.am	0	3	3	0.3333333333333333
src/libpanic_unwind/Cargo.toml	3	3	6	0.43373493975903615
src/doc/style/errors/handling.md	5	6	11	0.2868217054263566
src/test/run-pass/issue-17734.rs	6	3	9	0.3988439306358382
src/doc/book/learn-rust.md	2	4	6	0.5783132530120482
src/test/rustdoc/auxiliary/issue-20646.rs	0	2	2	0.6666666666666666
src/test/pretty/vec-comments.rs	8	3	11	0.6623376623376623
src/test/compile-fail/ambig_impl_unify.rs	10	3	13	0.7019230769230769
arc-and-mutex.md	0	1	1	1.0
src/test/compile-fail/unsafe-alias-2.rs	0	8	8	0.21052631578947367
src/test/run-pass/dst-dtor-1.rs	1	2	3	0.6341463414634146
src/librustc/middle/typeck/infer/macros.rs	9	3	12	0.6086956521739131
src/libterm/terminfo/searcher.rs	24	3	27	0.48721071863581
src/test/run-pass/associated-types-normalize-unifield-struct.rs	10	3	13	0.33980582524271846
src/test/compile-fail/privacy/restricted/auxiliary/pub_restricted.rs	0	4	4	0.5
src/rt/jemalloc/include/jemalloc/internal/jemalloc_internal.h.in	3	2	5	0.8
src/test/pretty/lifetime.rs	4	3	7	0.6111111111111112
src/test/pretty/match-naked-expr-medium.rs	6	2	8	0.8020833333333334
mk/cfg/arm-linux-androideabi	3	3	6	0.6627906976744186
src/librustc_metadata/Cargo.toml	11	4	15	0.5014164305949008
src/test/run-fail/bug-2470-bounds-check-overflow-2.rs	15	3	18	0.5024390243902439
src/test/pretty/default-trait-impl.rs	5	3	8	0.3958333333333333
src/test/compile-fail/arc-rw-write-mode-shouldnt-escape.rs	14	1	15	0.7872340425531915
src/test/compile-fail/issue-3036.rs	8	4	12	0.43478260869565216
mk/libuv/x86_64/mac/src/rt/libuv/run-benchmarks.target.mk	0	2	2	0.75
src/test/compile-fail/private-struct-field-ctor.rs	9	2	11	0.7115384615384616
src/test/run-fail/unreachable-static-msg.rs	7	3	10	0.5844155844155844
src/test/compile-fail/struct-literal-in-match-discriminant.rs	6	4	10	0.3953488372093023
src/test/stdtest/ptr.rs	0	6	6	0.25
mk/rustllvm.mk	24	5	29	0.45614035087719296
src/librustc_platform_intrinsics/x86.rs	10	4	14	0.6491803278688525
src/doc/trpl/loops.md	4	3	7	0.7619047619047619
src/test/compile-fail/macro-use-bad-args-1.rs	5	3	8	0.5490196078431373
src/doc/nomicon/constructors.md	0	3	3	0.6923076923076923
src/test/run-pass/send_str_treemap.rs	20	3	23	0.5103668261562998
src/librustc/lib/llvm.rs	46	1	47	0.7818867924528302
src/test/parse-fail/recover-enum2.rs	3	3	6	0.65
src/librustc_back/target/windows_base.rs	13	4	17	0.6027397260273972
src/libstd/sync/atomics.rs	8	2	10	0.861904761904762
src/test/run-pass/deprecated-no-split-stack.rs	3	3	6	0.47540983606557374
src/librustdoc/trim_pass.rs	8	4	12	0.625
src/test/run-pass/bind-parameterized-args.rs	0	7	7	0.46153846153846156
src/test/compile-fail/struct-no-fields-5.rs	6	3	9	0.5054945054945055
src/doc/style/style/naming/containers.md	5	6	11	0.38823529411764707
src/rt/sync/lock_free_queue.cpp	0	4	4	0.42857142857142855
src/test/compile-fail/unsafe-subtyping.rs	3	3	6	0.45161290322580644
src/test/compile-fail/builtin-superkinds-in-metadata.rs	12	3	15	0.6019900497512438
src/test/debuginfo/lexical-scope-in-stack-closure.rs	10	3	13	0.4052044609665427
src/test/parse-fail/issue-2354.rs	6	2	8	0.6285714285714286
src/test/compile-fail/issue-13466.rs	14	3	17	0.44285714285714284
src/test/compile-fail/type-params-in-different-spaces-1.rs	10	3	13	0.45045045045045046
src/test/run-pass/match-pattern-no-type-params.rs	4	4	8	0.5630252100840336
src/test/compile-fail/unbalanced-comment.rs	0	6	6	0.46153846153846156
src/doc/po/ja/complement-project-faq.md.po	3	1	4	0.8955223880597015
src/test/incremental/cache_file_headers.rs	4	4	8	0.3793103448275862
src/librustc_mir/build/matches/mod.rs	21	4	25	0.5441176470588235
src/test/rustdoc/aux/reexp_stripped.rs	0	1	1	1.0
src/test/run-pass/const-extern-function.rs	11	3	14	0.5088757396449705
src/rustdoc/attr_parser.rs	11	3	14	0.5365853658536586
src/rustdoc/sectionalize_pass.rs	9	5	14	0.3409090909090909
src/test/ui/compare-method/region-extra.stderr	0	2	2	0.696969696969697
src/test/run-pass/issue-33096.rs	3	2	5	0.717948717948718
src/test/compile-fail/visible-private-types-supertrait.rs	10	3	13	0.4177215189873418
src/rt/boxed_region.h	8	3	11	0.46
src/test/run-pass/unique-log.rs	11	3	14	0.6847826086956522
src/test/run-pass/issue-11047.rs	2	2	4	0.7142857142857143
src/test/compile-fail/E0138.rs	2	5	7	0.4098360655737705
src/test/auxiliary/issue-3012-1.rs	18	4	22	0.547244094488189
src/test/compile-fail/borrowck-escaping-closure-error-2.rs	4	4	8	0.46153846153846156
src/test/parse-fail/keyword-final.rs	6	3	9	0.5333333333333333
src/test/bench/shootout/binarytrees.rs	0	4	4	0.375
src/rt/jemalloc/src/chunk.c	3	2	5	0.8
src/test/compile-fail/cfg-arg-invalid.rs	2	3	5	0.7878787878787878
src/test/compile-fail/associated-types/bound-lifetime-in-binding-only.rs	1	4	5	0.4318181818181818
src/test/run-pass/i8-incr.rs	12	3	15	0.3563218390804598
src/test/compile-fail/unnecessary-io.rs	0	2	2	0.75
src/test/run-pass/const-enum-vec-ptr.rs	12	4	16	0.5321428571428571
src/test/codegen/fatptr.rs	2	2	4	0.7083333333333334
src/test/run-pass/str-multiline.rs	16	3	19	0.5343137254901961
src/test/run-fail/overflowing-simd-rsh-1.rs	4	2	6	0.8448275862068966
src/test/run-pass/default_ty_param_default_dependent_associated_type.rs	2	3	5	0.7317073170731707
src/test/run-pass/const-fn-const-eval.rs	2	2	4	0.5769230769230769
src/test/incremental/string_constant.rs	2	6	8	0.4409448818897638
src/test/compile-fail/dropck_tarena_cycle_checked.rs	7	4	11	0.4627450980392157
src/etc/make-snapshot.py	11	3	14	0.6785714285714286
src/libextra/comm.rs	14	1	15	0.8590308370044053
src/test/parse-fail/lifetime-no-keyword.rs	6	4	10	0.45871559633027525
src/test/compile-fail/issue-32089.rs	2	3	5	0.4146341463414634
src/librustc_plugin/build.rs	8	4	12	0.4801980198019802
src/test/run-pass/tcp-connect-timeouts.rs	14	3	17	0.415625
src/rt/jemalloc/include/jemalloc/internal/size_classes.sh	0	5	5	0.7777777777777778
src/etc/gedit/readme.txt	8	2	10	0.46153846153846156
src/test/compile-fail/borrowck-break-uninit-2.rs	8	3	11	0.5612244897959183
src/test/run-pass/regions-addr-of-interior-of-unique-box.rs	10	3	13	0.45864661654135336
src/test/compile-fail/type-mismatch-same-crate-name.rs	3	3	6	0.6115702479338843
src/doc/nomicon/ownership.md	3	5	8	0.6593406593406593
src/test/compile-fail/functional-struct-update.rs	5	6	11	0.1935483870967742
src/test/run-make/pretty-print-path-suffix/nest_foo.pp	3	1	4	0.8571428571428571
src/test/run-pass-fulldeps/mbe_matching_test_macro.rs	3	2	5	0.7083333333333334
src/test/compile-fail/deriving-span-PartialEq-struct.rs	4	3	7	0.5
src/test/auxiliary/cci_class_3.rs	14	4	18	0.34210526315789475
src/test/compile-fail/bad-expr-path2.rs	21	3	24	0.5372340425531915
src/libcollectionstest/fmt.rs	4	3	7	0.3880597014925373
src/test/run-make/rustdoc-recursion/foo3.rs	1	3	4	0.6
src/rt/rust_try.ll	6	4	10	0.455026455026455
src/test/rustdoc/issue-16019.rs	2	3	5	0.4782608695652174
src/test/compile-fail/loops-reject-duplicate-labels-2.rs	8	4	12	0.48091603053435117
src/rt/libuv/src/ares/ares_expand_string.c	0	3	3	0.6
src/libstd/rt/io/mock.rs	4	1	5	0.8823529411764706
src/test/compile-fail/recursion.rs	9	4	13	0.6222222222222222
src/libstd/sync/mpsc/spsc_queue.rs	26	3	29	0.42744063324538256
src/test/compile-fail/method-commit-to-trait.rs	0	4	4	0.78125
src/rt/libuv/src/eio/config.h.in	0	3	3	0.3333333333333333
src/test/run-pass/issue-4759-1.rs	7	3	10	0.43448275862068964
src/boot/fe/pexp.ml	6	1	7	0.8048780487804879
src/test/run-pass/overloaded-deref-count.rs	11	3	14	0.5087108013937283
src/librustc/middle/trans/write_guard.rs	14	1	15	0.8375451263537906
src/rt/libuv/src/eio/eio.pod	0	3	3	0.3333333333333333
src/libcore/u8.rs	0	6	6	0.3888888888888889
src/test/run-pass/block-arg-as-stmt-with-value.rs	0	1	1	1.0
src/test/compile-fail/issue-27895.rs	6	4	10	0.5714285714285714
src/test/run-pass/issue-2735.rs	18	3	21	0.5218978102189781
src/rt/libuv/test/test-list.h	0	5	5	0.4444444444444444
src/test/compile-fail/unsized3.rs	17	3	20	0.5296912114014252
src/libterm/terminfo/parser/compiled.rs	26	4	30	0.5449620801733478
src/librustc/middle/moves.rs	28	1	29	0.8042105263157895
safe-unsafe-meaning.md	0	1	1	1.0
src/test/compile-fail/issue-6762.rs	6	1	7	0.890625
src/test/run-pass-fulldeps/proc-macro/expand-with-a-macro.rs	0	3	3	0.3333333333333333
src/test/pretty/match-naked-expr-long.rs	3	1	4	0.9473684210526315
src/comp/middle/trans/native.rs	0	5	5	0.4166666666666667
src/librustc_trans/debuginfo/utils.rs	10	4	14	0.4024896265560166
src/rt/sundown/.gitignore	0	2	2	0.9310344827586207
src/test/compile-fail/dropck-eyepatch.rs	0	1	1	1.0
src/test/run-make/allow-warnings-cmdline-stability/1	3	4	7	0.49230769230769234
src/test/run-pass/rt-sched-1.rs	12	4	16	0.4435483870967742
src/test/run-pass/tuple-struct-construct.rs	13	3	16	0.5260663507109005
src/rt/libuv/test/test-udp-ipv6.c	0	1	1	1.0
src/lib/Time.rs	0	2	2	0.5
src/test/run-pass/coerce-reborrow-mut-ptr-arg.rs	7	3	10	0.4444444444444444
src/test/run-pass/explicit_self_xcrate_exe.rs	12	2	14	0.6
src/etc/test-float-parse/u32-small.rs	4	1	5	0.8536585365853658
src/libsyntax/print/pprust.rs	139	3	142	0.5425628597394729
src/test/run-fail/linked-failure4.rs	9	3	12	0.5714285714285714
src/test/debuginfo/gdb-pretty-std.rs	5	3	8	0.44776119402985076
src/test/run-pass/vec_cycle.rs	4	4	8	0.5
src/test/compile-fail/issue-28576.rs	1	3	4	0.6428571428571429
src/test/compile-fail/if-let.rs	8	3	11	0.47413793103448276
src/test/run-make/target-specs/my-awesome-platform.json	7	4	11	0.47692307692307695
src/rt/sundown/html/html_smartypants.c	0	2	2	0.9310344827586207
src/test/run-pass/mod_dir_path_multi.rs	11	4	15	0.4473684210526316
src/test/compile-fail/deriving-span-Ord-struct.rs	4	1	5	0.8939393939393939
src/test/run-pass/class-poly-methods.rs	23	3	26	0.4538834951456311
src/test/compile-fail/utf8_idents.rs	7	5	12	0.5384615384615384
src/test/compile-fail/stability-attribute-sanity-2.rs	2	2	4	0.828125
src/test/run-pass/u8-incr-decr.rs	12	3	15	0.35428571428571426
src/test/compile-fail/asm-out-no-modifier.rs	16	3	19	0.4981549815498155
src/test/compile-fail/union-uninitialized.rs	0	1	1	1.0
src/test/rustdoc/issue-20175.rs	2	3	5	0.4782608695652174
src/test/compile-fail/unboxed-closure-sugar-wrong-number-number-type-parameters.rs	5	3	8	0.40522875816993464
src/test/run-pass/issue-3656.rs	13	3	16	0.49489795918367346
src/doc/style/style/README.md	4	6	10	0.2111111111111111
src/test/compile-fail/keyword-impl-as-identifier.rs	2	3	5	0.3275862068965517
src/libstd/sys/windows/mutex.rs	16	5	21	0.4237588652482269
src/librustc/middle/traits/util.rs	26	4	30	0.43232044198895025
src/test/compile-fail/removed-syntax-extern-const.rs	5	3	8	0.45454545454545453
src/test/run-pass/mod_dir_simple.rs	12	3	15	0.4533333333333333
src/test/compile-fail/extern-cstack-lint.rs	0	2	2	0.9230769230769231
src/librustc_trans/trans/debuginfo/types.rs	0	1	1	1.0
src/test/compile-fail/extfmt-unknown-type.rs	6	4	10	0.6388888888888888
doc/po/ja/tutorial-borrowed-ptr.md.po	4	1	5	0.8936170212765957
src/test/compile-fail/tuple-index-not-tuple.rs	5	3	8	0.5316455696202531
src/test/run-pass/huge-largest-array.rs	8	5	13	0.3870967741935484
src/test/compile-fail/dst-bad-coerce3.rs	5	3	8	0.38317757009345793
src/librustc_trans/trans/abi.rs	1	3	4	0.44285714285714284
src/test/compile-fail/empty-struct-tuple-pat.rs	4	4	8	0.37168141592920356
src/test/run-pass/alias-uninit-value.rs	17	4	21	0.29130434782608694
src/test/compile-fail-fulldeps/syntax-extension-fourcc-unsupported-literal.rs	2	1	3	0.92
src/doc/tarpl/atomics.md	0	3	3	0.7115384615384616
src/test/run-pass/.gitattributes	2	2	4	0.7692307692307693
mk/libuv/x86_64/mac/src/libuv/run-tests.target.mk-e	0	3	3	0.3333333333333333
src/test/compile-fail/borrowck-move-mut-base-ptr.rs	11	2	13	0.4939759036144578
src/libstd/sys/windows/pipe2.rs	3	3	6	0.518918918918919
src/test/stdtest/result.rs	0	3	3	0.5
src/rt/arch/x64/ccall.S	0	1	1	1.0
src/test/run-pass/abi-sysv64-register-usage.rs	3	3	6	0.48936170212765956
src/test/compile-fail/mutex-arc-nested.rs	6	1	7	0.8955223880597015
src/doc/book/loops.md	11	4	15	0.6
src/librustc/middle/traits/project.rs	21	4	25	0.461003861003861
src/test/compile-fail/bad-format-args.rs	3	5	8	0.4015748031496063
src/doc/style/features/types/conversions.md	4	6	10	0.2111111111111111
src/rt/libuv/src/unix/ev/ev_poll.c	0	1	1	1.0
src/test/run-pass/constraint-prop-expr-move.rs	2	7	9	0.23076923076923078
src/test/run-pass/rec-align-32-bit.rs	0	1	1	1.0
src/test/run-pass/trait-coercion-generic.rs	11	3	14	0.45901639344262296
src/librustdoc/html/format.rs	64	4	68	0.5041480536056159
src/test/run-pass/unboxed-closures-infer-upvar.rs	9	3	12	0.30985915492957744
src/doc/nomicon/working-with-unsafe.md	0	3	3	0.6923076923076923
src/rustc/middle/trans/controlflow.rs	1	6	7	0.25
src/test/run-fail/meta-revision-ok.rs	5	3	8	0.5806451612903226
src/test/debuginfo/no-debug-attribute.rs	12	4	16	0.45112781954887216
src/test/compile-fail/typeck-default-trait-impl-negation.rs	7	3	10	0.4909090909090909
src/librustc_mir/build/matches/simplify.rs	12	3	15	0.6063829787234043
src/libregex/test/mod.rs	8	3	11	0.5508021390374331
src/test/compile-fail/issue-14853.rs	11	4	15	0.3732590529247911
src/libstd/rand/distributions.rs	10	2	12	0.8383233532934131
src/test/compile-fail/lint-dead-code-variant.rs	4	2	6	0.5454545454545454
src/test/run-pass/vec-in-tup.rs	0	3	3	0.75
src/test/compile-fail/aux/macro_crate_nonterminal.rs	0	1	1	1.0
src/test/run-pass/union/union-derive.rs	3	4	7	0.5176470588235295
src/rustc/syntax/ext/ident_to_str.rs	0	1	1	1.0
src/librustc_borrowck/borrowck/mir/dataflow/impls.rs	10	6	16	0.4180327868852459
src/test/compile-fail/issue-12796.rs	7	3	10	0.5808823529411765
src/test/run-pass/extern-methods.rs	8	4	12	0.3544973544973545
src/rt/libuv/src/unix/eio/config_sunos.h	0	2	2	0.75
src/test/run-pass/extern-pub.rs	11	3	14	0.512
src/test/run-pass/assert-approx-eq-macro-success.rs	3	1	4	0.9148936170212766
src/test/compile-fail/inherit-struct7.rs	2	2	4	0.8181818181818182
src/libstd/unsafe.rs	0	1	1	1.0
src/test/run-pass/issue-14422.rs	4	3	7	0.40816326530612246
src/libnum/lib.rs	11	2	13	0.8341836734693877
src/test/compile-fail/E0050.rs	2	5	7	0.36283185840707965
src/test/compile-fail/dropck_trait_cycle_checked.rs	6	3	9	0.6521739130434783
src/librustc_macro/Cargo.toml	3	4	7	0.5857142857142857
src/test/auxiliary/issue-18048-lib.rs	0	1	1	1.0
src/test/compile-fail/tstate-while.rs	0	6	6	0.3333333333333333
src/test/stdtest/stdtest.rc	5	5	10	0.5161290322580645
src/test/run-pass/issue-31776.rs	3	4	7	0.3669724770642202
src/rt/rust_test_helpers.c	14	3	17	0.7125506072874493
src/libuuid/lib.rs	24	2	26	0.844574780058651
src/libstd/num/i8.rs	17	3	20	0.7060041407867494
src/test/run-pass/unboxed-closures-monomorphization.rs	9	4	13	0.3391304347826087
src/liblog/macros.rs	21	3	24	0.4373795761078998
src/test/run-pass/regions-free-region-outlives-static-outlives-free-region.rs	0	2	2	0.6666666666666666
src/test/compile-fail/union-const-pat.rs	0	1	1	1.0
src/test/parse-fail/raw-byte-string-literals.rs	5	4	9	0.35555555555555557
src/test/run-pass/coerce-match-calls.rs	10	4	14	0.3475177304964539
src/librustc/infer/sub.rs	7	5	12	0.3869565217391304
src/test/run-pass/trait-inheritance-subst2.rs	13	3	16	0.5159817351598174
src/test/run-pass/lib-list.rs	0	5	5	0.3333333333333333
src/test/run-pass/native-no-abi.rs	0	2	2	0.5
src/test/rustdoc/auxiliary/src-links-external.rs	2	5	7	0.4583333333333333
src/test/run-pass/issue-29710.rs	3	2	5	0.7741935483870968
src/rt/libuv/test/test-timer.c	0	5	5	0.5
src/test/compile-fail/keyword-extern-as-identifier.rs	2	3	5	0.3275862068965517
src/etc/vim/compiler/cargo.vim	3	4	7	0.5869565217391305
src/test/rustdoc/aux/issue-22025.rs	0	1	1	1.0
src/test/run-pass/show-boxed-slice.rs	7	4	11	0.3669064748201439
src/test/run-make/prefer-dylib/bar.rs	3	1	4	0.8695652173913043
src/test/run-fail/doublepanic.rs	4	4	8	0.4915254237288136
src/test/run-pass/aux/issue-2526.rs	0	1	1	1.0
src/test/run-pass/issue-8983.rs	3	2	5	0.8181818181818182
src/libregex/testdata/basic.dat	2	4	6	0.5686274509803921
src/test/run-pass/unboxed-closures-generic.rs	12	3	15	0.34615384615384615
src/doc/style/style/whitespace.md	5	6	11	0.437125748502994
src/librustc/middle/trans/value.rs	11	2	13	0.7596153846153846
src/lib/Dbg.rs	0	1	1	1.0
src/test/compile-fail/aux/issue_12612_1.rs	0	1	1	1.0
src/test/compile-fail/variance-associated-types.rs	6	6	12	0.2983425414364641
src/test/run-fail/overflowing-rsh-1.rs	14	5	19	0.33220338983050846
src/test/debuginfo/struct-namespace.rs	2	3	5	0.3939393939393939
src/rustc/back/abi.rs	0	7	7	0.2777777777777778
src/test/compile-fail/issue-15094.rs	19	3	22	0.474025974025974
src/test/compile-fail/issue-3651.rs	3	4	7	0.6862745098039216
src/test/run-pass/issue-5192.rs	9	3	12	0.4869109947643979
src/test/compile-fail/autoderef-privacy.rs	0	1	1	1.0
src/test/run-pass/issue-20055-box-trait.rs	5	3	8	0.514018691588785
src/test/run-pass/issue-10028.rs	4	3	7	0.43333333333333335
src/test/compile-fail/noncopyable-match-pattern.rs	10	2	12	0.6571428571428571
src/test/run-pass/move-2-unique.rs	12	3	15	0.43891402714932126
src/librustdoc/passes/mod.rs	4	4	8	0.37894736842105264
src/test/parse-fail/trait-pub-method.rs	5	3	8	0.42592592592592593
src/librustc_trans/trans/cleanup.rs	25	4	29	0.3814866760168303
src/test/ui/macros/macro-backtrace-println.stderr	2	3	5	0.46808510638297873
src/test/compile-fail/tstate-if-no-else.rs	0	6	6	0.3333333333333333
src/test/debug-info/lexical-scope-in-while.rs	7	1	8	0.9157894736842105
src/test/bench/core-set.rs	30	3	33	0.5702629193109701
src/test/run-pass/issue-36768.rs	4	4	8	0.4339622641509434
src/test/run-pass/default_ty_param_trait_impl.rs	2	3	5	0.725
src/librustc/front/intrinsic.rs	8	3	11	0.6346153846153846
src/test/run-pass/generic-ivec-leak.rs	21	3	24	0.4939271255060729
src/test/compile-fail-fulldeps/issue-18986.rs	14	4	18	0.5054151624548736
src/libcoretest/nonzero.rs	5	3	8	0.4076086956521739
src/test/run-pass/issue-20544.rs	4	3	7	0.5441176470588235
src/test/run-pass/mir_coercion_casts.rs	3	5	8	0.41237113402061853
src/test/compile-fail/issue-4201.rs	10	4	14	0.5290322580645161
src/test/run-make/suspicious-library/Makefile	1	2	3	0.5384615384615384
src/doc/tarpl/unwinding.md	0	3	3	0.74
src/test/run-pass/issue-26641.rs	1	3	4	0.5833333333333334
src/comp/middle/trans/uniq.rs	0	6	6	0.5384615384615384
src/test/run-pass/multi-let.rs	12	3	15	0.5416666666666666
src/test/compile-fail/issue-31221.rs	3	6	9	0.3442622950819672
src/test/compile-fail/issue-22599.rs	1	2	3	0.52
src/libcore/task/spawn.rs	16	4	20	0.554945054945055
src/test/compile-fail/issue-2849.rs	6	5	11	0.4107142857142857
src/test/run-fail/assert-eq-macro-fail.rs	10	1	11	0.8725490196078431
src/test/compile-fail/expr_attr_paren_order.rs	2	2	4	0.7619047619047619
src/test/compile-fail/private-variant-reexport.rs	4	3	7	0.5833333333333334
src/test/run-pass/issue-15063.rs	2	3	5	0.36923076923076925
src/librustc_data_structures/unify/tests.rs	4	2	6	0.6741573033707865
src/test/rustdoc/smoke.rs	0	3	3	0.3333333333333333
src/test/run-pass/coherence_copy_like.rs	3	3	6	0.37037037037037035
src/test/auxiliary/issue_12612_2.rs	3	3	6	0.373134328358209
src/test/run-pass/lib-str-buf.rs	0	7	7	0.3076923076923077
src/test/compile-fail/object-lifetime-default.rs	6	4	10	0.40625
src/test/run-pass/struct-lit-functional-update-no-fields.rs	4	1	5	0.9285714285714286
src/test/compile-fail/binop-logic-float.rs	8	4	12	0.3469387755102041
src/test/run-pass/alt-unique-bind.rs	7	2	9	0.575
src/doc/book/casting-between-types.md	5	4	9	0.4975845410628019
mk/cfg/armv7-linux-androideabi.mk	1	4	5	0.5128205128205128
src/libstd/sys/unix/timer.rs	12	3	15	0.49902534113060426
src/libextra/net/tcp.rs	3	2	5	0.851063829787234
src/test/run-make/symlinked-libraries/Makefile	2	2	4	0.717391304347826
src/test/compile-fail/dep-graph-assoc-type-trans.rs	2	3	5	0.6235294117647059
src/test/auxiliary/weak-lang-items.rs	7	4	11	0.48056537102473496
doc/tutorial-macros.md	17	4	21	0.6235294117647059
src/test/run-pass/issue-26484.rs	3	2	5	0.5652173913043478
src/test/run-pass/rec.rs	13	3	16	0.3403361344537815
src/rt/vec_append.ll	0	2	2	0.5
src/test/run-pass/issue-2642.rs	6	3	9	0.4931506849315068
src/librustc_typeck/variance/xform.rs	6	4	10	0.4566929133858268
src/test/run-fail/issue-12920.rs	7	4	11	0.48201438848920863
src/test/run-pass/issue-4759.rs	6	3	9	0.43089430894308944
src/libcore/num/f64.rs	38	4	42	0.5884194053208138
src/test/compile-fail/range_traits-5.rs	1	5	6	0.5
src/test/debuginfo/borrowed-tuple.rs	12	3	15	0.5551470588235294
src/lib/cmath.rs	0	3	3	0.3333333333333333
src/test/compile-fail/typeck-negative-impls-builtin.rs	5	3	8	0.5232558139534884
src/librustc/hir/print.rs	17	5	22	0.471875
src/libstd/io/native/mod.rs	2	2	4	0.8909090909090909
src/test/run-make/archive-duplicate-names/bar.c	3	3	6	0.475
src/test/run-pass/type-in-nested-module.rs	10	3	13	0.34951456310679613
src/etc/platform-intrinsics/x86/sse.json	6	3	9	0.6565656565656566
src/test/run-pass/enum-vec-initializer.rs	9	4	13	0.49327354260089684
src/test/run-pass/issue-20644.rs	6	3	9	0.46621621621621623
src/test/run-pass/empty-type-parameter-list.rs	2	3	5	0.6530612244897959
src/libcollectionstest/btree/map.rs	15	4	19	0.5676190476190476
src/test/run-pass/issue-3874.rs	11	4	15	0.3948497854077253
src/test/compile-fail/struct-variant-privacy.rs	7	3	10	0.7575757575757576
src/test/run-pass/share-arc.rs	0	1	1	1.0
mk/cfg/asmjs-unknown-emscripten.mk	5	4	9	0.6136363636363636
src/test/run-pass/where-clause-region-outlives.rs	6	3	9	0.6357142857142857
src/test/compile-fail/packed-struct-generic-transmute.rs	13	3	16	0.6225806451612903
mk/libuv/x86_64/unix/freebsd/src/libuv/run-tests.target.mk	0	5	5	0.5833333333333334
src/test/run-pass/module-polymorphism2-files/float-template/inst_float.rs	0	2	2	0.8571428571428571
src/librustdoc/desc_to_brief_pass.rs	13	4	17	0.6379310344827587
src/test/run-pass/logging-enabled-debug.rs	10	3	13	0.49324324324324326
src/librustc/middle/typeck/infer/equate.rs	4	4	8	0.39572192513368987
src/test/run-pass/bug-7183-generics.rs	9	3	12	0.6066176470588235
src/rt/sundown/html/html.h	0	2	2	0.9310344827586207
src/test/run-pass/issue-6449.rs	5	4	9	0.3651685393258427
src/test/auxiliary/reexported_static_methods.rs	7	4	11	0.6086956521739131
src/doc/tarpl/uninitialized.md	0	3	3	0.7631578947368421
src/test/parse-fail/pat-lt-bracket-6.rs	5	3	8	0.569620253164557
src/test/compile-fail/vec-concat-bug.rs	5	5	10	0.3333333333333333
src/test/debug-info/tuple.rs	4	2	6	0.8085106382978723
src/test/incremental/hello_world.rs	3	4	7	0.4878048780487805
src/test/run-pass/issue-14039.rs	3	3	6	0.3855421686746988
src/comp/middle/tstate/ck.rs	8	6	14	0.21739130434782608
src/test/debuginfo/multiple-functions-equal-var-names.rs	11	3	14	0.48947368421052634
src/test/auxiliary/trait_inheritance_auto_xc_aux.rs	8	4	12	0.47530864197530864
src/test/compile-fail/enum-to-float-cast-2.rs	5	3	8	0.40476190476190477
src/test/run-pass/issue-29053.rs	2	3	5	0.4492753623188406
src/rustc/metadata/astencode.rs	4	6	10	0.22033898305084745
src/test/compile-fail/main-wrong-type.rs	14	4	18	0.453781512605042
src/test/run-pass/parse-fail.rs	12	2	14	0.75
src/test/run-pass/issue-37020.rs	0	4	4	0.3333333333333333
src/test/compile-fail/generic-impl-less-params-with-defaults.rs	7	3	10	0.5419847328244275
src/librustc_const_math/int.rs	4	3	7	0.6097560975609756
src/test/run-pass/regions-trait.rs	8	3	11	0.6837606837606838
src/test/run-pass/bind-obj-ctor.rs	0	6	6	0.3333333333333333
src/test/rustdoc/aux/issue-21092.rs	0	1	1	1.0
src/test/compile-fail/regions-variance-invariant-use-covariant.rs	2	3	5	0.6595744680851063
src/rustdoc/html_escape_pass.rs	0	1	1	1.0
src/test/run-pass/sio-ctx.rs	0	5	5	0.45454545454545453
src/test/run-pass-fulldeps/auxiliary/linkage-visibility.rs	0	2	2	0.6666666666666666
src/doc/book/effective-rust.md	2	4	6	0.5111111111111111
src/doc/style/style/features.md	6	6	12	0.44808743169398907
src/test/run-pass/mod-merge-hack-inst.rs	4	2	6	0.6071428571428571
src/test/run-pass/unsafe-coercion.rs	4	3	7	0.3684210526315789
src/doc/trpl/variable-bindings.md	12	4	16	0.4397905759162304
src/test/run-pass/deriving-param-pass-through.rs	0	4	4	0.42857142857142855
src/libextra/uv_global_loop.rs	6	2	8	0.8070175438596491
src/doc/trpl/ufcs.md	4	4	8	0.528169014084507
src/libbacktrace/print.c	9	4	13	0.6176470588235294
src/test/compile-fail/static-mut-bad-types.rs	3	3	6	0.71875
src/test/run-pass/iface-cast.rs	0	10	10	0.15789473684210525
src/doc/nomicon/coercions.md	4	3	7	0.5185185185185185
doc/version_info_template.html	0	6	6	0.3333333333333333
src/libcollectionstest/string.rs	22	4	26	0.5595054095826894
src/test/run-pass/attr-mix-new.rs	6	3	9	0.5368421052631579
src/test/rustdoc/issue-30252.rs	2	3	5	0.5641025641025641
src/test/compile-fail-fulldeps/rustc-macro/exports.rs	4	4	8	0.5694444444444444
src/test/compile-fail/foreign-unsafe-fn.rs	6	3	9	0.5384615384615384
src/doc/nomicon/hrtb.md	0	3	3	0.6923076923076923
src/test/pretty/match-block-expr.rs	4	2	6	0.5862068965517241
src/test/compile-fail/return-in-block-function.rs	6	1	7	0.76
src/test/run-pass/lib-deque.rs	2	4	6	0.47619047619047616
src/librustsyntax/ext/concat_idents.rs	0	5	5	0.3333333333333333
configure	171	4	175	0.5218774860779634
src/libstd/rt/uv/uvll.rs	18	1	19	0.7545454545454545
src/test/run-pass/zero-sized-btreemap-insert.rs	2	3	5	0.6341463414634146
src/test/compile-fail/issue-22933-1.rs	3	3	6	0.6842105263157895
src/test/run-pass/cell-does-not-clone.rs	7	3	10	0.38495575221238937
src/test/run-pass-fulldeps/derive-totalsum-attr.rs	2	3	5	0.717948717948718
src/test/run-pass/aux/issue-18514.rs	0	1	1	1.0
src/test/run-pass/vec-fixed-length.rs	16	3	19	0.4094488188976378
src/test/compile-fail/asm-misplaced-option.rs	16	4	20	0.5045317220543807
src/rustc/metadata/encoder.rs	13	7	20	0.16296296296296298
src/rt/libuv/src/ares/ares_parse_a_reply.c	0	4	4	0.5714285714285714
src/test/run-pass/once-move-out-on-heap.rs	13	4	17	0.6351791530944625
mk/libuv/ia32/mac/src/libuv/uv.target.mk	0	6	6	0.5
src/test/compile-fail/unreachable-in-call.rs	1	3	4	0.6428571428571429
src/test/compile-fail/lint-type-overflow2.rs	4	6	10	0.45977011494252873
src/test/compile-fail/regions-var-type-out-of-scope.rs	13	3	16	0.6036036036036037
mk/libuv/ia32/unix/linux/Makefile	0	4	4	0.6363636363636364
src/test/run-pass/issue-8398.rs	5	4	9	0.4413145539906103
src/test/compile-fail/object-safety-no-static.rs	4	4	8	0.5648854961832062
src/test/compile-fail/removed-syntax-fn-sigil.rs	4	3	7	0.5396825396825397
src/test/compile-fail/while-loop-constraints.rs	0	7	7	0.2857142857142857
src/test/parse-fail/pat-ranges-3.rs	4	2	6	0.48717948717948717
src/test/rustdoc/issue-19190-3.rs	5	3	8	0.46296296296296297
src/librustc_data_structures/control_flow_graph/reference.rs	7	4	11	0.4318181818181818
src/test/compile-fail/issue-22426.rs	0	1	1	1.0
src/test/run-make/missing-crate-dependency/crateC.rs	0	3	3	0.875
src/librustc_back/target/thumbv7em_none_eabi.rs	3	4	7	0.4444444444444444
src/test/compile-fail/aux/svh-b.rs	0	1	1	1.0
src/test/run-pass/enum-mach-type-compat.rs	0	2	2	0.6666666666666666
src/test/compile-fail/block-coerce-no.rs	12	3	15	0.576530612244898
src/libsyntax/ext/log_syntax.rs	30	2	32	0.6330128205128205
src/etc/vim/ftdetect/rust.vim	6	3	9	0.3958333333333333
src/test/run-pass/xc_conditions_client.rs	3	1	4	0.9354838709677419
doc/guide-macros.md	0	4	4	0.8421052631578947
src/rustc/middle/lint.rs	11	7	18	0.21604938271604937
src/librustc_back/target/powerpc64_unknown_linux_gnu.rs	9	5	14	0.5578512396694215
src/test/compile-fail/union/union-feature-gate.rs	3	3	6	0.5116279069767442
src/librustc_trans/trans/mir/statement.rs	8	2	10	0.6493506493506493
src/test/run-pass/issue-20343.rs	5	3	8	0.44545454545454544
src/librustc_metadata/loader.rs	24	5	29	0.4744245524296675
src/test/run-pass/pure-fmt.rs	10	3	13	0.6521739130434783
src/test/compile-fail/parser-recovery-2.rs	3	3	6	0.6612903225806451
src/rt/jemalloc/include/jemalloc/internal/prng.h	3	2	5	0.8
src/test/rustdoc/cap-lints.rs	2	2	4	0.6551724137931034
src/libstd/sys/unix/ext/fs.rs	16	4	20	0.579454253611557
src/test/compile-fail/column-offset-1-based.rs	8	3	11	0.6
src/test/run-pass/aux/svh-a-comment.rs	0	1	1	1.0
src/rt/new_exit.ll	0	2	2	0.6666666666666666
src/test/run-pass/trait-inheritance-diamond.rs	7	4	11	0.3586206896551724
src/test/compile-fail/issue-5844.rs	3	3	6	0.6122448979591837
src/test/compile-fail/feature-gate-allow-internal-unstable-nested-macro.rs	5	4	9	0.3956043956043956
src/test/compile-fail/match-pattern-field-mismatch-2.rs	10	5	15	0.5161290322580645
src/libstd/sys.rs	14	2	16	0.8010899182561307
src/test/compile-fail/mod_file_not_exist.rs	10	4	14	0.6019417475728155
src/test/compile-fail/mod_file_disambig_aux/mod.rs	3	1	4	0.875
src/test/auxiliary/rustdoc-hidden.rs	3	3	6	0.43373493975903615
src/test/compile-fail/for-loop-decl.rs	13	4	17	0.5393258426966292
src/rt/jemalloc/test/rallocm.c	0	5	5	0.7777777777777778
src/test/parse-fail/macro-bad-delimiter-ident.rs	3	4	7	0.4117647058823529
src/rt/jemalloc/config.sub	0	5	5	0.7777777777777778
src/test/run-pass/deriving-primitive.rs	7	4	11	0.4256410256410256
src/test/run-pass/last-use-in-cap-clause.rs	19	3	22	0.42637362637362636
src/test/compile-fail/pattern-bindings-after-at.rs	6	3	9	0.43209876543209874
src/libcore/libc.rs	17	4	21	0.5622775800711743
src/librustc_trans/trans/tvec.rs	25	4	29	0.40347666971637697
src/test/run-pass/generic-type.rs	10	3	13	0.2962962962962963
src/test/compile-fail/issue-3044.rs	23	6	29	0.48614609571788414
src/test/auxiliary/namespaced_enum_emulate_flat.rs	9	4	13	0.3553299492385787
src/test/compile-fail/issue-17780.rs	1	2	3	0.9142857142857143
src/librustc/hir/svh.rs	4	4	8	0.5743243243243243
src/test/auxiliary/syntax_extension_with_dll_deps_1.rs	4	4	8	0.3173076923076923
src/test/run-pass/issue18173.rs	2	2	4	0.5142857142857142
src/doc/trpl/src/testing.md	0	1	1	1.0
mk/cfg/x86_64-pc-windows-msvc.mk	4	4	8	0.6171875
src/test/compile-fail/namespaced-enum-glob-import-no-impls.rs	3	3	6	0.4782608695652174
src/test/run-pass/issue-12133-1.rs	4	3	7	0.4634146341463415
src/test/compile-fail/huge-array-simple.rs	8	3	11	0.36904761904761907
src/test/compile-fail/regions-implied-bounds-projection-gap-2.rs	1	2	3	0.8571428571428571
src/test/compile-fail/bad-main.rs	15	5	20	0.41739130434782606
src/test/run-pass/sync-send-iterators-in-libcollections.rs	10	4	14	0.5209003215434084
src/rt/jemalloc/test/bitmap.exp	0	5	5	0.7777777777777778
src/test/compile-fail/issue-32326.rs	4	5	9	0.30434782608695654
src/test/compile-fail/item-name-overload.rs	0	8	8	0.25
src/librustc_typeck/rscope.rs	19	5	24	0.35263835263835264
src/test/run-pass/generic-derived-type.rs	16	3	19	0.6061946902654868
src/test/run-make/llvm-pass/main.rs	0	4	4	0.6875
src/librustc_trans/debuginfo/source_loc.rs	5	6	11	0.4010989010989011
src/test/compile-fail/two-allocators-2.rs	1	2	3	0.88
src/test/run-pass/empty-struct-braces.rs	4	5	9	0.5130434782608696
src/test/run-pass/unboxed-closures-infer-fnmut-move.rs	9	4	13	0.32592592592592595
src/test/run-pass/issue-32389.rs	2	4	6	0.43243243243243246
src/test/compile-fail/non-constant-expr-for-fixed-len-vec.rs	12	3	15	0.5446009389671361
mk/boot.mk	0	1	1	1.0
src/test/run-pass/cleanup-arm-conditional.rs	10	3	13	0.4973544973544973
src/test/parse-fail/where-clauses-no-bounds-or-predicates.rs	5	4	9	0.35555555555555557
src/test/compile-fail/issue-20427.rs	5	3	8	0.4064516129032258
src/librustc/middle/check_static.rs	18	3	21	0.42573221757322177
src/test/run-fail/borrowck-wg-fail-object.rs	4	1	5	0.8974358974358975
src/libcore/container.rs	6	3	9	0.7352941176470589
mk/libuv/ia32/win/Makefile	0	6	6	0.5
src/librustsyntax/attr.rs	0	5	5	0.375
src/librustdoc/html/static/normalize.css	2	2	4	0.8974358974358975
src/test/run-pass/once-move-out-on-stack.rs	11	1	12	0.8819875776397516
src/test/run-make/pretty-print-to-file/input.rs	0	3	3	0.8571428571428571
src/rt/libuv/src/ares/config_darwin/ares_config.h	0	4	4	0.5
src/test/bench/rt-messaging-ping-pong.rs	24	3	27	0.5579322638146168
src/test/run-pass/trait-default-method-bound-subst.rs	16	3	19	0.5083798882681564
src/test/compile-fail/import-glob-multiple.rs	0	9	9	0.21428571428571427
src/test/compile-fail/sync-cond-shouldnt-escape.rs	11	2	13	0.7391304347826086
src/test/run-fail/panic-macro-owned.rs	0	2	2	0.5
src/test/run-pass/self-in-mut-slot-immediate-value.rs	7	3	10	0.33980582524271846
src/test/run-pass/trait-bounds-in-arc.rs	33	3	36	0.5686486486486486
src/doc/tarpl/subtyping.md	0	3	3	0.6727272727272727
src/test/run-pass/fds-are-cloexec.rs	10	5	15	0.47280334728033474
src/test/ui/compare-method/region.stdout	0	1	1	1.0
src/test/compile-fail/E0395.rs	4	2	6	0.5909090909090909
src/test/run-pass/simd-shift-near-oflo.rs	4	2	6	0.8448275862068966
doc/complement-cheatsheet.md	5	1	6	0.8666666666666667
src/test/run-pass/xcrate_generic_fn_nested_return.rs	2	4	6	0.6052631578947368
src/librustc_incremental/persist/preds.rs	6	4	10	0.35537190082644626
src/test/run-pass/trait-object-generics.rs	13	3	16	0.45977011494252873
src/test/compile-fail/the-case-of-the-recurring-closure-2.rs	2	3	5	0.76
src/test/run-pass/task-comm-chan-cleanup3.rs	4	5	9	0.2727272727272727
src/libsyntax/ext/concat.rs	20	3	23	0.5964052287581699
src/test/compile-fail/tps-invariant-trait.rs	6	3	9	0.671875
src/test/debug-info/vec.rs	16	1	17	0.8764044943820225
src/test/compile-fail/issue-18252.rs	11	6	17	0.3250883392226148
src/librustc/metadata.rs	0	1	1	1.0
src/test/compile-fail/variance-covariant-arg-object.rs	2	4	6	0.5370370370370371
src/test/compile-fail/resolve-priv-shadowing-pub.rs	1	2	3	0.8918918918918919
src/test/run-pass/issue-27583.rs	1	2	3	0.6666666666666666
src/doc/nomicon/dropck.md	4	3	7	0.7083333333333334
src/test/run-pass/trait-default-method-xc-2.rs	11	3	14	0.5707964601769911
src/librustc/middle/kind.rs	43	1	44	0.7790123456790123
src/test/compile-fail/E0198.rs	0	7	7	0.4666666666666667
src/libstd/sys/windows/env.rs	3	4	7	0.47619047619047616
src/test/run-pass/float-literal-inference.rs	9	2	11	0.711864406779661
src/rustc/middle/alias.rs	6	6	12	0.21621621621621623
src/test/compile-fail/E0045.rs	5	5	10	0.3925925925925926
src/test/compile-fail/regions-escape-bound-fn.rs	10	2	12	0.47651006711409394
src/libcore/int-template.rs	19	4	23	0.2677595628415301
src/comp/syntax/untyped_ast.rs	0	4	4	0.6
src/libstd/os/raw.rs	13	4	17	0.6320754716981132
src/test/pretty/struct-pattern.rs	2	2	4	0.6060606060606061
src/test/run-make/compiler-lookup-paths-2/b.rs	1	3	4	0.5652173913043478
src/test/run-pass/auxiliary/issue-18711.rs	3	4	7	0.4411764705882353
src/test/run-fail/for-each-loop-fail.rs	17	3	20	0.6219512195121951
src/test/compile-fail/issue-6801.rs	7	3	10	0.5297297297297298
src/rt/libuv/ev/Changes	0	2	2	0.5
src/test/parse-fail/lex-bad-octal-literal.rs	4	3	7	0.6060606060606061
src/etc/gyp-uv	3	4	7	0.35
src/test/compile-fail/aux/issue_3907.rs	0	1	1	1.0
src/librustc_typeck/check/intrinsic.rs	32	6	38	0.4959871589085072
src/test/compile-fail/removed-syntax-ptr-lifetime.rs	8	3	11	0.45454545454545453
src/test/run-make/dep-info-custom/Makefile.foo	4	3	7	0.5517241379310345
src/test/compile-fail/issue-10487.rs	3	2	5	0.8823529411764706
src/test/run-pass/fn-abi.rs	4	4	8	0.44339622641509435
src/test/run-pass/task-comm-11.rs	26	4	30	0.43640350877192985
src/test/run-pass/hrtb-binder-levels-in-object-types.rs	4	4	8	0.4235294117647059
src/test/compile-fail/borrowck-bad-nested-calls-free.rs	9	2	11	0.6604938271604939
src/test/run-pass/match-unsized.rs	4	3	7	0.5365853658536586
src/libstd/sys/windows/ext/io.rs	5	4	9	0.545816733067729
src/test/run-pass/deriving-show-2.rs	11	4	15	0.5467625899280576
src/test/run-pass/const-unit-struct.rs	8	4	12	0.3698630136986301
src/rt/rust_dwarf.h	0	1	1	1.0
src/test/compile-fail/fn-variance-1.rs	17	4	21	0.4777327935222672
src/boot/me/dwarf.ml	1	3	4	0.8205128205128205
mk/cfg/mips-unknown-linux-musl.mk	2	3	5	0.627906976744186
src/test/compile-fail/index_message.rs	6	3	9	0.6382978723404256
src/test/compile-fail/dep-graph-trait-impl.rs	3	3	6	0.5954198473282443
src/rustdoc_ng/visit_ast.rs	1	2	3	0.84
src/libstd/unstable/sync.rs	23	1	24	0.8327974276527331
src/test/codegen-units/impl-in-non-instantiated-generic.rs	2	3	5	0.4793388429752066
src/test/run-pass/float_math.rs	2	4	6	0.3968253968253968
src/test/run-make/simple-dylib/bar.rs	3	1	4	0.8695652173913043
src/test/run-make/graphviz-flowgraph/f12.rs	6	2	8	0.6285714285714286
src/test/run-pass/method-two-traits-distinguished-via-where-clause.rs	6	3	9	0.5031446540880503
src/test/auxiliary/privacy_tuple_struct.rs	4	4	8	0.34408602150537637
src/test/run-fail/unwind-resource-fail.rs	15	3	18	0.7447916666666666
src/libstd/raw.rs	4	1	5	0.9137931034482759
src/test/compile-fail/variance-trait-matching-2.rs	3	2	5	0.5833333333333334
src/libstd/os/macos/fs.rs	3	2	5	0.8
src/doc/rust.md	55	2	57	0.8067150635208712
src/test/run-pass/aux/issue-13620-1.rs	0	1	1	1.0
src/lib/_task.rs	0	4	4	0.4
src/test/compile-fail/svh-change-lit.rs	9	3	12	0.6422764227642277
src/test/compile-fail/ifmt-bad-format-args2.rs	1	2	3	0.5932203389830508
src/test/run-pass/associated-types-where-clause-impl-ambiguity.rs	14	3	17	0.4692737430167598
src/test/run-pass/generic-bind-2.rs	6	4	10	0.2727272727272727
src/test/run-pass/trait_mix/u_trait_mix.rs	0	2	2	0.8333333333333334
src/test/debuginfo/simple-lexical-scope.rs	10	3	13	0.4918032786885246
src/test/compile-fail/circular_modules_hello.rs	5	3	8	0.6388888888888888
src/test/compile-fail/E0060.rs	4	5	9	0.38125
src/test/auxiliary/static_fn_trait_xc_aux.rs	9	4	13	0.4423076923076923
src/test/compile-fail/coherence-cross-crate-conflict.rs	7	3	10	0.3645833333333333
src/libregex/test/bench.rs	16	2	18	0.5287009063444109
src/test/compile-fail/borrowck-vec-pattern-move-tail.rs	14	3	17	0.5874125874125874
src/rt/sundown/src/markdown.c	0	2	2	0.9310344827586207
src/test/run-pass/issue-20763-2.rs	5	4	9	0.3541666666666667
src/test/parse-fail/attr-bad-meta.rs	3	4	7	0.4117647058823529
src/test/compile-fail/object-pointer-types.rs	9	2	11	0.8347107438016529
src/rustc/middle/typeck/infer.rs	10	7	17	0.19548872180451127
src/doc/trpl/installing-rust.md	20	4	24	0.5350223546944859
src/test/compile-fail/ambig_impl_bounds.rs	7	3	10	0.6862745098039216
src/librustrt/local_ptr.rs	6	2	8	0.6785714285714286
src/test/run-pass/issue-31702.rs	2	3	5	0.6666666666666666
src/test/compile-fail/associated-types-issue-17359.rs	6	3	9	0.3870967741935484
src/test/run-pass-fulldeps/aux/issue-13560-1.rs	0	1	1	1.0
src/test/compile-fail-fulldeps/rustc-macro/auxiliary/derive-unstable-2.rs	4	4	8	0.5694444444444444
src/test/run-pass/expr-elseif-ref.rs	13	2	15	0.7456140350877193
src/test/ui/cross-crate-macro-backtrace/main.stderr	6	3	9	0.422680412371134
src/librustdoc/html/static/LICENSE-MIT.txt	1	2	3	0.7777777777777778
src/test/codegen-units/partitioning/auxiliary/cgu_extern_drop_glue.rs	0	3	3	0.6
src/librustc/middle/infer/equate.rs	13	4	17	0.46257197696737046
src/test/run-pass/issue-12744.rs	7	3	10	0.42857142857142855
src/tools/tidy/src/bins.rs	8	5	13	0.5035971223021583
src/test/ui/dropck/dropck-eyepatch-implies-unsafe-impl.rs	3	3	6	0.45652173913043476
src/libextra/uv.rs	0	2	2	0.9375
src/test/compile-fail/rustc-diagnostics-3.rs	4	2	6	0.4868421052631579
src/etc/add-authors.sh	4	3	7	0.6693548387096774
src/test/run-pass/unique-decl-move.rs	13	3	16	0.44
src/libstd/math.rs	0	3	3	0.42857142857142855
src/libsyntax_pos/lib.rs	15	5	20	0.4293193717277487
src/test/run-pass-fulldeps/mir-pass.rs	4	4	8	0.5633802816901409
mk/perf.mk	11	3	14	0.4880952380952381
src/libstd/ffi/mod.rs	8	4	12	0.3979328165374677
src/test/compile-fail/macro-reexport-not-locally-visible.rs	9	3	12	0.36257309941520466
src/test/compile-fail/trace_macros-gate2.rs	6	4	10	0.34177215189873417
src/doc/trpl/raw-pointers.md	6	3	9	0.6464088397790055
src/test/run-pass/generic-fn-twice.rs	9	4	13	0.3956043956043956
src/librustc_trans/trans/closure.rs	36	4	40	0.4498245614035088
src/test/compile-fail/regions-outlives-nominal-type-struct-region-rev.rs	1	2	3	0.8571428571428571
src/test/run-pass/setup.rs	0	2	2	0.9444444444444444
src/test/rustdoc/issue-28927.rs	2	2	4	0.6785714285714286
src/libstd/libc.rs	34	1	35	0.8266666666666667
src/test/run-pass/module-polymorphism3.rc	0	7	7	0.4666666666666667
src/test/compile-fail/priv_in_pub_sig_priv_mod.rs	5	4	9	0.5
src/test/auxiliary/issue_8401.rs	6	4	10	0.46
src/rt/libuv/ev/ev_win32.c	0	2	2	0.5
src/libcore/flate.rs	12	4	16	0.6108108108108108
src/test/run-pass/autoderef-and-borrow-method-receiver.rs	11	4	15	0.35344827586206895
src/test/compile-fail-fulldeps/plugin-MacroRulesTT.rs	11	3	14	0.36585365853658536
src/test/compile-fail/auxiliary/macro_reexport_1.rs	1	3	4	0.38461538461538464
src/test/compile-fail/constrained-type-missing-check.rs	3	5	8	0.25
src/test/rustdoc/issue-33592.rs	2	4	6	0.42105263157894735
src/test/parse-fail/pat-lt-bracket-5.rs	4	2	6	0.48717948717948717
src/rt/jemalloc/test/ALLOCM_ARENA.exp	0	5	5	0.7777777777777778
src/rt/libuv/test/runner-unix.c	0	4	4	0.5714285714285714
src/librustc/middle/const_eval.rs	82	4	86	0.5676671932596103
src/libstd/rt/dwarf/mod.rs	2	3	5	0.75
src/rustc/syntax/print/pprust.rs	1	5	6	0.30434782608695654
src/test/codegen/adjustments.rs	3	6	9	0.4868421052631579
src/rt/arch/powerpc/record_sp.S	5	3	8	0.546875
src/libsyntax/ast_map/mod.rs	26	3	29	0.3950151057401813
src/test/compile-fail/bad-sized.rs	11	4	15	0.5297157622739018
src/libcoretest/num/mod.rs	27	4	31	0.4841571609632446
src/test/run-pass/issue-16151.rs	6	3	9	0.37575757575757573
src/libsyntax/parse/comments.rs	40	2	42	0.7083786724700761
src/test/run-pass/regions-borrow-evec-uniq.rs	15	3	18	0.3640552995391705
src/test/run-pass/no-std-xcrate.rs	4	2	6	0.851063829787234
src/test/compile-fail/lint-unused-mut-self.rs	5	2	7	0.7777777777777778
src/grammar/testparser.py	5	3	8	0.4421052631578947
src/test/compile-fail/no-reuse-move-arc.rs	28	3	31	0.5386363636363637
src/test/compile-fail/purity-infer-fail.rs	8	2	10	0.5769230769230769
src/test/run-pass/unreachable-code-1.rs	15	4	19	0.4444444444444444
src/etc/check-binaries.py	4	3	7	0.6923076923076923
src/test/compile-fail/import-loop.rs	7	4	11	0.19047619047619047
src/test/run-pass/option_addition.rs	9	1	10	0.8690476190476191
src/test/compile-fail/paamayim-nekudotayim.rs	3	3	6	0.5208333333333334
src/test/compile-fail/issue-31561.rs	3	2	5	0.6818181818181818
src/test/compile-fail/auxiliary/xcrate_unit_struct.rs	1	3	4	0.38461538461538464
src/doc/book/drop.md	2	3	5	0.38095238095238093
src/librustc_trans/trans/doc.rs	6	3	9	0.6339285714285714
src/test/compile-fail/issue-19982.rs	3	3	6	0.48148148148148145
src/libsync/spsc_queue.rs	7	2	9	0.6421568627450981
src/test/run-pass/auxiliary/static-methods-crate.rs	0	1	1	1.0
src/libstd/old_io/stdio.rs	11	3	14	0.431924882629108
src/test/compile-fail/feature-gate-negate-unsigned.rs	12	3	15	0.4777777777777778
src/lib/win32_FS.rs	0	1	1	1.0
src/test/run-make/dep-info/Makefile	6	3	9	0.6612903225806451
src/test/run-pass/lint-cap.rs	0	4	4	0.625
src/test/parse-fail/keyword-use-as-identifier.rs	6	3	9	0.5333333333333333
src/test/run-pass/generic-tag-match.rs	5	4	9	0.625
src/test/run-pass/crust-take-value.rs	0	3	3	0.5
src/test/compile-fail/arc-rw-write-mode-cond-shouldnt-escape.rs	10	2	12	0.7727272727272727
src/test/ui/span/dropck-object-cycle.stderr	2	4	6	0.5853658536585366
src/test/compile-fail/borrowck-overloaded-call.rs	9	3	12	0.5076142131979695
src/doc/book/if-let.md	0	3	3	0.75
mk/libuv/x86_64/unix/linux/Makefile	0	5	5	0.5833333333333334
src/rustc/middle/trans/reachable.rs	6	8	14	0.20869565217391303
src/test/run-pass/backtrace-debuginfo-aux.rs	6	4	10	0.47878787878787876
src/test/compile-fail/resolve-hint-macro.rs	4	4	8	0.4583333333333333
src/test/compile-fail/object-safety-generics.rs	8	5	13	0.5042372881355932
src/test/run-pass/packed-struct-match.rs	5	3	8	0.4768211920529801
src/test/run-pass/issue-25810.rs	4	3	7	0.7241379310344828
src/test/parse-fail/assoc-oddities-3.rs	4	3	7	0.717948717948718
src/test/run-pass/cfg-macros-notfoo.rs	8	3	11	0.535031847133758
src/test/run-pass/issue-21410.rs	1	2	3	0.8076923076923077
src/libcore/extfmt.rs	19	6	25	0.20614035087719298
src/test/compile-fail/object-lifetime-default-from-rptr-struct-error.rs	7	4	11	0.4342105263157895
src/test/compile-fail/E0253.rs	2	3	5	0.36363636363636365
src/comp/util/typestate_ann.rs	0	4	4	0.5555555555555556
src/librustc_metadata/common.rs	15	5	20	0.4451939291736931
src/test/run-pass/issue-25279.rs	2	2	4	0.7714285714285715
src/test/parse-fail/keyword-const-as-identifier.rs	2	3	5	0.6341463414634146
src/libcore/math.rs	0	4	4	0.4444444444444444
src/test/run-pass/mir_trans_switchint.rs	3	5	8	0.48717948717948717
src/rustbook/Cargo.toml	2	2	4	0.6060606060606061
src/test/rustdoc/duplicate_impls/impls.rs	2	3	5	0.6341463414634146
src/libcore/mem.rs	39	4	43	0.530949105914718
src/test/compile-fail/unnecessary-private.rs	9	4	13	0.44680851063829785
src/test/auxiliary/issue_2316_a.rs	6	3	9	0.352112676056338
mk/cfg/i686-pc-windows-gnu.mk	10	4	14	0.5647058823529412
src/test/debuginfo/self-in-default-method.rs	15	3	18	0.41359773371104813
src/test/run-pass/issue-1896-1.rs	0	4	4	0.25
src/rt/jemalloc/src/tcache.c	0	5	5	0.7777777777777778
src/test/run-make/lto-smoke/Makefile	2	2	4	0.8666666666666667
src/test/compile-fail/coherence-impls-builtin.rs	6	3	9	0.4214876033057851
src/librustc_privacy/diagnostics.rs	6	6	12	0.5024271844660194
src/test/compile-fail/syntax-extension-bytes-too-large-u8-literal.rs	4	2	6	0.8048780487804879
src/test/run-make/rustdoc-default-impl/foo.rs	2	3	5	0.4744525547445255
src/test/compile-fail/borrowck-loan-vec-content.rs	17	2	19	0.4983388704318937
src/test/run-make/graphviz-flowgraph/f06.dot-expected.dot	4	2	6	0.7818181818181819
src/test/debug-info/unique-enum.rs	10	1	11	0.9090909090909091
src/librustc_errors/snippet.rs	8	4	12	0.43103448275862066
src/test/run-pass-fulldeps/placement-new-arena.rs	0	4	4	0.5833333333333334
src/test/run-pass/issue-3979.rs	10	3	13	0.48484848484848486
src/lib/generic_os.rs	5	5	10	0.3548387096774194
src/test/compile-fail/wf-trait-fn-where-clause.rs	4	2	6	0.7666666666666667
mk/libuv/x86_64/mac/src/rt/libuv/run-tests.target.mk	0	3	3	0.3333333333333333
src/test/debuginfo/gdb-pretty-struct-and-enums.rs	15	3	18	0.4172661870503597
src/test/compile-fail/issue-16562.rs	6	2	8	0.5346534653465347
src/etc/pkg/rust-logo.ico	3	3	6	0.7758620689655172
src/test/run-pass/moves-based-on-type-capture-clause.rs	18	4	22	0.5335365853658537
src/libstd/rt/io/net/mod.rs	0	3	3	0.8823529411764706
src/lib/ExtFmt.rs	0	2	2	0.9
src/test/run-pass/else-if.rs	11	3	14	0.3384615384615385
src/test/compile-fail/moves-based-on-type-no-recursive-stack-closure.rs	16	3	19	0.6214511041009464
src/test/compile-fail/shift-various-bad-types.rs	7	4	11	0.5045045045045045
src/test/parse-fail/pat-tuple-5.rs	3	3	6	0.49122807017543857
src/test/run-pass/issue-9968.rs	8	3	11	0.5897435897435898
src/test/compile-fail-fulldeps/proc-macro/attribute.rs	2	5	7	0.5384615384615384
src/test/run-pass/specialization-projection.rs	0	1	1	1.0
src/test/run-pass/regions-fn-subtyping.rs	17	4	21	0.4139072847682119
src/librustc_back/tempdir.rs	6	4	10	0.38408304498269896
src/test/rustdoc/recursion3.rs	3	3	6	0.6764705882352942
src/comp/fe/ast.rs	0	1	1	1.0
src/libstd/sys/unix/rwlock.rs	9	6	15	0.490280777537797
src/test/bench/std/core-std.rs	0	2	2	0.8888888888888888
src/test/run-pass/aux/unboxed-closures-cross-crate.rs	0	1	1	1.0
src/test/run-pass/str-idx.rs	13	2	15	0.7452229299363057
src/test/compile-fail-fulldeps/expanded-macro-use.rs	2	4	6	0.5957446808510638
src/test/compile-fail/borrowck-move-out-of-vec-tail.rs	19	3	22	0.6553911205073996
src/etc/test-float-parse/many-digits.rs	3	2	5	0.8653846153846154
src/test/compile-fail/for-expn-2.rs	5	2	7	0.7333333333333333
src/test/run-pass/foreach-simple.rs	0	4	4	0.3333333333333333
src/test/compile-fail/static-priv-by-default.rs	2	2	4	0.859375
doc/tutorial-testing.md	2	1	3	0.9354838709677419
src/test/compile-fail/deriving-span-Ord-tuple-struct.rs	4	1	5	0.8939393939393939
src/rt/jemalloc/src/prof.c	0	5	5	0.7777777777777778
src/librustc_typeck/check/_match.rs	60	5	65	0.4259952364749915
src/librustc_back/abi.rs	12	4	16	0.4847457627118644
src/test/run-make/rustdoc-hidden-line/foo.rs	8	4	12	0.48034934497816595
src/test/compile-fail/lint-unsafe-code.rs	4	2	6	0.6756756756756757
src/test/compile-fail/issue-8537.rs	4	3	7	0.3333333333333333
src/test/compile-fail/liveness-uninit-after-item.rs	6	3	9	0.6486486486486487
src/test/run-pass/unique-cmp.rs	12	3	15	0.5
src/libstd/uv_global_loop.rs	21	4	25	0.4612546125461255
src/libextra/net_ip.rs	11	2	13	0.7570093457943925
src/libcore/num/cmath.rs	7	1	8	0.8148148148148148
src/test/auxiliary/syntax-extension-with-dll-deps-2.rs	6	3	9	0.4875
src/test/run-pass/associated-const-use-default.rs	2	5	7	0.46875
src/test/run-pass/issue-29488.rs	3	3	6	0.6233766233766234
src/test/compile-fail/aliasness-mismatch.rs	0	6	6	0.25
src/test/parse-fail/macro-doc-comments-2.rs	3	2	5	0.5306122448979592
src/tools/error_index_generator/Cargo.toml	2	3	5	0.55
src/test/run-pass/specialization/aux/specialization_cross_crate.rs	0	1	1	1.0
src/test/run-pass/drop-with-type-ascription-1.rs	8	3	11	0.4
src/test/run-pass/nested-function-names-issue-8587.rs	4	3	7	0.392
src/rt/rust_type.h	13	2	15	0.7586206896551724
src/test/compile-fail/or-patter-mismatch.rs	12	4	16	0.37857142857142856
src/test/run-pass/over-constrained-vregs.rs	12	3	15	0.45248868778280543
src/rt/jemalloc/src/chunk_dss.c	0	5	5	0.7777777777777778
src/test/run-pass/issue-21562.rs	3	3	6	0.6
src/test/compile-fail/issue-12567.rs	12	4	16	0.5519125683060109
src/test/run-pass/svh-add-doc.rs	5	3	8	0.4927536231884058
src/test/compile-fail/macro-attribute.rs	3	4	7	0.45454545454545453
src/test/run-make/trace-macros-flag/hello.trace	5	2	7	0.5111111111111111
src/test/compile-fail/issue-15756.rs	11	4	15	0.3881578947368421
src/librustc/middle/infer/higher_ranked/mod.rs	20	4	24	0.4638196915776987
src/test/compile-fail/issue-7607-2.rs	4	3	7	0.4025974025974026
src/doc/style/features/match.md	4	6	10	0.33587786259541985
src/test/run-pass/issue-19135.rs	13	3	16	0.3763440860215054
src/test/rustdoc/auxiliary/issue-21092.rs	0	2	2	0.6666666666666666
src/test/compile-fail/doc-before-extern-rbrace.rs	3	3	6	0.31666666666666665
src/libcore/unstable/at_exit.rs	5	2	7	0.7647058823529411
src/test/parse-fail/import-glob-rename.rs	3	4	7	0.4117647058823529
src/test/compile-fail/glob-cycles.rs	2	3	5	0.5686274509803921
src/test/codegen/iterate-over-array.rs	4	3	7	0.5673076923076923
src/test/parse-fail/struct-field-numeric-shorthand.rs	3	3	6	0.6829268292682927
src/librustc_trans/debuginfo/metadata.rs	22	6	28	0.41460674157303373
src/test/run-pass/cfg_inner_static.rs	5	3	8	0.5729166666666666
src/test/compile-fail/E0434.rs	2	3	5	0.4583333333333333
src/rt/linenoise/utf8.c	0	3	3	0.75
src/librustc/middle/typeck/infer/sub.rs	27	2	29	0.7013963480128894
src/test/parse-fail/bare-raw-pointer.rs	0	1	1	1.0
src/test/auxiliary/issue24687_mbcs_in_comments.rs	5	4	9	0.36036036036036034
src/libstd/collections/hashmap.rs	12	2	14	0.8151815181518152
src/test/compile-fail/feature-gate-unboxed-closures-manual-impls.rs	5	3	8	0.3986013986013986
src/test/incremental/ich_method_call_trait_scope.rs	2	3	5	0.44
doc/rustdoc.md	6	1	7	0.875
src/test/auxiliary/variant-struct.rs	3	4	7	0.3611111111111111
src/test/run-pass/syntax-extension.rs	0	2	2	0.6666666666666666
src/test/run-make/extern-fn-generic/Makefile	4	2	6	0.6379310344827587
src/librustsyntax/parse/prec.rs	0	6	6	0.16666666666666666
src/rt/libuv/src/ares/ares_strerror.c	0	3	3	0.6
src/doc/tarpl/vec-raw.md	0	3	3	0.7435897435897436
src/librustc_trans/test.rs	6	3	9	0.4537037037037037
src/test/compile-fail/borrowck/borrowck-move-error-with-note.rs	3	3	6	0.4819277108433735
src/test/run-pass/issue-8171-default-method-self-inherit-builtin-trait.rs	5	3	8	0.45348837209302323
src/lib/win32_os.rs	10	5	15	0.2839506172839506
src/test/run-pass/issue-7519-match-unit-in-arg.rs	4	3	7	0.42424242424242425
src/test/compile-fail/issue-24363.rs	8	3	11	0.3829787234042553
src/test/run-pass/for-each-destruct.rs	0	2	2	0.6666666666666666
src/test/run-pass/auto_serialize_enum.rs	0	1	1	1.0
src/test/run-pass/module-polymorphism2-files/float-template/inst_f64.rs	0	2	2	0.8571428571428571
src/libstd/old_io/result.rs	4	3	7	0.37628865979381443
src/test/compile-fail/issue-15730.rs	5	2	7	0.46601941747572817
src/test/compile-fail/let-destruct-refutable.rs	0	9	9	0.375
src/test/pretty/block-comment-wchar.pp	16	3	19	0.6679245283018868
src/test/compile-fail/issue-10755.rs	0	4	4	0.8
src/test/compile-fail/E0508.rs	1	4	5	0.34
src/test/compile-fail-fulldeps/lint-plugin-forbid-attrs.rs	9	5	14	0.3597560975609756
src/test/run-pass/float2.rs	13	3	16	0.35
src/test/compile-fail/regions-lifetime-bounds-on-fns.rs	7	3	10	0.5343511450381679
src/librustdoc/extract.rs	19	3	22	0.6938775510204082
src/test/run-pass/match-pattern-simple.rs	4	3	7	0.4044943820224719
src/test/run-make/extern-multiple-copies/Makefile	2	2	4	0.7407407407407407
src/test/compile-fail/feature-gate-no-debug-2.rs	2	4	6	0.6486486486486487
src/test/run-fail/unwind-iter.rs	12	2	14	0.7878787878787878
src/test/compile-fail/ifmt-bad-plural.rs	0	3	3	0.8205128205128205
src/test/run-pass/issue-10626.rs	20	3	23	0.45366795366795365
src/test/run-pass/generic-unique.rs	11	3	14	0.4607329842931937
src/test/compile-fail/macro-2.rs	0	8	8	0.2631578947368421
src/test/run-pass/regions-infer-reborrow-ref-mut-recurse.rs	4	3	7	0.5288461538461539
src/rt/jemalloc/install-sh	3	2	5	0.8
src/test/compile-fail-fulldeps/proc-macro/auxiliary/derive-a-2.rs	2	4	6	0.40540540540540543
src/test/debuginfo/basic-types-mut-globals.rs	11	3	14	0.45739910313901344
src/test/compile-fail/macro-expanded-include/test.rs	5	4	9	0.5142857142857142
src/test/run-pass/native-always-waits.rs	5	2	7	0.8598130841121495
src/test/run-pass/const-nullary-enum.rs	11	4	15	0.3854166666666667
src/test/compile-fail/removed-syntax-const-item.rs	3	2	5	0.7446808510638298
src/test/run-make/pretty-print-path-suffix/Makefile	6	3	9	0.5569620253164557
src/test/compile-fail/borrowck/borrowck-move-out-of-tuple-struct-with-dtor.rs	1	4	5	0.42857142857142855
src/test/compile-fail/aux/lifetime_bound_will_change_warning_lib.rs	0	1	1	1.0
src/test/compile-fail/borrowck-if-no-else.rs	8	3	11	0.5612244897959183
src/test/compile-fail/E0070.rs	1	4	5	0.48214285714285715
src/test/run-make/lto-no-link-whole-rlib/Makefile	3	2	5	0.8235294117647058
src/test/parse-fail/raw-str-unbalanced.rs	6	3	9	0.5348837209302325
src/librustc_borrowck/borrowck/gather_loans/gather_moves.rs	22	4	26	0.513189448441247
src/libstd/map.rs	23	6	29	0.18333333333333332
src/test/run-pass/issue-7222.rs	6	3	9	0.5873015873015873
src/rt/libuv/src/ares/ares_gethostbyname.c	0	4	4	0.5
mk/cfg/arm-unknown-linux-gnueabi	3	3	6	0.6627906976744186
src/test/stdtest/ivec.rs	0	4	4	0.375
src/rt/rust_message.h	0	3	3	0.6
src/test/compile-fail/regions-infer-paramd-indirect.rs	19	3	22	0.6187683284457478
src/test/compile-fail/deprecation-lint-nested.rs	3	3	6	0.4186046511627907
src/test/run-make/issue-12446/foo.c	4	3	7	0.5
src/test/run-pass/regions-infer-borrow-scope-within-loop-ok.rs	16	3	19	0.5492957746478874
src/test/compile-fail/bind-by-move-no-sub-bindings-fun-args.rs	1	2	3	0.8695652173913043
src/test/compile-fail/borrowck/borrowck-unboxed-closures.rs	3	4	7	0.4411764705882353
src/test/run-make/graphviz-flowgraph/f05.rs	6	2	8	0.6285714285714286
src/librustpkg/usage.rs	12	1	13	0.8571428571428571
src/test/run-make/prune-link-args/Makefile	4	1	5	0.875
src/libcore/rt/local_ptr.rs	0	3	3	0.5
src/doc/guide-ffi.md	23	3	26	0.5982608695652174
src/doc/nomicon/vec-raw.md	0	3	3	0.6923076923076923
src/test/run-pass/issue-23598.rs	6	3	9	0.5128205128205128
src/librustc_mir/transform/no_landing_pads.rs	9	5	14	0.4885057471264368
src/libstd/unstable/atomics.rs	17	1	18	0.8347826086956521
src/rt/libuv/src/ev/ev_port.c	0	2	2	0.5
src/test/compile-fail/once-cant-copy-stack-once-fn-copy.rs	4	1	5	0.8620689655172413
src/test/run-make/extern-overrides-distribution/libc.rs	2	3	5	0.631578947368421
src/test/run-pass/task-killjoin-rsrc.rs	23	3	26	0.7082066869300911
src/test/compile-fail/const-err2.rs	5	5	10	0.3523809523809524
src/doc/trpl/infinite-loops.md	0	1	1	1.0
src/doc/book/trait-objects.md	6	5	11	0.48120300751879697
src/libcollections/tree/mod.rs	5	4	9	0.4602272727272727
src/doc/complement-design-faq.md	19	4	23	0.59375
src/test/compile-fail/comm-not-freeze-receiver.rs	8	3	11	0.43795620437956206
src/test/compile-fail/unused-macro-with-bad-frag-spec.rs	3	2	5	0.717948717948718
src/test/compile-fail/import2.rs	27	3	30	0.574468085106383
src/test/run-make/manual-link/foo.rs	1	2	3	0.7647058823529411
src/test/auxiliary/unreachable_variant.rs	3	3	6	0.373134328358209
src/libstd/num/int-template.rs	0	3	3	0.8333333333333334
src/test/auxiliary/iss.rs	11	4	15	0.6220735785953178
src/libproc_macro_plugin/build.rs	2	3	5	0.6052631578947368
src/test/debuginfo/issue-23477.rs	0	1	1	1.0
src/test/run-pass/builtin-superkinds-capabilities.rs	9	3	12	0.49477351916376305
src/librustc_trans/trans/cabi.rs	16	3	19	0.41914893617021276
src/test/compile-fail/move-not-variable.rs	0	1	1	1.0
src/test/run-fail/die-macro-pure.rs	8	2	10	0.67
src/librustc_trans/trans/mod.rs	20	4	24	0.40725806451612906
src/test/run-make/link-arg/Makefile	4	4	8	0.4444444444444444
src/test/compile-fail/vec-pinned-nocopy-2.rs	0	2	2	0.5
src/test/run-pass/dst-coerce-rc.rs	5	3	8	0.6433566433566433
src/libcore/atomic.rs	32	4	36	0.37334437086092714
src/librustc/back/lto.rs	18	2	20	0.7835990888382688
src/test/run-pass/mut-in-ident-patterns.rs	8	4	12	0.3677685950413223
src/test/run-pass/issue-4325.rs	6	1	7	0.7692307692307693
src/librustc_resolve/record_exports.rs	15	4	19	0.48940269749518306
src/test/run-pass/issue-10767.rs	8	4	12	0.5419847328244275
src/test/run-pass/non-legacy-modes.rs	14	3	17	0.3811881188118812
src/test/run-pass/nested-patterns.rs	10	1	11	0.7971014492753623
src/test/compile-fail/E0405.rs	1	3	4	0.6458333333333334
src/etc/CONFIGS.md	8	4	12	0.33668341708542715
src/rustdoc_ng/html/render.rs	0	2	2	0.8666666666666667
src/test/run-pass/unused-move.rs	14	4	18	0.49572649572649574
src/rt/libuv/src/unix/eio/LICENSE	0	1	1	1.0
src/test/auxiliary/issue_2242_b.rs	0	6	6	0.35294117647058826
src/test/auxiliary/go_trait.rs	5	4	9	0.47019867549668876
src/test/run-make/extern-fn-with-packed-struct/Makefile	4	2	6	0.6451612903225806
src/Cargo.lock	7	4	11	0.5045045045045045
src/test/compile-fail/E0392.rs	2	3	5	0.3684210526315789
src/test/compile-fail/bad-env-capture.rs	10	3	13	0.5111111111111111
src/test/run-pass/packed-tuple-struct-size.rs	10	3	13	0.6153846153846154
src/test/run-fail/fail-macro-fmt.rs	8	2	10	0.7047619047619048
src/test/compile-fail/const-len-underflow-subspans.rs	11	5	16	0.47023809523809523
src/libunicode/tables.rs	20	3	23	0.44005449591280654
src/test/compile-fail/struct-base-wrong-type.rs	14	4	18	0.4577777777777778
src/test/compile-fail/no_share-struct.rs	11	3	14	0.5376344086021505
src/test/run-pass/classes.rs	16	4	20	0.541958041958042
src/test/compile-fail/associated-const-ambiguity-report.rs	3	2	5	0.5862068965517241
src/test/run-pass/copy-out-of-array-1.rs	7	4	11	0.46564885496183206
src/test/run-pass/module-polymorphism-files/inst_float.rs	0	2	2	0.8571428571428571
src/comp/rustc.rc	15	5	20	0.20398009950248755
src/test/run-pass/bounded-fn-type.rs	3	5	8	0.35
src/test/run-pass/cfg_attr.rs	4	3	7	0.4642857142857143
src/test/run-pass/aux/typeid-intrinsic-aux1.rs	0	1	1	1.0
mk/cfg/arm-unknown-linux-musleabihf.mk	3	4	7	0.5161290322580645
src/libextra/num/bigint.rs	27	1	28	0.8139904610492846
src/test/compile-fail/E0119.rs	2	6	8	0.41379310344827586
src/test/compile-fail/arc-rw-read-mode-shouldnt-escape.rs	12	2	14	0.7753623188405797
src/test/compile-fail/wf-const-type.rs	1	2	3	0.8571428571428571
src/test/run-pass/dst-raw.rs	8	3	11	0.4163934426229508
src/lib/run_program.rs	7	4	11	0.43333333333333335
src/doc/complement-usage-faq.md	0	2	2	0.8571428571428571
src/test/run-pass/regions-relate-bound-regions-on-closures-to-inference-variables.rs	10	3	13	0.3799126637554585
src/test/rustdoc/issue-27759.rs	3	2	5	0.726027397260274
src/test/run-pass/ufcs-polymorphic-paths.rs	6	4	10	0.47876447876447875
src/test/run-pass/aux/trait_default_method_xc_aux.rs	0	1	1	1.0
src/libstd/path2.rs	0	1	1	1.0
src/libcore/result.rs	81	4	85	0.43561734524991724
src/test/run-make/graphviz-flowgraph/f12.dot-expected.dot	11	2	13	0.47093023255813954
src/test/run-pass-fulldeps/auxiliary/custom_derive_plugin_attr.rs	8	5	13	0.372972972972973
src/test/run-pass/issue28498-ugeh-with-lifetime-param.rs	1	2	3	0.8695652173913043
src/librustc/middle/trans/tvec.rs	44	2	46	0.7455858747993579
src/comp/middle/ast_map.rs	11	6	17	0.31868131868131866
src/libstd/platform_imp/windows/fs.rs	0	1	1	1.0
src/test/compile-fail/keyword-self-as-identifier.rs	4	3	7	0.31746031746031744
src/librustc/hir/map/def_collector.rs	12	5	17	0.40425531914893614
src/test/run-pass/issue-11224.rs	6	3	9	0.5373134328358209
src/test/run-pass/aux/impl_privacy_xc_1.rs	0	1	1	1.0
src/test/run-pass/overloaded-index-autoderef.rs	7	3	10	0.4513888888888889
src/libgreen/lib.rs	18	2	20	0.7575030012004802
src/test/run-fail/mir_indexing_oob_3.rs	4	5	9	0.4883720930232558
src/librustc_trans/driver/driver.rs	7	4	11	0.417910447761194
src/test/rustdoc/escape-rust-expr.rs	4	3	7	0.49206349206349204
src/rt/sync/timer.cpp	2	5	7	0.4838709677419355
mk/cfg/x86_64-unknown-bitrig.mk	8	5	13	0.39748953974895396
src/test/run-fail/morestack4.rs	13	3	16	0.6735751295336787
src/test/run-pass/nested-class.rs	15	3	18	0.4330357142857143
src/rustdoc/prune_undoc_pass.rs	1	3	4	0.7647058823529411
src/rt/arch/x64/context.h	0	1	1	1.0
src/test/compile-fail/destructure-trait-ref.rs	16	4	20	0.4819277108433735
src/test/run-pass/newtype-struct-xc.rs	10	3	13	0.5660377358490566
src/librustc_back/sha2.rs	29	4	33	0.37065637065637064
src/test/run-pass/auxiliary/dropck_eyepatch_extern_crate.rs	4	3	7	0.44680851063829785
src/test/compile-fail/E0194.rs	4	3	7	0.45528455284552843
src/test/auxiliary/xc_private_method_lib.rs	12	5	17	0.5
src/test/rustdoc/issue-29503.rs	1	4	5	0.525
src/librustc_trans/save/dump_csv.rs	25	3	28	0.6245733788395904
src/test/compile-fail/use-meta-dup.rs	6	2	8	0.6451612903225806
src/libstd/env.rs	43	4	47	0.45712630359212053
src/test/run-pass/panic-runtime/abort.rs	4	4	8	0.5121951219512195
src/test/run-pass/macro-2.rs	18	5	23	0.4192139737991266
src/librustsyntax/ext/ident_to_str.rs	0	2	2	0.5
src/test/run-pass/move-nullary-fn.rs	14	2	16	0.48205128205128206
src/librustc_back/target/x86_64_unknown_freebsd.rs	18	3	21	0.5196850393700787
src/test/run-pass/issue-14399.rs	6	3	9	0.3308270676691729
src/test/run-pass/log-knows-the-names-of-variants-in-std.rs	26	2	28	0.6009852216748769
src/test/compile-fail/deriving-span-DeepClone-enum-struct-variant.rs	3	1	4	0.896551724137931
src/test/run-pass/mir_adt_construction.rs	5	4	9	0.47580645161290325
src/grammar/RustLexer.g4	15	3	18	0.4855305466237942
src/libstd/os/emscripten/fs.rs	2	3	5	0.6274509803921569
src/libstd/os/fuchsia/mod.rs	3	3	6	0.6571428571428571
src/librustc_typeck/check/implicator.rs	3	4	7	0.5858585858585859
src/librustc/middle/infer/lub.rs	10	4	14	0.4232456140350877
src/test/compile-fail-fulldeps/lint-group-plugin-deny-cmdline.rs	4	3	7	0.5272727272727272
src/rtstartup/rsend.rs	7	5	12	0.543859649122807
src/test/run-pass/export-glob.rs	0	5	5	0.3333333333333333
src/compiletest/errors.rs	42	3	45	0.5119926199261993
src/test/run-pass/range_inclusive_gate.rs	2	3	5	0.6285714285714286
src/test/run-make/sepcomp-cci-copies/foo.rs	4	3	7	0.5494505494505495
src/test/run-fail/match-bot-fail.rs	8	2	10	0.7428571428571429
src/test/run-pass/issue-24779.rs	2	3	5	0.5217391304347826
src/rt/libuv/test/run-tests.c	0	4	4	0.5
src/test/compile-fail/regions-scoping.rs	6	4	10	0.5
src/libstd/smallintmap.rs	23	5	28	0.4472934472934473
src/libstd/sys/common/gnu/libbacktrace.rs	7	4	11	0.5
src/etc/generate-deriving-span-tests.py	15	3	18	0.6113074204946997
src/comp/syntax/print/pp.rs	6	6	12	0.2727272727272727
src/libfmt_macros/Cargo.toml	2	3	5	0.631578947368421
src/test/run-make/rustdoc-where/foo.rs	6	4	10	0.3113207547169811
src/test/compile-fail/E0118.rs	3	5	8	0.4845360824742268
src/librustc/hir/intravisit.rs	15	5	20	0.4512396694214876
src/test/compile-fail/question-mark-type-infer.rs	2	4	6	0.43103448275862066
src/libstd/sys/common/poison.rs	13	4	17	0.5786026200873362
src/libcore/marker.rs	42	4	46	0.4325581395348837
src/test/compile-fail/issue-13727.rs	4	3	7	0.575
src/test/run-pass/trait-impl.rs	7	3	10	0.375
src/test/parse-fail/lifetime-in-pattern.rs	1	2	3	0.7727272727272727
src/test/compile-fail/E0271.rs	1	3	4	0.5094339622641509
src/test/compile-fail-fulldeps/proc-macro/auxiliary/derive-a.rs	0	3	3	0.3333333333333333
doc/po/tutorial-ffi.md.pot	6	1	7	0.8888888888888888
src/test/run-pass/method-two-trait-defer-resolution-1.rs	4	3	7	0.3854166666666667
src/test/run-pass/issue-2311.rs	8	3	11	0.3409090909090909
src/librustc_trans/trans/debuginfo/doc.rs	6	4	10	0.4645669291338583
src/test/run-pass/coerce-unify-return.rs	4	3	7	0.5
src/test/run-make/issue-22131/foo.rs	3	3	6	0.40789473684210525
src/test/compile-fail/kindck-send-owned.rs	9	4	13	0.345679012345679
src/test/compile-fail/issue-3993-2.rs	9	3	12	0.6693548387096774
src/test/run-pass/issue-34503.rs	4	3	7	0.6078431372549019
src/test/run-pass/unboxed-closures-cross-crate.rs	5	3	8	0.34965034965034963
src/libarena/Cargo.toml	2	3	5	0.631578947368421
src/test/compile-fail/blind-item-block-middle.rs	11	5	16	0.5044642857142857
src/test/run-pass/obj-docs.rs	0	7	7	0.18181818181818182
src/test/auxiliary/pub_restricted.rs	3	3	6	0.45544554455445546
src/test/ui/span/E0535.stderr	2	4	6	0.48
src/test/compile-fail/malformed-derive-entry.rs	3	2	5	0.4666666666666667
src/librustc_back/target/i686_unknown_linux_gnu.rs	17	4	21	0.48703170028818443
src/libbacktrace/configure.ac	10	4	14	0.6431718061674009
src/librustuv/uvll.rs	15	2	17	0.8524945770065075
src/test/compile-fail/issue-21221-2.rs	8	3	11	0.6333333333333333
src/librustc/plugin/mod.rs	10	3	13	0.4085106382978723
src/doc/trpl/operators-and-overloading.md	5	3	8	0.5755395683453237
src/test/run-pass/non-built-in-quote.rs	6	3	9	0.6422018348623854
no_std.md	0	1	1	1.0
src/libcore/rt/io.rs	0	3	3	0.8529411764705882
src/test/compile-fail/struct-variant-no-pub.rs	3	3	6	0.3333333333333333
src/rt/rust_sched_loop.cpp	15	4	19	0.45774647887323944
CONTRIBUTING.md	42	4	46	0.5106382978723404
src/test/compile-fail/crateresolve1.rs	0	7	7	0.5625
src/libstd/os/bitrig/raw.rs	7	4	11	0.5957446808510638
src/test/stdtest/str.rs	10	5	15	0.37209302325581395
src/test/compile-fail/phantom-oibit.rs	7	4	11	0.47580645161290325
src/comp/middle/pat_util.rs	0	7	7	0.3333333333333333
src/test/run-pass-fulldeps/auxiliary/cond_prelude_plugin.rs	7	4	11	0.43884892086330934
src/librustc_trans/cleanup.rs	5	6	11	0.4423076923076923
src/test/run-fail/assert-approx-eq-macro-fail.rs	2	2	4	0.8974358974358975
src/test/compile-fail/transmute-from-fn-item-types-error.rs	2	3	5	0.71875
src/test/run-pass/struct_variant_xc_match.rs	8	3	11	0.4152542372881356
src/librustdoc/passes.rs	47	4	51	0.6477707006369426
src/test/compile-fail/borrowck-vec-pattern-nesting.rs	20	3	23	0.5951807228915663
src/test/run-pass/crate-leading-sep.rs	5	3	8	0.4666666666666667
src/test/run-pass/unique-move.rs	13	3	16	0.43781094527363185
src/test/rustdoc/deprecated-impls.rs	1	5	6	0.4864864864864865
src/test/compile-fail/issue-2150.rs	20	3	23	0.48860759493670886
src/test/run-pass/mir_trans_calls_variadic.rs	3	5	8	0.5409836065573771
src/test/compile-fail/drop-with-active-borrows-2.rs	5	4	9	0.5
src/test/compile-fail/issue-26638.rs	10	2	12	0.6137931034482759
src/rustc/libc_shim/Cargo.toml	4	2	6	0.5
src/librustdoc/astsrv.rs	18	3	21	0.6468646864686468
src/libstd/sys/common/gnu/mod.rs	4	3	7	0.55
src/test/compile-fail/check_on_unimplemented.rs	3	3	6	0.4411764705882353
src/etc/regex-match-tests.py	7	3	10	0.5625
src/rt/jemalloc/include/jemalloc/internal/ql.h	3	2	5	0.8
src/libgreen/sched.rs	22	2	24	0.7581620314389359
src/test/compile-fail/E0165.rs	3	4	7	0.49056603773584906
src/test/compile-fail/simd-intrinsic-declaration-type.rs	2	1	3	0.92
src/test/run-make/extern-flag-fun/bar-alt.rs	3	2	5	0.575
src/test/debuginfo/issue11600.rs	7	4	11	0.5955882352941176
src/test/run-pass-fulldeps/issue-18502.rs	4	3	7	0.4
src/test/run-pass/expr-match-generic-unique2.rs	9	3	12	0.5176848874598071
src/test/compile-fail/issue-511.rs	8	4	12	0.5494505494505495
src/test/run-pass/regions-lifetime-static-items-enclosing-scopes.rs	6	4	10	0.5073891625615764
src/test/run-pass/trait-inheritance-visibility.rs	10	3	13	0.4301675977653631
src/test/compile-fail/E0007.rs	4	6	10	0.3375
src/test/compile-fail/repeat-to-run-dtor-twice.rs	20	3	23	0.52734375
src/test/run-pass/issue-30756.rs	3	1	4	0.8695652173913043
src/test/run-pass/command-before-exec.rs	5	5	10	0.4336734693877551
src/test/compile-fail/trait-matching-lifetimes.rs	4	2	6	0.6875
src/test/parse-fail/type-parameters-in-field-exprs.rs	4	4	8	0.39285714285714285
src/test/run-pass/const-fn-nested.rs	2	2	4	0.7916666666666666
src/test/compile-fail/gated-plugin_registrar.rs	4	2	6	0.5
src/librustc/infer/glb.rs	6	5	11	0.3403141361256545
src/libfuzzer/fuzzer.rs	0	5	5	0.6363636363636364
src/test/run-pass/specialization/aux/go_trait.rs	0	1	1	1.0
src/test/bench/rt-parfib.rs	20	3	23	0.5756929637526652
src/test/run-fail/expr-match-fail-fn.rs	3	2	5	0.6428571428571429
src/test/debug-info/borrowed-managed-basic.rs	9	1	10	0.9140625
src/test/compile-fail/lint-missing-doc.rs	18	4	22	0.572202166064982
src/test/run-pass/import3.rs	15	3	18	0.6573426573426573
src/librustc_typeck/variance/constraints.rs	13	5	18	0.43166666666666664
src/test/compile-fail/associated-const-type-parameter-arrays.rs	3	3	6	0.5692307692307692
src/test/run-pass/union/union-macro.rs	3	3	6	0.5116279069767442
src/test/run-pass/regions-assoc-type-region-bound.rs	5	4	9	0.4492753623188406
src/test/compile-fail-fulldeps/proc-macro/two-crate-types-2.rs	0	3	3	0.3333333333333333
src/rt/libuv/src/win/threads.c	0	1	1	1.0
src/test/run-pass/issue-31299.rs	2	3	5	0.3880597014925373
src/test/compile-fail/issue-7607-1.rs	12	3	15	0.4873417721518987
src/test/run-pass/close-over-big-then-small-data.rs	18	2	20	0.7815699658703071
src/test/compile-fail/region-object-lifetime-3.rs	5	3	8	0.5555555555555556
src/libcore/tuple.rs	38	4	42	0.4946091644204852
src/test/compile-fail/traits-inductive-overflow-supertrait-oibit.rs	5	4	9	0.6728971962616822
doc/po/ja/complement-cheatsheet.md.po	3	1	4	0.9117647058823529
src/test/run-pass/namespaced-enum-glob-import.rs	7	4	11	0.5
src/test/run-pass/match-in-macro.rs	10	4	14	0.467680608365019
src/libcore/managed.rs	11	4	15	0.5987654320987654
src/test/compile-fail/borrowck-return.rs	4	4	8	0.5961538461538461
src/test/compile-fail/bad-extern-link-attrs.rs	3	1	4	0.9032258064516129
src/libcoretest/num/int_macros.rs	16	3	19	0.45905172413793105
src/etc/platform-intrinsics/x86/sse2.json	6	3	9	0.6568627450980392
src/test/compile-fail/syntax-extension-hexfloat-bad-lits.rs	3	1	4	0.9333333333333333
src/test/compile-fail/raw-str-delim.rs	3	3	6	0.5306122448979592
src/rt/jemalloc/include/jemalloc/internal/tcache.h	3	2	5	0.8
src/test/run-pass/issue-20763-1.rs	5	4	9	0.3541666666666667
src/test/run-pass/issue-20953.rs	3	3	6	0.4772727272727273
src/test/compile-fail/no-patterns-in-args-2.rs	3	3	6	0.5897435897435898
src/test/parse-fail/removed-syntax-closure-lifetime.rs	5	3	8	0.609375
src/libsyntax_ext/deriving/generic/mod.rs	24	5	29	0.47297297297297297
src/test/run-pass/zero-sized-vec-deque-push.rs	2	3	5	0.6666666666666666
src/etc/make-win-dist.py	10	3	13	0.5510835913312694
src/boot/fe/item.ml	3	4	7	0.6666666666666666
src/test/compile-fail/issue-5035-2.rs	9	3	12	0.4864864864864865
src/test/auxiliary/cgu_test_a.rs	3	3	6	0.4105263157894737
src/librustc/front/assign_node_ids_and_map.rs	1	3	4	0.8163265306122449
src/test/compile-fail/cap-clause-with-stack-closure.rs	0	6	6	0.47058823529411764
src/test/run-pass/issue-13902.rs	4	2	6	0.46938775510204084
src/librbml/leb128.rs	7	5	12	0.6048387096774194
src/rt/libuv/test/test-spawn.c	0	2	2	0.6666666666666666
src/test/compile-fail/issue-13599.rs	4	3	7	0.4642857142857143
src/test/run-fail/adjust_empty.rs	0	1	1	1.0
src/test/compile-fail/issue-19692.rs	7	5	12	0.5882352941176471
src/test/run-pass/init-large-type.rs	8	5	13	0.3406113537117904
src/librustc/ty/item_path.rs	10	6	16	0.423828125
src/test/run-pass/aux/mir_external_refs.rs	0	1	1	1.0
src/test/run-pass/keyword-changes-2012-07-31.rs	7	4	11	0.42201834862385323
src/test/compile-fail-fulldeps/macro-crate-cannot-read-embedded-ident.rs	9	3	12	0.4385026737967914
src/test/compile-fail/unsafe-infects-caller.rs	0	2	2	0.6666666666666666
src/librustc_trans/trans/debuginfo/create.rs	0	1	1	1.0
src/test/compile-fail/macro-inner-attributes.rs	15	4	19	0.4534412955465587
src/libbacktrace/config.guess	5	2	7	0.7708333333333334
src/test/bench/rt/task-perf-one-million.rs	0	2	2	0.8888888888888888
src/test/run-pass/const-enum-ptr.rs	8	4	12	0.45495495495495497
src/test/compile-fail/issue-19141.rs	1	2	3	0.8333333333333334
src/doc/nomicon/uninitialized.md	1	3	4	0.6530612244897959
src/test/compile-fail/token-error-correct.rs	6	4	10	0.4244604316546763
src/test/compile-fail/E0412.rs	0	3	3	0.6444444444444445
src/test/auxiliary/crateresolve_calories-2.rs	8	4	12	0.6038961038961039
src/test/compile-fail/new-unicode-escapes-4.rs	3	4	7	0.38961038961038963
src/test/run-pass/issue-3888-2.rs	12	2	14	0.4022346368715084
src/test/run-pass/parse-panic.rs	3	2	5	0.45
src/test/rustdoc/issue-31899.rs	2	3	5	0.6060606060606061
src/librustpkg/workspace.rs	16	1	17	0.8153846153846154
src/test/ui/macros/macro-backtrace-nested.stderr	6	3	9	0.3904761904761905
src/libsyntax/syntax	0	2	2	0.8333333333333334
src/test/run-pass/macro-crate-nonterminal.rs	4	3	7	0.5333333333333333
src/test/compile-fail/unsized-trait-impl-trait-arg.rs	9	3	12	0.32934131736526945
src/test/compile-fail/borrowck-alias-mut-base-ptr.rs	3	1	4	0.8571428571428571
src/test/run-pass/issue-1660.rs	7	3	10	0.43373493975903615
doc/Topics.txt	0	1	1	1.0
src/test/compile-fail/regions-outlives-nominal-type-enum-type-rev.rs	1	2	3	0.8571428571428571
src/test/compile-fail/liveness-assign-imm-local-with-init.rs	11	3	14	0.42718446601941745
src/test/run-pass/dynamic-drop.rs	4	6	10	0.4925373134328358
src/lib/extifmt.rs	0	1	1	1.0
src/test/run-pass/issue-13264.rs	11	3	14	0.49282296650717705
src/libsyntax/parse/lexer/unicode_chars.rs	13	5	18	0.40562248995983935
src/libstd/task/mod.rs	23	1	24	0.802675585284281
src/comp/middle/shape.rs	6	7	13	0.25210084033613445
src/doc/tarpl/safe-unsafe-meaning.md	0	3	3	0.6981132075471698
src/test/compile-fail/issue-2817-2.rs	5	3	8	0.7076923076923077
src/test/compile-fail/dropck_tarena_unsound_drop.rs	6	4	10	0.5208333333333334
src/llvmext/README	0	2	2	0.5
src/test/bench/shootout-nbody.rs	46	3	49	0.5095541401273885
src/test/run-pass/no-std-3.rs	2	3	5	0.7272727272727273
src/test/ui/span/issue-36537.rs	2	4	6	0.5853658536585366
src/librustc_back/target/armv7_unknown_linux_musleabihf.rs	8	4	12	0.5086206896551724
src/test/run-pass/fixed-point-bind-unique.rs	11	3	14	0.5087719298245614
src/libextra/lru_cache.rs	2	2	4	0.8857142857142857
src/test/compile-fail/unique-pinned-nocopy-2.rs	0	1	1	1.0
src/test/run-pass/aux/typeid-intrinsic-aux2.rs	0	1	1	1.0
src/test/compile-fail/panic-runtime/abort-link-to-unwind-dylib.rs	1	4	5	0.5405405405405406
src/test/run-pass/alt-bot.rs	5	5	10	0.4666666666666667
src/test/run-pass/int-abs-overflow.rs	5	2	7	0.6153846153846154
src/test/compile-fail/dupe-symbols-4.rs	2	4	6	0.5625
src/test/rustdoc/issue-22038.rs	3	3	6	0.4583333333333333
src/test/auxiliary/issue-18501.rs	4	4	8	0.34285714285714286
src/test/compile-fail/alt-join.rs	13	3	16	0.6153846153846154
src/test/compile-fail/type-recursive.rs	16	5	21	0.5132275132275133
src/test/run-pass/associated-types-stream.rs	4	3	7	0.391304347826087
src/test/compile-fail/coherence-bigint-int.rs	4	2	6	0.5121951219512195
src/rt/libuv/test/test-udp-multicast-join.c	0	2	2	0.75
src/test/compile-fail/borrowck-pat-by-value-binding.rs	5	2	7	0.723404255319149
src/test/run-pass/unboxed-closures-static-call-fn-once.rs	13	3	16	0.4079601990049751
src/test/compile-fail/issue-17933.rs	11	5	16	0.39622641509433965
src/librustrt/task.rs	14	2	16	0.5465116279069767
src/test/run-fail/panic.rs	10	3	13	0.5246913580246914
src/test/run-pass/macro-method-issue-4621.rs	8	3	11	0.38095238095238093
src/test/compile-fail/infinite-macro-expansion.rs	8	3	11	0.4716981132075472
src/test/run-pass-fulldeps/auxiliary/syntax_extension_with_dll_deps_2.rs	4	5	9	0.26785714285714285
src/test/bench/shootout/fasta.rs	0	5	5	0.5384615384615384
src/test/run-pass/deriving-via-extension-struct-empty.rs	10	2	12	0.6039603960396039
src/test/run-pass/trait-inheritance-cross-trait-call.rs	10	3	13	0.42138364779874216
src/test/compile-fail/E0277.rs	6	3	9	0.41333333333333333
src/test/run-pass/explicit-self-objects-box.rs	9	2	11	0.703125
src/test/compile-fail/associated-types/cache/wasm-issue-32330.rs	5	5	10	0.4691358024691358
src/test/compile-fail/resolve-unknown-trait.rs	10	3	13	0.5887096774193549
src/test/run-pass/call-closure-from-overloaded-op.rs	11	3	14	0.39090909090909093
src/test/run-pass/lots-a-fail.rs	17	2	19	0.5970149253731343
src/test/compile-fail/associated-types-coherence-failure.rs	6	4	10	0.5037037037037037
src/librustc_back/target/i586_unknown_linux_gnu.rs	10	3	13	0.5688622754491018
src/test/run-pass/class-cast-to-iface.rs	0	7	7	0.23076923076923078
src/librustc/middle/trans/cabi_x86_64.rs	31	2	33	0.7312414733969986
src/test/auxiliary/crateresolve-2.rs	0	2	2	0.6666666666666666
src/test/parse-fail/mod_file_not_owning.rs	1	3	4	0.475
src/test/rustdoc/issue-35169-2.rs	3	3	6	0.717948717948718
src/test/compile-fail/virtual-structs.rs	4	3	7	0.3548387096774194
src/test/run-pass/if-ret.rs	5	5	10	0.48214285714285715
src/libstd/mutable.rs	0	1	1	1.0
src/test/compile-fail/lex-illegal-num-char-escape.rs	4	1	5	0.9090909090909091
src/libstd/path2/mod.rs	0	1	1	1.0
src/libcore/task.rs	18	7	25	0.2558922558922559
src/test/compile-fail/use-uninit-2.rs	0	7	7	0.35714285714285715
src/test/run-pass/trait-inheritance-static.rs	8	3	11	0.4444444444444444
src/comp/middle/alias.rs	12	5	17	0.5
src/lib/termivec.rs	0	4	4	0.42857142857142855
src/test/compile-fail/use-meta.rc	5	3	8	0.7758620689655172
src/test/compile-fail/regions-escape-via-iface-or-not.rs	0	4	4	0.2857142857142857
src/test/debuginfo/borrowed-struct.rs	13	3	16	0.4859154929577465
src/test/compile-fail/non-interger-atomic.rs	6	3	9	0.44755244755244755
src/test/parse-fail/pub-macro-rules.rs	1	4	5	0.7222222222222222
src/test/compile-fail/if-without-else-result.rs	18	4	22	0.616
src/test/compile-fail/import-trait-method.rs	4	3	7	0.5428571428571428
src/doc/book/ownership.md	19	3	22	0.5157657657657657
src/test/run-pass/privacy-reexport.rs	8	3	11	0.5075757575757576
src/test/compile-fail/regions-infer-contravariance-due-to-decl.rs	4	3	7	0.46153846153846156
src/test/compile-fail/private-variant-and-crate-reexport.rs	4	4	8	0.38461538461538464
mk/cfg/mips64el-unknown-linux-gnuabi64.mk	3	3	6	0.4888888888888889
src/test/compile-fail/alt-pattern-field-mismatch.rs	6	2	8	0.5
src/test/run-pass/associated-types-duplicate-binding-in-env.rs	4	3	7	0.425
src/librustc/infer/mod.rs	21	6	27	0.3878787878787879
src/test/run-pass/c-stack-as-value.rs	18	2	20	0.5352941176470588
src/test/compile-fail/rustc-error.rs	4	3	7	0.5571428571428572
src/doc/tarpl/hrtb.md	0	3	3	0.7115384615384616
mk/libuv/unix/Makefile	0	3	3	0.3333333333333333
src/rustllvm/Passes.cpp	0	2	2	0.6
src/libnative/io/net.rs	22	2	24	0.8095872170439414
src/test/compile-fail/no-type-for-node-ice.rs	4	5	9	0.4935064935064935
src/test/run-pass/issue-25089.rs	4	3	7	0.6506024096385542
src/test/parse-fail/brace-after-qualified-path-in-match.rs	5	3	8	0.676923076923077
src/test/run-pass/deriving-self-lifetime-totalord-totaleq.rs	12	3	15	0.6108597285067874
src/test/auxiliary/issue-30535.rs	3	3	6	0.4146341463414634
src/test/compile-fail/issue-3993.rs	5	3	8	0.7333333333333333
src/librustc/middle/ty/subst.rs	0	1	1	1.0
doc/README.md	2	2	4	0.8709677419354839
src/rt/sundown/src/buffer.c	0	2	2	0.9310344827586207
src/libcore/private/extfmt.rs	1	3	4	0.7142857142857143
src/test/compile-fail/panic-runtime/auxiliary/panic-runtime-unwind2.rs	1	4	5	0.5405405405405406
src/test/ui/mismatched_types/issue-26480.stderr	5	5	10	0.4166666666666667
src/test/auxiliary/crateresolve6-1.rs	0	3	3	0.3333333333333333
src/test/compile-fail/match-struct.rs	13	5	18	0.5837837837837838
src/libbacktrace/backtrace-supported.h.in	10	4	14	0.6431718061674009
src/test/compile-fail/private_variant_2.rs	3	4	7	0.7796610169491526
src/test/run-pass/unused-move-capture.rs	14	3	17	0.44402985074626866
src/test/compile-fail/feature-gate-static-in-const.rs	2	3	5	0.55
src/test/run-make/link-path-order/wrong.c	4	3	7	0.38961038961038963
src/test/auxiliary/issue-8044.rs	9	5	14	0.49356223175965663
src/test/compile-fail/issue-32833.rs	2	5	7	0.41964285714285715
src/test/run-pass/sync-send-in-std.rs	1	2	3	0.6956521739130435
src/test/compile-fail/pure-modifies-aliased.rs	5	4	9	0.4791666666666667
src/test/run-pass/syntax-extension-source-utils-files/includeme.fragment	16	2	18	0.43243243243243246
src/librustc/middle/trans/closure.rs	39	2	41	0.7321428571428571
src/test/compile-fail/associated-types-unconstrained.rs	5	3	8	0.36036036036036034
src/libextra/treemap.rs	33	1	34	0.8145285935085008
src/test/compile-fail/feature-gate-fundamental.rs	2	2	4	0.75
src/test/auxiliary/issue-9968.rs	4	3	7	0.4266666666666667
src/test/run-pass/task-comm-12.rs	31	4	35	0.4967213114754098
src/test/compile-fail/issue-20616-4.rs	3	4	7	0.6470588235294118
src/test/compile-fail/raw-str-unterminated.rs	3	3	6	0.5306122448979592
src/test/compile-fail/issue-5439.rs	3	2	5	0.835820895522388
src/librustc_trans/trans/declare.rs	13	4	17	0.5780669144981413
src/rt/libuv/src/ares/setup_once.h	0	4	4	0.5
src/test/debuginfo/simple-tuple.rs	11	3	14	0.5175097276264592
src/test/compile-fail/regions-outlives-nominal-type-enum-region-rev.rs	0	2	2	0.9
src/test/compile-fail/E0558.rs	3	3	6	0.42857142857142855
src/librustc/infer/type_variable.rs	12	5	17	0.4375
src/test/run-pass/issue-11677.rs	6	3	9	0.34517766497461927
src/test/compile-fail/variant-namespacing.rs	4	3	7	0.654320987654321
src/rustdoc/fold.rs	11	4	15	0.5360824742268041
src/librustc_typeck/coherence/mod.rs	48	5	53	0.418210484824596
src/librustc_errors/registry.rs	4	3	7	0.41379310344827586
src/rustc/middle/trans/alt.rs	11	7	18	0.22941176470588234
src/test/compile-fail/issue-15914.rs	3	3	6	0.47058823529411764
src/error-index-generator/main.rs	7	3	10	0.6875
src/test/compile-fail/issue-23595-1.rs	3	3	6	0.5217391304347826
src/test/run-pass/coherence-iterator-vec-any-elem.rs	3	3	6	0.6071428571428571
src/librustc_passes/const_fn.rs	6	3	9	0.5584415584415584
src/test/compile-fail/not-panic-safe.rs	3	3	6	0.6190476190476191
src/test/run-pass/const-polymorphic-paths.rs	6	3	9	0.47368421052631576
src/test/compile-fail/variance-trait-matching.rs	9	5	14	0.43859649122807015
src/test/run-make/graphviz-flowgraph/f15.rs	6	2	8	0.6444444444444445
src/test/parse-fail/issue-32505.rs	3	3	6	0.49230769230769234
src/test/compile-fail/unboxed-closures-mutate-upvar.rs	4	3	7	0.4772727272727273
src/test/parse-fail/keyword-do-as-identifier.rs	7	3	10	0.5714285714285714
src/test/compile-fail/borrowck-while.rs	8	3	11	0.5434782608695652
mk/util.mk	7	3	10	0.6530612244897959
src/librustc_metadata/macro_import.rs	15	4	19	0.43315508021390375
src/test/auxiliary/private_trait_xc.rs	4	4	8	0.3785310734463277
src/test/compile-fail-fulldeps/proc-macro/auxiliary/derive-panic.rs	0	3	3	0.3333333333333333
src/libstd/os/android/fs.rs	3	2	5	0.8
lifetime-elision.md	0	1	1	1.0
src/test/compile-fail/cycle-trait-default-type-trait.rs	2	2	4	0.6551724137931034
src/test/parse-fail/issue-30318.rs	2	3	5	0.36923076923076925
src/test/compile-fail/infinite-tag-type-recursion.rs	14	4	18	0.5121951219512195
src/test/compile-fail/infinite-instantiation.rs	16	4	20	0.4984025559105431
src/libcollections/slice.rs	75	4	79	0.4542559351476549
src/test/run-pass/aux/issue_3979_traits.rs	0	1	1	1.0
src/libcoretest/num/dec2flt/parse.rs	1	2	3	0.88
src/libstd/sys/windows/condvar.rs	11	6	17	0.4319526627218935
src/test/run-pass/issue-11382.rs	0	2	2	0.5
vec-into-iter.md	0	1	1	1.0
src/test/run-pass/cross-crate-const-pat.rs	6	3	9	0.5340909090909091
src/test/compile-fail/not-panic-safe-3.rs	4	4	8	0.6292134831460674
src/test/parse-fail/issue-20711-2.rs	7	4	11	0.5181818181818182
src/test/run-pass/pat-tuple-2.rs	3	3	6	0.4915254237288136
src/libsyntax_ext/deriving/bounds.rs	5	6	11	0.3472222222222222
src/test/run-pass/foreach-external-iterators-break.rs	12	3	15	0.4703703703703704
src/test/run-pass/expr-block-generic-box1.rs	14	2	16	0.7157894736842105
src/test/auxiliary/crateresolve5-1.rs	14	3	17	0.6920152091254753
src/test/run-make/graphviz-flowgraph/f25.rs	6	2	8	0.6338028169014085
src/test/run-pass/structured-compare-recursive.rs	0	5	5	0.5454545454545454
src/test/compile-fail/privacy-ufcs.rs	4	3	7	0.6949152542372882
src/test/debug-info/destructured-local.rs	11	1	12	0.9033816425120773
src/libstd/num/i64.rs	17	3	20	0.7055214723926381
src/test/run-make/issue-15460/foo.c	3	4	7	0.5096153846153846
src/test/pretty/tag-blank-lines.rs	3	4	7	0.5
src/libcore/box.rs	4	6	10	0.2826086956521739
src/test/run-pass/extern-return-TwoU32s.rs	7	3	10	0.6530612244897959
src/librustdoc/markdown.rs	31	3	34	0.5217391304347826
src/test/compile-fail/match-vec-invalid.rs	7	3	10	0.5
src/test/compile-fail/E0390.rs	1	3	4	0.46153846153846156
src/test/debug-info/packed-struct.rs	10	1	11	0.9130434782608695
src/libsyntax/ext/deriving/to_str.rs	14	1	15	0.8245033112582781
src/test/run-pass/issue-16560.rs	16	4	20	0.34986945169712796
src/test/run-pass/expr-alt-unique.rs	7	3	10	0.6086956521739131
src/librustc_trans/back/msvc/arch.rs	4	3	7	0.5714285714285714
src/libstd/rt/unwind/gcc.rs	6	3	9	0.6346153846153846
src/test/compile-fail/lub-in-args.rs	7	4	11	0.6271186440677966
src/librustpkg/testsuite/pass/src/fancy-lib/src/foo.rs	0	3	3	0.8333333333333334
src/test/run-pass/drop-on-empty-block-exit.rs	13	4	17	0.4878048780487805
src/test/run-pass/rec-align-u64.rs	39	3	42	0.5227008149010477
src/librustc/middle/trans/doc.rs	5	3	8	0.6326530612244898
src/test/compile-fail/move-in-guard-1.rs	4	2	6	0.6440677966101694
src/test/auxiliary/issue-21221-3.rs	3	3	6	0.4897959183673469
src/test/compile-fail/cannot-mutate-captured-non-mut-var.rs	10	5	15	0.3684210526315789
src/test/auxiliary/typeid-intrinsic.rs	8	5	13	0.3319672131147541
src/test/run-make/mixing-libs/rlib.rs	4	1	5	0.8947368421052632
src/test/run-pass/issue-15924.rs	8	4	12	0.48739495798319327
src/test/run-make/interdependent-c-libraries/bar.c	3	3	6	0.5151515151515151
src/test/run-pass/match-bot-2.rs	6	3	9	0.41081081081081083
src/test/run-pass/ivec-add.rs	11	3	14	0.6019417475728155
src/test/parse-fail/no-hex-float-literal.rs	3	4	7	0.4117647058823529
src/test/compile-fail/keyword-if-as-identifier.rs	2	3	5	0.3275862068965517
src/test/run-pass/issue-16597.rs	11	5	16	0.43125
src/libsyntax/ext/expand.rs	106	3	109	0.5480077233631736
src/doc/style/features/functions-and-methods/output.md	5	6	11	0.437125748502994
src/librustc/middle/traits/doc.rs	7	3	10	0.39617486338797814
src/test/compile-fail/simd-intrinsic-single-nominal-type.rs	1	2	3	0.9
src/rt/libuv/src/win/stream.c	0	2	2	0.8
src/test/run-pass/macro-follow.rs	2	3	5	0.6
src/test/parse-fail/doc-before-extern-rbrace.rs	8	3	11	0.3617021276595745
src/test/run-fail/extern-fail.rs	20	3	23	0.717741935483871
src/librustc_platform_intrinsics/aarch64.rs	8	2	10	0.7072072072072072
src/rustc/middle/typeck/infer/integral.rs	3	5	8	0.2727272727272727
src/test/run-pass/issue-36744-bitcast-args-if-needed.rs	4	3	7	0.32608695652173914
src/test/parse-fail/struct-no-fields-enumlike.rs	5	3	8	0.524390243902439
src/test/compile-fail/issue-25901.rs	5	3	8	0.4675324675324675
src/test/run-make/rustdoc-recursion/foo2.rs	1	3	4	0.6
src/test/compile-fail/eval-enum.rs	18	4	22	0.46464646464646464
src/doc/trpl/slice-patterns.md	3	4	7	0.5333333333333333
src/test/run-make/issue-7349/foo.rs	4	3	7	0.4925373134328358
src/doc/trpl/src/advanced.md	0	2	2	0.9
src/test/run-pass/extern-compare-with-return-type.rs	7	3	10	0.48044692737430167
src/libsyntax/ext/deriving/decodable.rs	36	3	39	0.5547143840330351
src/rt/arch/mipsel/record_sp.S	3	3	6	0.6140350877192983
src/test/compile-fail/issue-5544-b.rs	5	3	8	0.4659090909090909
src/libpanic_unwind/windows.rs	4	4	8	0.5172413793103449
src/test/run-pass/const-binops.rs	12	3	15	0.5104895104895105
src/test/debuginfo/shadowed-variable.rs	10	3	13	0.4918032786885246
src/librustc_resolve/resolve_imports.rs	35	6	41	0.47223540579022305
src/test/run-pass/xc_conditions_client_3.rs	2	1	3	0.9459459459459459
src/test/compile-fail/E0283.rs	1	3	4	0.5094339622641509
src/test/compile-fail/import-glob-export.rs	0	8	8	0.2
src/test/compile-fail/issue-16709.rs	2	2	4	0.5510204081632653
src/rustdoc/rustdoc.rc	10	4	14	0.5816326530612245
src/libcore/rt/io/misc.rs	1	2	3	0.7307692307692307
mk/libuv/x86_64/win/src/libuv/run-benchmarks.target.mk	0	5	5	0.5384615384615384
src/test/compile-fail/regions-close-object-into-object-3.rs	5	3	8	0.39285714285714285
src/test/run-pass/issue-2380-b.rs	8	3	11	0.4482758620689655
src/lib/json.rs	0	4	4	0.4
src/rt/arch/arm/ccall.S	6	3	9	0.7222222222222222
leaking.md	0	1	1	1.0
src/libsyntax/Cargo.toml	4	5	9	0.4827586206896552
src/test/run-pass/overloaded-calls-object-one-arg.rs	4	3	7	0.40540540540540543
src/libstd/sys/unix/c.rs	21	3	24	0.360450563204005
src/doc/nomicon/vec-layout.md	1	3	4	0.6530612244897959
src/test/run-pass/aux/issue-5521.rs	0	1	1	1.0
src/test/compile-fail/moves-based-on-type-capture-clause-bad.rs	17	3	20	0.5714285714285714
mk/clean.mk	39	3	42	0.6210045662100456
src/test/compile-fail/issue-19734.rs	3	2	5	0.717391304347826
src/test/compile-fail/issue-20616-3.rs	3	4	7	0.6470588235294118
src/test/run-pass/match-borrowed_str.rs	10	3	13	0.6779661016949152
src/test/run-pass/do-no-args.rs	3	1	4	0.927536231884058
src/rustllvm/rustllvm.h	20	4	24	0.5862831858407079
src/test/run-pass/issue-27859.rs	1	2	3	0.875
src/test/compile-fail/lint-exceeding-bitshifts.rs	18	5	23	0.41304347826086957
src/test/compile-fail/unsized-enum2.rs	3	3	6	0.6136363636363636
src/test/run-make/lto-syntax-extension/Makefile	4	3	7	0.7551020408163265
src/rusti/wrapper.rs	0	2	2	0.6666666666666666
src/test/compile-fail/range_traits-7.rs	1	5	6	0.5
src/boot/me/trans.ml	9	2	11	0.7357512953367875
src/test/compile-fail/E0430.rs	2	3	5	0.4583333333333333
src/test/compile-fail/vec-matching-obsolete-syntax.rs	6	2	8	0.5096153846153846
src/test/run-fail/panic-macro-static.rs	0	2	2	0.6666666666666666
src/libcore/fmt/float.rs	29	3	32	0.37819025522041766
src/test/compile-fail/coherence-overlapping-pairs.rs	4	3	7	0.375
src/test/compile-fail/transmute-fat-pointers.rs	5	3	8	0.46153846153846156
src/test/run-pass/item-name-overload.rs	6	5	11	0.421875
src/test/compile-fail/regions-outlives-nominal-type-struct-type.rs	1	2	3	0.8571428571428571
src/test/run-fail/fail-main.rs	14	2	16	0.6183206106870229
src/libcore/task/mod.rs	17	3	20	0.6363636363636364
src/librustc_mir/hair/cx/expr.rs	26	4	30	0.5245628642797668
src/test/run-fail/explicit-fail-msg.rs	20	2	22	0.6851851851851852
src/test/compile-fail/cap-clause-unresolved-move.rs	0	6	6	0.375
src/test/run-pass/explicit-self-objects-uniq.rs	12	3	15	0.5073170731707317
src/test/run-pass/basic-1.rs	10	5	15	0.3269230769230769
src/libstd/sys/windows/tcp.rs	9	4	13	0.4178217821782178
src/rustdoc/parse.rs	5	8	13	0.2830188679245283
src/test/run-pass/kindck-implicit-close-over-mut-var.rs	8	4	12	0.37117903930131
src/test/run-make/dep-info-no-analysis/input.rs	2	4	6	0.5168539325842697
src/test/compile-fail/borrowck/borrowck-move-out-of-struct-with-dtor.rs	1	4	5	0.42857142857142855
src/test/run-pass/struct-order-of-eval-4.rs	6	4	10	0.39751552795031053
src/rt/libuv/src/ev/ev_select.c	0	2	2	0.5
src/test/run-pass/default-associated-types.rs	5	3	8	0.7692307692307693
src/rt/rust_dom.h	1	5	6	0.4642857142857143
src/test/run-pass/issue-16596.rs	7	3	10	0.3652694610778443
src/doc/trpl/src/error-handling.md	0	1	1	1.0
src/test/run-pass/send-type-inference.rs	15	4	19	0.4024896265560166
src/test/debuginfo/aux/cross_crate_debuginfo_type_uniquing.rs	0	1	1	1.0
src/etc/test-float-parse/_common.rs	3	2	5	0.8653846153846154
src/test/bench/task-perf-linked-failure.rs	22	2	24	0.7537537537537538
src/test/run-pass/issue-27889.rs	3	2	5	0.8333333333333334
src/test/run-fail/overflowing-simd-lsh-2.rs	4	2	6	0.8448275862068966
src/test/run-pass/attr-on-generic-formals.rs	3	4	7	0.5609756097560976
src/rt/libuv/test/runner-win.h	0	3	3	0.6
src/test/compile-fail/coherence_copy_like_err_fundamental_struct_ref.rs	3	3	6	0.37037037037037035
src/test/rustdoc/issue-19190-2.rs	5	2	7	0.52
src/test/run-pass/deref-rc.rs	8	3	11	0.496551724137931
src/rt/libuv/src/unix/eio/config_linux.h	0	1	1	1.0
src/test/compile-fail/associated-type-projection-from-supertrait.rs	2	3	5	0.6233766233766234
src/test/run-pass/assert-ne-macro-unsized.rs	5	4	9	0.45454545454545453
src/test/run-fail/expr-if-fail-fn.rs	10	2	12	0.5747126436781609
src/test/run-make/rustdoc-ffi/lib.rs	1	3	4	0.47297297297297297
src/test/run-pass/svh-add-whitespace.rs	5	3	8	0.4927536231884058
src/test/run-make/a-b-a-linker-guard/a.rs	2	3	5	0.41304347826086957
src/test/run-pass/static-mut-xc.rs	7	3	10	0.5028571428571429
src/test/compile-fail/regions-infer-call-3.rs	11	3	14	0.464
src/test/compile-fail/issue-6642.rs	5	3	8	0.640625
src/libcore/num/dec2flt/parse.rs	4	5	9	0.6099290780141844
src/test/compile-fail/borrow-tuple-fields.rs	7	5	12	0.4514285714285714
src/test/compile-fail/E0186.rs	4	4	8	0.42592592592592593
src/test/run-pass/aux/cci_no_inline_lib.rs	0	1	1	1.0
src/doc/trpl/src/comments.md	0	2	2	0.9
src/test/compile-fail/doc-before-macro.rs	3	3	6	0.3220338983050847
src/tools/linkchecker/Cargo.toml	5	3	8	0.4470588235294118
src/test/run-pass/tcp-stress.rs	32	3	35	0.46936542669584247
src/test/run-pass/augmented-assignments-feature-gate-cross.rs	0	4	4	0.5
src/test/parse-fail/issue-14303-fncall.rs	3	4	7	0.4117647058823529
src/test/run-pass/multi-src/bar.rs	0	4	4	0.46153846153846156
src/test/pretty/path-type-bounds.rs	9	3	12	0.5886792452830188
mk/libuv/ia32/win/src/rt/libuv/uv.Makefile	0	1	1	1.0
src/test/run-pass/issue-2550.rs	11	3	14	0.3544973544973545
src/test/parse-fail/issue-17904.rs	5	3	8	0.36764705882352944
src/test/run-pass/coherence-impl-in-fn.rs	14	3	17	0.368
src/test/run-make/rustdoc-ffi/Makefile	1	3	4	0.4375
src/test/compile-fail/issue-3008-1.rs	7	4	11	0.626984126984127
src/librustc/session/mod.rs	51	4	55	0.44936966246441645
src/test/run-make/symbols-include-type-name/Makefile	2	3	5	0.6666666666666666
src/test/compile-fail/spawn-non-nil-fn.rs	11	3	14	0.425531914893617
src/test/compile-fail/syntax-extension-bytes-non-ascii-char-literal.rs	4	2	6	0.8048780487804879
src/test/compile-fail/regions-lifetime-of-struct-or-enum-variant.rs	5	2	7	0.6764705882352942
src/test/run-fail/unwind-box-fn.rs	4	3	7	0.7692307692307693
src/libstd/cleanup.rs	12	1	13	0.8435754189944135
src/test/run-pass/specialization/specialization-translate-projections-with-params.rs	2	3	5	0.75
src/test/compile-fail/liveness-init-plus-equal.rs	5	3	8	0.7368421052631579
src/test/debuginfo/basic-types-metadata.rs	14	4	18	0.4577922077922078
src/test/run-make/extern-overrides-distribution/main.rs	3	3	6	0.5
src/test/parse-fail/variadic-ffi-3.rs	3	4	7	0.4117647058823529
src/test/compile-fail/regions-assoc-type-outlives-container.rs	4	3	7	0.4175824175824176
src/test/run-pass/issue34569.rs	3	3	6	0.6923076923076923
src/test/run-pass/issue-18539.rs	7	3	10	0.41414141414141414
src/test/run-pass/preempt.rs	18	4	22	0.5196850393700787
src/test/auxiliary/issue-2414-b.rs	12	3	15	0.6666666666666666
src/doc/full-toc.inc	0	3	3	0.8947368421052632
src/libsyntax/ext/tt/reexport.rs	0	1	1	1.0
src/test/compile-fail/static-reference-to-fn-2.rs	7	2	9	0.514018691588785
src/test/run-pass-fulldeps/aux/roman_numerals.rs	0	1	1	1.0
src/librustc/front/std_inject.rs	27	2	29	0.8370165745856354
src/test/codegen-units/instantiation-through-vtable.rs	2	3	5	0.4793388429752066
src/test/run-pass/slowparse-bstring.rs	1	3	4	0.782608695652174
src/test/compile-fail/invalid-inline.rs	3	2	5	0.75
src/liballoc/rc.rs	69	4	73	0.4801022270901789
src/test/compile-fail/issue-21202.rs	5	4	9	0.367816091954023
src/doc/tarpl/vec-zsts.md	0	3	3	0.74
src/librustc_data_structures/bitvec.rs	16	3	19	0.545
src/test/compile-fail/atomicoption-not-send-ref.rs	2	2	4	0.5957446808510638
src/test/run-pass/issue-15793.rs	4	4	8	0.37583892617449666
doc/po/ja/guide-tasks.md.po	2	1	3	0.9090909090909091
src/test/auxiliary/regions-bounded-method-type-parameters-cross-crate-lib.rs	4	3	7	0.5669291338582677
src/libstd/num/uint-template/u64.rs	0	2	2	0.875
src/test/run-pass/issue-17718.rs	9	4	13	0.40540540540540543
src/test/run-pass-fulldeps/rustc-macro/auxiliary/append-impl.rs	1	5	6	0.5384615384615384
src/test/run-pass/test-main-not-dead-attr.rs	2	2	4	0.7586206896551724
src/rt/jemalloc/COPYING	0	5	5	0.7777777777777778
src/test/incremental/change_private_fn_cc/struct_point.rs	1	3	4	0.4722222222222222
src/boot/fe/extfmt.ml	0	1	1	1.0
src/test/compile-fail/visible-private-types-generics.rs	10	3	13	0.41509433962264153
src/comp/middle/trans/base.rs	8	4	12	0.5185185185185185
src/test/run-pass/do-pure.rs	5	3	8	0.7397260273972602
src/test/compile-fail/import-glob-rename.rs	8	4	12	0.45714285714285713
src/test/run-pass-fulldeps/auxiliary/plugin_crate_outlive_expansion_phase.rs	0	1	1	1.0
src/test/run-pass/associated-types-in-default-method.rs	5	3	8	0.41605839416058393
src/test/run-pass/cfg-match-arm.rs	4	4	8	0.35294117647058826
src/test/run-fail/expr-if-fail.rs	12	2	14	0.6693548387096774
src/libstd/sys/common/args.rs	7	5	12	0.46887966804979253
src/test/compile-fail/issue-18294.rs	3	2	5	0.5079365079365079
src/test/run-pass/simple-infer.rs	11	3	14	0.6559139784946236
src/test/run-pass/aux/privacy_reexport.rs	0	1	1	1.0
src/test/run-fail/do-while-fail.rs	0	3	3	0.3333333333333333
src/libstd/os/netbsd/mod.rs	6	3	9	0.6145833333333334
src/test/debuginfo/aux/issue13213aux.rs	0	1	1	1.0
src/test/run-make/compiler-lookup-paths-2/a.rs	0	3	3	0.7777777777777778
src/libstd/array.rs	7	4	11	0.4214876033057851
src/test/rustdoc/redirect-rename.rs	1	5	6	0.5263157894736842
src/test/run-pass/issue-3668.rs	0	2	2	0.75
src/test/run-pass/tup.rs	10	3	13	0.34965034965034963
src/test/compile-fail/issue-31011.rs	4	5	9	0.4583333333333333
src/test/parse-fail/macros-no-semicolon.rs	7	4	11	0.5958904109589042
src/test/run-make/graphviz-flowgraph/f16.rs	6	2	8	0.6444444444444445
src/test/compile-fail/issue-17718-static-move.rs	3	2	5	0.7368421052631579
src/test/rustdoc/ffi.rs	4	4	8	0.4482758620689655
src/test/run-fail/unwind-unique.rs	10	3	13	0.5414012738853503
doc/lib/codemirror-node.js	0	3	3	0.7142857142857143
src/test/run-pass/hrtb-parse.rs	12	4	16	0.3905579399141631
src/test/compile-fail/mir-dataflow/uninits-2.rs	7	5	12	0.47297297297297297
src/test/ui/span/issue-24895-copy-clone-dropck.stderr	2	4	6	0.5853658536585366
src/test/run-pass/do-stack.rs	2	5	7	0.5135135135135135
src/etc/emacs/README.md	11	2	13	0.6982758620689655
src/test/run-pass/auxiliary/thread-local-extern-static.rs	0	2	2	0.6666666666666666
src/test/run-pass/by-value-self-objects.rs	2	2	4	0.52
src/test/compile-fail/pattern-macro-hygiene.rs	0	4	4	0.42857142857142855
src/test/compile-fail/variance-regions-direct.rs	11	4	15	0.3704819277108434
src/test/run-pass/issue-3176.rs	14	3	17	0.6324786324786325
src/test/compile-fail/issue-24682.rs	1	2	3	0.8076923076923077
src/test/compile-fail/aux/lint_output_format.rs	0	1	1	1.0
src/librustc_lint/lib.rs	37	4	41	0.48176470588235293
src/test/run-pass/aux/macro_crate_def_only.rs	0	1	1	1.0
src/test/bench/msgsend-pipes-shared.rs	37	3	40	0.5510204081632653
src/test/auxiliary/svh-a-macro.rs	7	4	11	0.38666666666666666
doc/tutorial-ffi.md	23	1	24	0.7561643835616438
src/test/run-pass/trait-object-safety.rs	4	2	6	0.6578947368421053
src/rustc/middle/trans/build.rs	10	6	16	0.2235294117647059
src/test/run-fail/overflowing-add.rs	15	5	20	0.36774193548387096
src/test/run-pass/specialization-super-traits.rs	0	1	1	1.0
src/test/run-pass/break.rs	24	3	27	0.5046728971962616
src/test/compile-fail/borrowck-wg-borrow-mut-to-imm-fail-3.rs	3	2	5	0.803921568627451
src/libstd/num/rational.rs	8	2	10	0.79
src/test/run-pass/seq-compare.rs	19	3	22	0.4576271186440678
src/test/run-pass-fulldeps/aux/plugin_args.rs	0	1	1	1.0
src/test/codegen-units/partitioning/extern-drop-glue.rs	2	4	6	0.6434108527131783
src/test/run-fail/fail.rs	8	3	11	0.5882352941176471
src/test/compile-fail/discrim-overflow.rs	7	4	11	0.5416666666666666
src/test/compile-fail/liveness-bad-bang-2.rs	12	4	16	0.5217391304347826
src/doc/book/testing.md	15	4	19	0.5456852791878173
src/test/auxiliary/issue-17476.rs	6	3	9	0.3492063492063492
src/doc/tarpl/vec-deref.md	0	3	3	0.725
src/test/incremental/span_hash_stable/auxiliary/sub2.rs	3	3	6	0.7714285714285715
src/cargo/cargo.rc	6	7	13	0.23076923076923078
src/test/compile-fail/const-fn-stability-calls-2.rs	4	3	7	0.6590909090909091
src/libstd/sys/unix/fs.rs	43	4	47	0.45522761380690346
src/test/compile-fail/issue-5100.rs	23	3	26	0.5433403805496829
src/test/run-pass/borrowck-trait-lifetime.rs	7	3	10	0.35036496350364965
src/test/compile-fail/aux/cci_class.rs	0	1	1	1.0
src/rustbook/help.rs	4	4	8	0.44594594594594594
src/test/run-pass/issue-14421.rs	5	3	8	0.4107142857142857
src/test/compile-fail/issue-22912.rs	6	3	9	0.5128205128205128
src/test/compile-fail/keyword-super-as-identifier.rs	4	3	7	0.31746031746031744
src/test/run-pass/simple-regions.rs	0	1	1	1.0
src/test/run-make/mismatching-target-triples/bar.rs	7	3	10	0.5074626865671642
src/test/run-make/dep-info/lib.rs	6	1	7	0.9195402298850575
src/test/run-pass/comm.rs	23	4	27	0.5009523809523809
src/test/compile-fail/typo-suggestion.rs	6	4	10	0.4578313253012048
src/test/run-pass/mutual-recursion-group.rs	8	3	11	0.43478260869565216
src/rt/jemalloc/Makefile.in	2	4	6	0.7272727272727273
src/test/run-pass-fulldeps/lint-plugin.rs	7	6	13	0.31547619047619047
mk/fuzzer.mk	0	5	5	0.6153846153846154
src/test/compile-fail/variadic-ffi-1.rs	4	3	7	0.5645161290322581
src/test/auxiliary/cci_const_block.rs	5	4	9	0.38461538461538464
src/librustc_trans/trans/attributes.rs	16	3	19	0.5824
src/test/run-pass/mir_ascription_coercion.rs	3	5	8	0.4166666666666667
src/librustc/middle/recursion_limit.rs	13	3	16	0.5413793103448276
src/test/run-pass/type-sizes.rs	16	3	19	0.49185667752442996
src/test/codegen-units/tuple-drop-glue.rs	2	3	5	0.4793388429752066
src/test/run-pass/associated-types-in-bound-type-arg.rs	4	2	6	0.4603174603174603
src/test/compile-fail/coherence-blanket-conflicts-with-specific.rs	9	2	11	0.5673076923076923
src/libcore/f32.rs	14	5	19	0.25
src/test/compile-fail/issue-14303-struct.rs	3	3	6	0.425
src/test/run-pass/static-method-xcrate.rs	13	3	16	0.4975845410628019
src/test/run-pass/native-opaque-type.rs	0	10	10	0.25
src/libstd/num/isize.rs	5	4	9	0.5027027027027027
src/test/ui/macros/macro-backtrace-invalid-internals.stderr	5	4	9	0.4
src/test/run-pass/trait-where-clause-vs-impl.rs	4	3	7	0.7045454545454546
src/test/compile-fail/extern-foreign-crate.rs	5	3	8	0.5638297872340425
src/rt/sundown/html/houdini.h	0	2	2	0.9310344827586207
src/test/run-make/unicode-input/multiple_files.rs	20	3	23	0.4553734061930783
src/rustdoc_ng/html/layout.rs	0	2	2	0.8666666666666667
src/librustc_back/target/wasm32_unknown_emscripten.rs	4	4	8	0.4782608695652174
src/test/run-pass/issue-20091.rs	9	5	14	0.30120481927710846
src/test/compile-fail/union/union-with-drop-fields-lint.rs	2	3	5	0.5238095238095238
src/test/compile-fail/where-for-self-2.rs	5	4	9	0.30612244897959184
src/test/run-pass/macro-crate.rs	2	1	3	0.9047619047619048
src/test/compile-fail/type-shadow.rs	7	3	10	0.7241379310344828
src/test/run-make/many-crates-but-no-match/crateA3.rs	3	1	4	0.896551724137931
src/libstd/net/addr.rs	24	4	28	0.43261074458058435
src/libcoretest/num/i8.rs	4	2	6	0.5227272727272727
src/test/compile-fail/issue-25793.rs	5	5	10	0.4626865671641791
src/test/run-pass/generic-exterior-unique.rs	11	3	14	0.42162162162162165
src/test/run-pass/issue-2930.rs	8	5	13	0.4857142857142857
src/test/ui/span/typo-suggestion.stderr	4	4	8	0.3793103448275862
src/test/parse-fail/issue-24375.rs	4	3	7	0.44
src/test/run-pass/float-nan.rs	17	3	20	0.5070422535211268
src/test/compile-fail/trailing-comma-array-repeat.rs	3	2	5	0.65625
src/test/compile-fail/deriving-span-Show-tuple-struct.rs	8	2	10	0.6410256410256411
src/doc/README.md	12	3	15	0.6534954407294833
src/test/run-pass/overloaded-index-assoc-list.rs	13	3	16	0.4171597633136095
src/libbacktrace/mmap.c	9	4	13	0.6
src/rt/jemalloc/VERSION	3	2	5	0.8
src/librustc_metadata/rbml/writer.rs	0	1	1	1.0
src/tools/compiletest/src/procsrv.rs	5	3	8	0.3434343434343434
src/librustpkg/context.rs	17	1	18	0.8333333333333334
src/doc/uptack.tex	6	2	8	0.4642857142857143
src/test/run-pass/generic-newtype-struct.rs	12	3	15	0.4537037037037037
src/test/run-pass/task-comm-4.rs	19	3	22	0.5534351145038168
src/test/run-pass/use.rs	24	3	27	0.5751633986928104
src/test/bench/shootout/shootout-mandelbrot.rs	0	2	2	0.8888888888888888
src/librustc/mir/cache.rs	8	5	13	0.453781512605042
src/librustc_back/target/asmjs_unknown_emscripten.rs	11	4	15	0.5736434108527132
src/test/run-pass/issue-21140.rs	2	3	5	0.4444444444444444
src/test/run-pass/fn-item-type-coerce.rs	5	3	8	0.4880952380952381
src/test/bench/msgsend-ring-pipes.rs	21	2	23	0.6506024096385542
src/test/run-pass/match-drop-strs-issue-4541.rs	6	1	7	0.9139784946236559
src/libcoretest/cell.rs	19	5	24	0.4697674418604651
src/libstd/sys/windows/rwlock.rs	5	5	10	0.4444444444444444
src/test/compile-fail/namespace-mix-new.rs	4	3	7	0.45652173913043476
src/test/compile-fail/issue-20605.rs	6	4	10	0.4166666666666667
src/test/compile-fail/issue-32201.rs	2	3	5	0.45
src/rt/rust_uv.c	3	2	5	0.734375
src/test/run-make/include_bytes_deps/input.bin	4	2	6	0.5
src/test/run-fail/binop-panic.rs	6	5	11	0.38202247191011235
src/test/compile-fail/issue-1896-1.rs	7	3	10	0.7422680412371134
src/test/run-pass/call-autoderef-tag.rs	0	4	4	0.3333333333333333
src/test/run-make/dep-info-custom/bar.rs	4	3	7	0.4528301886792453
src/test/ui/dropck/dropck-eyepatch-implies-unsafe-impl.stderr	4	3	7	0.44680851063829785
src/test/compile-fail/lint-directives-on-use-items-issue-10534.rs	5	2	7	0.6363636363636364
src/test/compile-fail/associated-path-shl.rs	2	4	6	0.4583333333333333
src/test/auxiliary/thread-local-extern-static.rs	3	3	6	0.40816326530612246
src/comp/back/Link.rs	0	4	4	0.5555555555555556
src/test/compile-fail/macro-reexport-malformed-2.rs	6	3	9	0.3956043956043956
src/test/compile-fail/issue-19009.rs	3	2	5	0.8028169014084507
src/test/compile-fail/unreachable-variant.rs	6	3	9	0.4605263157894737
src/librustc_back/target/musl_base.rs	0	2	2	0.5
src/test/run-pass/aux/trait_inheritance_auto_xc_2_aux.rs	0	1	1	1.0
src/test/run-pass/issue-24086.rs	1	3	4	0.52
src/rt/libuv/src/win/loop-watcher.c	0	1	1	1.0
src/doc/tarpl/conversions.md	0	3	3	0.7115384615384616
src/comp/middle/trans/build.rs	4	3	7	0.35
src/test/compile-fail/issue-28971.rs	0	3	3	0.6551724137931034
src/librustsyntax/ext/auto_serialize.rs	0	7	7	0.3
src/libsyntax/ext/registrar.rs	9	1	10	0.8690476190476191
src/libstd/rt/stack.rs	10	1	11	0.8630952380952381
src/libcore/lib.rs	52	3	55	0.454253037884203
src/test/run-pass/specialization-default-methods.rs	0	1	1	1.0
src/test/run-pass/const-fn-method.rs	5	2	7	0.6545454545454545
src/libregex/test/matches.rs	6	3	9	0.44047619047619047
src/libstd/old_path/windows.rs	11	3	14	0.37922705314009664
src/librustc_mir/lib.rs	25	3	28	0.5681470137825421
src/comp/syntax/_std.rs	0	1	1	1.0
src/test/compile-fail/aux/ambig_impl_2_lib.rs	0	1	1	1.0
src/test/run-pass/issue-9906.rs	9	3	12	0.5913978494623656
src/test/run-pass/task-comm-5.rs	18	3	21	0.44525547445255476
src/test/auxiliary/impl_privacy_xc_2.rs	9	4	13	0.519774011299435
src/doc/style/SUMMARY.md	6	5	11	0.33884297520661155
src/doc/trpl/enums.md	8	4	12	0.5412844036697247
src/rt/libuv/src/unix/freebsd.c	0	2	2	0.75
mk/libuv/x86_64/unix/freebsd/src/libuv/uv.Makefile	0	5	5	0.5833333333333334
src/test/run-pass/macro-crate-use.rs	4	3	7	0.38181818181818183
src/test/run-pass/vec-ivec-deadlock.rs	9	3	12	0.6086956521739131
mk/reconfig.mk	8	3	11	0.7643312101910829
src/doc/Heuristica-Bold.woff	2	1	3	0.9310344827586207
src/test/auxiliary/trait_bounds_on_structs_and_enums_xc.rs	6	4	10	0.375
src/test/run-make/graphviz-flowgraph/f22.rs	6	2	8	0.6285714285714286
src/test/run-pass/overloaded-calls-zero-args.rs	10	3	13	0.45614035087719296
INSTALL.txt	0	4	4	0.5
src/test/run-pass/issue-5718.rs	6	3	9	0.40310077519379844
src/libstd/prelude.rs	40	2	42	0.6844689993861265
src/test/compile-fail/issue-13482-2.rs	13	4	17	0.4362934362934363
src/libstd/sys/unix/condvar.rs	14	6	20	0.5142857142857142
src/test/auxiliary/blind-item-mixed-crate-use-item-foo2.rs	6	3	9	0.3783783783783784
src/test/auxiliary/mod_trait_with_static_methods_lib.rs	3	2	5	0.8064516129032258
src/test/compile-fail/issue-20261.rs	6	3	9	0.5827338129496403
src/test/run-pass/cfg-target-family.rs	4	5	9	0.46551724137931033
src/test/run-pass/union-drop-assign.rs	0	1	1	1.0
src/libstd/rl.rs	8	4	12	0.6153846153846154
src/test/compile-fail/issue-4335.rs	19	4	23	0.4625322997416021
src/test/compile-fail/wf-in-obj-type-trait.rs	1	2	3	0.8571428571428571
src/test/rustdoc/hidden-impls.rs	3	3	6	0.5454545454545454
src/rt/libuv/test/dns-server.c	0	3	3	0.6666666666666666
src/test/run-pass/deriving-associated-types.rs	4	4	8	0.4024390243902439
exotic-sizes.md	0	1	1	1.0
src/librustc/middle/trans/cabi_x86_win64.rs	4	2	6	0.8214285714285714
src/test/parse-fail/assoc-oddities-2.rs	0	1	1	1.0
src/test/compile-fail/macro_expanded_mod_helper/foo/mod.rs	2	3	5	0.6571428571428571
src/rustllvm/rustllvm.def.in	29	2	31	0.723404255319149
src/test/run-pass/vec-macro-no-std.rs	8	4	12	0.3962962962962963
src/test/compile-fail/issue-23544.rs	3	3	6	0.45901639344262296
src/test/compile-fail/closure-bounds-static-cant-capture-borrowed.rs	8	2	10	0.5714285714285714
src/test/compile-fail/disallowed-deconstructing-destructing-struct-let.rs	9	1	10	0.8888888888888888
src/comp/middle/freevars.rs	9	5	14	0.22857142857142856
src/test/run-pass/issue-27320.rs	3	5	8	0.5256410256410257
src/test/compile-fail/E0069.rs	2	5	7	0.3963963963963964
src/test/run-pass/trait-composition-trivial.rs	7	4	11	0.3333333333333333
drop-flags.md	0	1	1	1.0
src/test/compile-fail/simd-experimental.rs	1	4	5	0.64
src/libstd/os/linux/fs.rs	3	2	5	0.8
src/librustc/back/manifest.rs	1	2	3	0.9298245614035088
src/test/compile-fail/issue-16783.rs	3	2	5	0.5396825396825397
src/rt/jemalloc/bin/jemalloc.sh.in	0	5	5	0.7777777777777778
src/test/rustdoc/src-links-external.rs	2	5	7	0.4583333333333333
src/librustc_data_structures/array_vec.rs	3	3	6	0.5714285714285714
src/test/compile-fail/pure-higher-order.rs	5	4	9	0.4594594594594595
src/test/run-fail/overflowing-neg.rs	15	4	19	0.4115384615384615
src/test/run-pass/issue-17074.rs	6	3	9	0.4358974358974359
src/test/run-pass/issue-17336.rs	0	3	3	0.5263157894736842
src/test/run-pass/regions-infer-borrow-scope.rs	15	3	18	0.5302013422818792
src/bootstrap/step.rs	15	4	19	0.3839541547277937
src/test/debug-info/name-shadowing-and-scope-nesting.rs	7	1	8	0.9157894736842105
src/test/compile-fail/feature-gate-plugin.rs	4	3	7	0.43243243243243246
src/test/parse-fail/byte-literals.rs	7	4	11	0.44525547445255476
src/test/run-make/graphviz-flowgraph/f04.dot-expected.dot	8	2	10	0.5217391304347826
src/rt/libuv/src/ares/bitncmp.h	0	3	3	0.6
src/test/run-make/debug-assertions/debug.rs	5	5	10	0.3673469387755102
src/test/run-pass/generic-fn-infer.rs	13	3	16	0.4630541871921182
src/test/run-pass/enum-discrim-width-stuff.rs	14	3	17	0.5730994152046783
src/test/run-pass/const-enum-cast.rs	9	4	13	0.4708994708994709
src/librustsyntax/parse/classify.rs	0	6	6	0.2857142857142857
src/test/compile-fail/E0527.rs	3	4	7	0.4666666666666667
src/test/compile-fail/issue-20616-6.rs	3	4	7	0.6470588235294118
src/libcore/num/dec2flt/rawfp.rs	4	5	9	0.5707762557077626
src/test/run-pass/bind-native.rs	0	8	8	0.4444444444444444
src/librustc_trans/save/recorder.rs	19	4	23	0.4458413926499033
src/test/compile-fail/coherence-iterator-vec-any-elem.rs	0	3	3	0.6451612903225806
src/test/compile-fail/lint-malformed.rs	4	3	7	0.7368421052631579
src/test/compile-fail/dropck_direct_cycle_with_drop.rs	9	3	12	0.421875
src/test/run-pass/issue-22814.rs	1	3	4	0.6470588235294118
src/test/run-pass/aux/foreign_lib.rs	0	1	1	1.0
src/librustc/middle/dead.rs	56	4	60	0.5624561403508772
src/librustc/ty/ivar.rs	3	4	7	0.5061728395061729
src/test/compile-fail/associated-types-incomplete-object.rs	8	2	10	0.4566929133858268
src/doc/tarpl/races.md	1	3	4	0.7368421052631579
src/test/compile-fail/coherence-pair-covered-uncovered.rs	4	3	7	0.3652173913043478
src/test/run-pass/issue28498-must-work-ex2.rs	0	3	3	0.8333333333333334
src/libsyntax/oldvisit.rs	7	2	9	0.8247422680412371
src/libsyntax_ext/deriving/clone.rs	12	5	17	0.4401114206128134
src/etc/ziggurat_tables.py	5	1	6	0.9012345679012346
src/test/compile-fail/lint-unused-mut-variables.rs	18	4	22	0.5402298850574713
src/test/compile-fail/aux/svh-uta-change-use-trait.rs	0	1	1	1.0
src/test/compile-fail/useless-pub.rs	3	4	7	0.6428571428571429
src/test/run-pass/deep-vector.rs	4	5	9	0.6538461538461539
src/test/run-pass/aux/allocator-dummy.rs	0	1	1	1.0
src/test/compile-fail/cfg-attr-unknown-attribute-macro-expansion.rs	0	5	5	0.631578947368421
src/test/run-pass/expr-block-box.rs	10	2	12	0.7105263157894737
src/test/compile-fail/missing-block-hint.rs	1	5	6	0.3269230769230769
src/test/run-pass/regions-infer-call.rs	11	3	14	0.36666666666666664
src/libstd/flatpipes.rs	14	4	18	0.5984848484848485
src/test/compile-fail/const-pattern-irrefutable.rs	5	5	10	0.490272373540856
src/liballoc_jemalloc/lib.rs	20	3	23	0.5822981366459627
src/test/compile-fail/issue-18400.rs	6	3	9	0.6013986013986014
src/rt/libuv/src/ev/ev_poll.c	0	2	2	0.5
src/test/compile-fail/const-deref-ptr.rs	6	2	8	0.4935064935064935
src/librustc/metadata/macro_import.rs	10	4	14	0.3855072463768116
src/test/compile-fail/feature-gate-static-assert.rs	3	2	5	0.49122807017543857
src/test/run-pass/match-vec-alternatives.rs	14	3	17	0.3920265780730897
src/test/run-make/issue-28766/main.rs	2	3	5	0.5945945945945946
src/test/run-pass/empty-allocation-rvalue-non-null.rs	6	3	9	0.38095238095238093
src/librustc/hir/mod.rs	20	5	25	0.4149425287356322
src/test/run-pass/alt-naked-record.rs	1	4	5	0.5416666666666666
src/liblibc/lib.rs	75	4	79	0.49263080324244657
src/etc/mingw-fix-include/winsock2.h	7	2	9	0.7244897959183674
src/test/bench/msgsend-ring.rs	6	7	13	0.3508771929824561
src/test/run-pass/cfg-attr-crate.rs	6	3	9	0.3979591836734694
src/test/run-pass/trait-inheritance-cross-trait-call-xc.rs	14	3	17	0.5198237885462555
src/doc/nomicon/checked-uninit.md	0	3	3	0.6923076923076923
src/test/run-pass/issue-17170.rs	3	3	6	0.6935483870967742
src/test/parse-fail/keyword-override.rs	6	3	9	0.5333333333333333
src/test/compile-fail/issue-4517.rs	17	3	20	0.44126984126984126
src/test/run-pass/let-destruct-ref.rs	7	3	10	0.5086705202312138
src/librustrt/stack.rs	9	2	11	0.7058823529411765
src/test/compile-fail/issue-29184.rs	1	2	3	0.8695652173913043
src/boot/be/macho.ml	0	2	2	0.7777777777777778
src/test/run-pass/expr-match-generic-unique1.rs	7	3	10	0.5057471264367817
src/test/run-pass/aux/issue_20389.rs	0	1	1	1.0
src/test/compile-fail/multiple-main.rs	3	3	6	0.72
src/test/run-pass/issue-33202.rs	3	3	6	0.4393939393939394
src/test/compile-fail/aux/allocator-dylib.rs	0	1	1	1.0
src/test/run-pass/issue-11205.rs	11	3	14	0.37293729372937295
transmutes.md	0	1	1	1.0
src/doc/trpl/associated-types.md	7	4	11	0.5420560747663551
src/test/compile-fail/intrinsic-invalid-number-of-arguments.rs	0	3	3	0.8823529411764706
src/tools/cargotest/main.rs	9	6	15	0.416289592760181
src/libstd/sys/unix/tty.rs	9	3	12	0.35537190082644626
src/test/compile-fail/import-from-dup.rs	0	4	4	0.2857142857142857
src/rt/libuv/src/unix/ev/config.guess	0	1	1	1.0
src/librustc_incremental/persist/serialize.rs	3	2	5	0.673469387755102
src/rustc/syntax/ext/qquote.rs	0	5	5	0.25
src/test/run-pass/const-cross-crate-extern.rs	10	3	13	0.5739644970414202
src/test/compile-fail/traits-negative-impls.rs	9	3	12	0.5894039735099338
src/libstd/ebml.rs	25	5	30	0.4923747276688453
src/test/compile-fail/aux/issue_16725.rs	0	1	1	1.0
src/libstd/os/android/raw.rs	10	4	14	0.609271523178808
src/test/run-pass/alt-ref-binding-mut.rs	3	6	9	0.6052631578947368
src/librustc_back/target/android_base.rs	5	4	9	0.527027027027027
src/test/run-pass/issue-9394-inherited-trait-calls.rs	6	3	9	0.6075949367088608
src/libregex/parse/unicode.rs	2	1	3	0.9047619047619048
src/test/run-pass-fulldeps/issue-1926.rs	9	2	11	0.7361111111111112
src/librustc_incremental/persist/data.rs	7	6	13	0.44625407166123776
src/test/run-pass/extern-pass-u64.rs	9	3	12	0.5151515151515151
src/etc/mingw-fix-include/winbase.h	6	2	8	0.7111111111111111
src/test/run-pass/zero_sized_subslice_match.rs	13	3	16	0.35080645161290325
src/librustc/middle/typeck/deriving.rs	0	5	5	0.4166666666666667
src/rt/valgrind.h	0	4	4	0.4
src/test/compile-fail/regions-close-over-type-parameter-multiple.rs	5	3	8	0.5192307692307693
src/README.md	9	2	11	0.8062015503875969
src/libcore/should_not_exist.rs	4	2	6	0.8527131782945736
src/test/run-pass/use-uninit-match2.rs	8	4	12	0.5555555555555556
src/test/run-make/rustdoc-extern-default-method/ext.rs	2	2	4	0.6103896103896104
src/test/compile-fail/extern-crate-as-no-string-help.rs	4	4	8	0.3953488372093023
src/test/compile-fail/loop-properly-diverging.rs	6	2	8	0.45
src/test/run-pass/unique-init.rs	9	3	12	0.49101796407185627
src/lib/c_vec.rs	0	3	3	0.5
src/rt/jemalloc/include/jemalloc/internal/tsd.h	3	2	5	0.8
src/test/run-pass/u32-decr.rs	12	3	15	0.35428571428571426
src/doc/reference.md	139	4	143	0.4093931837073982
src/test/run-pass/issue-11612.rs	5	3	8	0.3877551020408163
src/librustc_trans/cabi_x86_win64.rs	2	3	5	0.5652173913043478
src/test/compile-fail/issue-13497.rs	3	2	5	0.5526315789473685
src/test/run-pass/loop-unsafe.rs	0	6	6	0.3333333333333333
vec-final.md	0	1	1	1.0
src/test/debuginfo/vec.rs	14	3	17	0.49382716049382713
src/test/compile-fail/omitted-arg-wrong-types.rs	6	3	9	0.6557377049180327
src/rustbook/static/rustbook.css	6	3	9	0.5585585585585585
src/test/pretty/attr-literals.rs	0	2	2	0.5
src/librustc_back/target/mips64_unknown_linux_gnuabi64.rs	5	5	10	0.43312101910828027
src/libstd/rt/libc_heap.rs	1	1	2	0.9583333333333334
src/test/auxiliary/rustdoc-default-impl.rs	5	3	8	0.42391304347826086
src/librustc/middle/borrowck/mod.rs	46	2	48	0.6976016684045881
src/test/compile-fail/borrowck-partial-reinit-4.rs	7	2	9	0.4444444444444444
src/test/run-fail/fail-arg.rs	14	2	16	0.6197183098591549
src/test/compile-fail/assign-alias.rs	0	5	5	0.4444444444444444
src/test/run-pass/deriving-meta-empty-trait-list.rs	11	6	17	0.41379310344827586
src/test/run-pass/specialization-translate-projections.rs	0	1	1	1.0
src/etc/test-float-parse/tiny-pow10.rs	4	1	5	0.85
src/libcore/bool.rs	21	4	25	0.5342465753424658
src/rt/libuv/src/ares/ares_getenv.h	0	2	2	0.75
src/test/compile-fail/trait-bounds-impl-comparison-1.rs	12	3	15	0.39143730886850153
src/libstd/rand/distributions/range.rs	0	3	3	0.8888888888888888
src/libstd/sync/mpmc_bounded_queue.rs	6	3	9	0.7454545454545455
doc/manual.inc	1	2	3	0.9272727272727272
src/libsyntax/ext/bytes.rs	20	2	22	0.734982332155477
src/test/run-fail/explicit-panic-msg.rs	6	4	10	0.4805194805194805
src/test/run-pass/multidispatch2.rs	8	3	11	0.3248175182481752
src/test/run-make/many-crates-but-no-match/crateB.rs	0	3	3	0.8461538461538461
src/libstd/sys/common/dwarf/mod.rs	1	4	5	0.55
src/test/compile-fail/once-cant-move-out-of-non-once-on-heap.rs	3	1	4	0.9
src/test/auxiliary/allocator-dylib.rs	3	3	6	0.5057471264367817
src/test/compile-fail/region-bound-on-closure-outlives-call.rs	6	3	9	0.39568345323741005
src/test/run-pass/match-naked-record-expr.rs	6	3	9	0.43333333333333335
src/libextra/net_url.rs	8	3	11	0.7424242424242424
src/librustc_trans/trans/base.rs	56	4	60	0.42702394526795895
src/test/run-pass/boxed-trait-with-vstore.rs	9	2	11	0.7159090909090909
src/test/run-pass/alt-pattern-no-type-params.rs	5	7	12	0.34210526315789475
src/test/run-pass/issue-24954.rs	1	3	4	0.5319148936170213
src/test/run-make/symlinked-rlib/foo.rs	2	3	5	0.5192307692307693
src/test/compile-fail/const-eval-overflow-4b.rs	15	3	18	0.5
src/test/run-fail/issue-23354.rs	3	3	6	0.40625
src/libcore/private/global.rs	4	5	9	0.5
doc/po/ja/tutorial-macros.md.po	4	1	5	0.8936170212765957
src/etc/maketest.py	13	5	18	0.6035805626598465
src/libsyntax/ext/pipes/liveness.rs	18	3	21	0.5782608695652174
src/libpanic_unwind/Cargo.lock	5	5	10	0.49056603773584906
src/test/run-pass/issue-13655.rs	7	3	10	0.5696969696969697
src/doc/tarpl/vec-layout.md	0	3	3	0.6744186046511628
src/libcore/nil.rs	7	4	11	0.7093023255813954
src/test/compile-fail/bad-char-literals.rs	3	3	6	0.38235294117647056
src/test/run-fail/mir_trans_no_landing_pads_diverging.rs	4	5	9	0.47191011235955055
src/libcore/rt/io/stdio.rs	2	2	4	0.696969696969697
src/test/compile-fail/issue-23966.rs	7	4	11	0.5128205128205128
src/test/compile-fail/attr.rs	4	3	7	0.32786885245901637
src/test/run-pass/unique-fn-arg-mut.rs	12	3	15	0.4012345679012346
src/test/run-pass/trait-bounds-recursion.rs	6	3	9	0.3793103448275862
src/test/compile-fail/std-uncopyable-atomics.rs	12	2	14	0.5454545454545454
src/test/compile-fail/no_send-enum.rs	12	4	16	0.5
src/test/compile-fail/issue-14772.rs	0	3	3	0.8947368421052632
src/test/run-pass/extern-take-value.rs	10	4	14	0.49162011173184356
src/libstd/repr_stage0.rs	2	1	3	0.9347826086956522
src/test/run-pass/associated-types-issue-21212.rs	4	3	7	0.4198473282442748
src/libbacktrace/atomic.c	9	4	13	0.6176470588235294
src/test/auxiliary/issue-28927-2.rs	3	3	6	0.4782608695652174
src/bootstrap/rustdoc.rs	5	2	7	0.5142857142857142
src/test/run-pass/auxiliary/issue-29485.rs	0	2	2	0.6666666666666666
src/test/run-pass/obj-as.rs	0	8	8	0.29411764705882354
src/librustc/middle/stability.rs	41	4	45	0.47845711940910957
vec-push-pop.md	0	1	1	1.0
src/test/compile-fail/borrowck-partial-reinit-3.rs	7	2	9	0.4444444444444444
src/test/compile-fail/trait-static-method-generic-inference.rs	4	3	7	0.4074074074074074
src/test/compile-fail-fulldeps/syntax-extension-fourcc-invalid-endian.rs	2	1	3	0.92
src/test/compile-fail/issue-6458-1.rs	5	2	7	0.5970149253731343
src/test/stdtest/rope.rs	0	4	4	0.3333333333333333
src/librustsyntax/ast_map.rs	0	1	1	1.0
src/test/compile-fail/struct-fields-missing.rs	10	2	12	0.7391304347826086
src/test/run-pass/resource-cycle2.rs	11	4	15	0.6369426751592356
src/test/run-pass/task-comm-chan-cleanup4.rs	5	5	10	0.4
src/test/compile-fail/issue-24446.rs	13	3	16	0.5346534653465347
src/test/compile-fail/block-must-not-have-result-for.rs	9	4	13	0.5357142857142857
src/doc/guide-conditions.md	0	2	2	0.875
src/rustc/driver/driver.rs	16	7	23	0.20642201834862386
src/comp/me/trans.rs	0	1	1	1.0
src/test/run-pass/issue-23406.rs	2	2	4	0.6785714285714286
src/libstd/slice.rs	13	2	15	0.8463611859838275
src/test/compile-fail/vec-add.rs	11	2	13	0.5409836065573771
src/librustc_data_structures/graph/test.rs	3	4	7	0.5
src/test/run-pass/deriving-via-extension-hash-struct.rs	4	3	7	0.46534653465346537
src/test/run-pass/trans-tag-static-padding.rs	7	4	11	0.46408839779005523
src/test/compile-fail/E0426.rs	4	3	7	0.44047619047619047
src/lib/test.rs	11	2	13	0.691358024691358
src/librustc_plugin/load.rs	11	5	16	0.43349753694581283
src/test/run-pass/issue-6318.rs	10	4	14	0.48868778280542985
src/librustc_back/target/mips64el_unknown_linux_gnuabi64.rs	5	5	10	0.43312101910828027
src/test/ui/span/dropck_vec_cycle_checked.stderr	2	4	6	0.5853658536585366
src/librustc_metadata/tydecode.rs	19	5	24	0.48293963254593175
src/test/run-pass/issue-3979-xcrate.rs	10	3	13	0.5376884422110553
src/test/run-pass/autoderef-method.rs	13	3	16	0.43354430379746833
src/test/compile-fail/liveness-use-after-move.rs	16	3	19	0.62109375
src/test/compile-fail/struct-pat-associated-path.rs	5	3	8	0.6341463414634146
src/test/compile-fail/manual-link-bad-search-path.rs	3	3	6	0.45714285714285713
src/test/run-pass/regions-early-bound-used-in-bound-method.rs	7	3	10	0.34146341463414637
src/test/run-make/print-cfg/Makefile	4	2	6	0.7833333333333333
src/test/compile-fail/union/union-nonrepresentable.rs	1	4	5	0.5128205128205128
src/test/compile-fail/die-not-static.rs	6	2	8	0.8
src/test/run-pass/aux/svh-a-base.rs	0	1	1	1.0
src/test/compile-fail/feature-gate-rust-call.rs	7	5	12	0.54
src/test/auxiliary/lint_output_format.rs	8	4	12	0.5233644859813084
src/rustc/metadata.rs	3	3	6	0.6521739130434783
src/test/compile-fail/coherence_inherent.rs	6	2	8	0.7321428571428571
src/libgetopts/lib.rs	63	3	66	0.5290004113533525
src/test/compile-fail/tstate-break-uninit.rs	0	6	6	0.3333333333333333
src/test/compile-fail/moves-based-on-type-move-out-of-closure-env-issue-1965.rs	10	2	12	0.5
src/test/run-pass/iter-sum-overflow-ndebug.rs	4	3	7	0.6428571428571429
src/test/compile-fail/E0308-3.rs	2	4	6	0.4603174603174603
src/test/run-pass/issue-21402.rs	6	3	9	0.6829268292682927
src/libstd/uv_iotask.rs	19	5	24	0.4883720930232558
src/test/compile-fail/const-index-feature-gate.rs	5	4	9	0.5714285714285714
src/test/compile-fail/coherence-projection-conflict.rs	3	4	7	0.5641025641025641
src/test/auxiliary/sepcomp_lib.rs	5	4	9	0.4166666666666667
src/test/compile-fail/deriving-span-TotalEq-enum.rs	7	2	9	0.7631578947368421
src/libstd/num/uint-template.rs	0	3	3	0.8333333333333334
src/test/compile-fail/bind-stack-closure.rs	0	3	3	0.3333333333333333
src/rt/libuv/ev/ev_vars.h	0	2	2	0.5
src/test/run-make/extern-fn-struct-passing-abi/test.rs	0	4	4	0.6415094339622641
src/librand/rand_impls.rs	21	4	25	0.4688581314878893
src/test/compile-fail/simple-oversized-array.rs	0	1	1	1.0
src/comp/syntax/print/pprust.rs	17	5	22	0.2732919254658385
SourceSerifPro-Bold.woff	0	1	1	1.0
src/librustc/middle/typeck/coherence/mod.rs	10	4	14	0.4798657718120805
src/test/ui/update-all-references.sh	0	5	5	0.5263157894736842
src/test/compile-fail/liveness-ctor-uninit-field.rs	0	4	4	0.625
src/test/compile-fail/lex-bad-fp-base-9.rs	3	1	4	0.90625
src/test/compile-fail/asm-out-assign-imm.rs	16	5	21	0.4715447154471545
src/test/compile-fail/borrowck-bad-nested-calls-move.rs	9	2	11	0.6604938271604939
src/test/compile-fail/E0201.rs	2	4	6	0.4603174603174603
src/libgetopts/Cargo.toml	2	3	5	0.631578947368421
src/test/debug-info/by-value-self-argument-in-trait-impl.rs	9	1	10	0.905511811023622
src/test/rustdoc/issue-19055.rs	2	3	5	0.4782608695652174
src/librustc_metadata/macros.rs	6	4	10	0.527027027027027
src/test/run-pass-fulldeps/issue-15149.rs	5	3	8	0.6595744680851063
src/libstd/list.rs	24	5	29	0.4200743494423792
src/test/compile-fail/borrowck-issue-2657-1.rs	15	3	18	0.5
src/rt/isaac/standard.h	3	2	5	0.8076923076923077
src/test/run-pass/new-import-syntax.rs	9	1	10	0.75
src/test/compile-fail/associated-types-project-from-hrtb-in-fn.rs	4	2	6	0.6567164179104478
src/test/compile-fail/assign-to-method.rs	17	3	20	0.4054982817869416
src/librustc/middle/const_qualif.rs	2	3	5	0.6428571428571429
src/libsyntax_ext/deriving/cmp/eq.rs	10	5	15	0.3884297520661157
src/test/run-make/execution-engine/test.rs	22	3	25	0.571584699453552
src/test/run-pass/bare-static-string.rs	7	3	10	0.673469387755102
src/test/compile-fail/issue-37026.rs	2	5	7	0.39473684210526316
src/test/run-pass/lambda-no-leak.rs	8	3	11	0.5740740740740741
src/test/run-make/rustdoc-smoke/Makefile	5	4	9	0.36764705882352944
src/test/run-pass/rfc1445/eq-allows-match-on-ty-in-macro.rs	2	3	5	0.4
src/etc/pkg/modpath.iss	2	3	5	0.7105263157894737
src/rt/libuv/src/unix/ev/mkinstalldirs	0	1	1	1.0
src/test/compile-fail/attr-on-generic-formals-wo-feature-gate.rs	3	4	7	0.5609756097560976
src/test/compile-fail/uninstantiable-fixed-length-vec.rs	1	2	3	0.88
src/test/run-fail/result-get-panic.rs	7	5	12	0.43410852713178294
src/test/run-pass/move-4.rs	17	3	20	0.4811715481171548
src/rt/libuv/src/unix/eio/demo.c	0	1	1	1.0
src/librustc_driver/derive_registrar.rs	2	4	6	0.5641025641025641
src/test/ui/mismatched_types/main.stderr	6	4	10	0.44785276073619634
src/test/debug-info/var-captured-in-managed-closure.rs	1	2	3	0.8974358974358975
mk/libuv/x86_64/unix/linux/src/libuv/uv.Makefile	0	4	4	0.6363636363636364
src/libstd/os/openbsd/fs.rs	3	2	5	0.8
src/test/run-pass/traits-repeated-supertrait.rs	4	3	7	0.4224137931034483
src/test/compile-fail/E0450.rs	2	4	6	0.34831460674157305
src/test/parse-fail/lifetime-obsoleted-self.rs	6	3	9	0.5333333333333333
src/test/run-pass/issue-14936.rs	13	3	16	0.4391891891891892
src/test/compile-fail/rfc1445/feature-gate.rs	2	3	5	0.4
src/test/compile-fail/keywords-followed-by-double-colon.rs	3	3	6	0.3620689655172414
src/rustc/middle/resolve.rs	9	7	16	0.19130434782608696
src/librustc_back/target/i686_pc_windows_msvc.rs	15	3	18	0.5526315789473685
src/libcollectionstest/vec_map.rs	5	3	8	0.5816326530612245
src/rustc/front/intrinsic.rs	7	5	12	0.34146341463414637
src/test/compile-fail/privacy/restricted/test.rs	2	3	5	0.574468085106383
src/test/run-pass/regions-infer-borrow-scope-view.rs	19	3	22	0.4855072463768116
src/test/compile-fail/private-in-public-warn.rs	6	5	11	0.5384615384615384
src/librustc/cfg/graphviz.rs	2	3	5	0.3333333333333333
src/test/compile-fail/import-loop-2.rs	0	10	10	0.16666666666666666
src/test/compile-fail/issue-8727.rs	10	5	15	0.5230769230769231
src/test/compile-fail/associated-const-upper-case-lint.rs	2	5	7	0.5
src/test/run-pass/associated-types-issue-20220.rs	4	3	7	0.391304347826087
src/test/run-pass/operator-overloading-explicit-self.rs	1	5	6	0.5142857142857142
src/test/run-pass/native-lib-path.rs	0	5	5	0.2
mk/cfg/mipsel-unknown-linux-uclibc.mk	2	4	6	0.3793103448275862
src/test/compile-fail/E0411.rs	1	3	4	0.6326530612244898
src/libstd/prelude/v1.rs	11	3	14	0.3905053598774885
src/libstd/old_io/timer.rs	10	3	13	0.37037037037037035
src/test/run-pass/intrinsic-alignment.rs	34	3	37	0.44516129032258067
src/test/run-pass/issue-21891.rs	4	3	7	0.3644067796610169
src/librustc/plugin/registry.rs	17	3	20	0.47237076648841353
src/test/debug-info/var-captured-in-stack-closure.rs	9	1	10	0.8983050847457628
src/test/auxiliary/issue-16734.rs	0	1	1	1.0
src/test/compile-fail/duplicate-type-parameter.rs	5	4	9	0.5632183908045977
COPYRIGHT	17	3	20	0.5394736842105263
src/librustc_front/fold.rs	13	3	16	0.6373456790123457
src/test/compile-fail/issue-34194.rs	2	5	7	0.3695652173913043
src/test/run-pass/issue-5997.rs	5	3	8	0.36666666666666664
src/test/rustdoc/issue-33178.rs	2	3	5	0.6904761904761905
src/rt/libuv/src/unix/eio/Changes	0	1	1	1.0
src/test/parse-fail/removed-syntax-larrow-init.rs	6	3	9	0.5108695652173914
src/librustc_trans/tvec.rs	8	5	13	0.43
src/test/run-pass/use-iface-before-def.rs	0	2	2	0.6666666666666666
src/libextra/net/url.rs	1	2	3	0.8636363636363636
src/test/run-pass-fulldeps/auxiliary/roman_numerals.rs	4	5	9	0.29310344827586204
src/fuzzer/rand_util.rs	6	7	13	0.18518518518518517
src/librustdoc/html/static/SourceSerifPro-Regular.woff	0	4	4	0.8421052631578947
src/test/compile-fail/unboxed-closures-infer-fnonce-call-twice.rs	4	2	6	0.5185185185185185
src/test/rustdoc/issue-21801.rs	4	3	7	0.4642857142857143
src/test/run-pass/const-enum-tuplestruct2.rs	8	4	12	0.45695364238410596
src/libstd/old_io/net/ip.rs	8	3	11	0.3488372093023256
src/test/compile-fail/issue-17383.rs	4	3	7	0.41025641025641024
src/rust-installer	15	4	19	0.3679060665362035
src/test/run-make/allow-non-lint-warnings-cmdline/1	3	4	7	0.49230769230769234
src/README	0	4	4	0.7222222222222222
src/test/compile-fail/trait-bounds-on-structs-and-enums-in-impls.rs	3	3	6	0.44680851063829785
src/test/compile-fail/on-unimplemented.rs	9	3	12	0.46808510638297873
src/librustc/middle/typeck/infer/integral.rs	0	6	6	0.3157894736842105
src/test/compile-fail/syntax-trait-polarity-feature-gate.rs	2	3	5	0.5
uninitialized.md	0	1	1	1.0
src/libbacktrace/Makefile.am	10	4	14	0.6237623762376238
src/test/run-pass/class-impl-very-parameterized-trait.rs	30	3	33	0.6024691358024692
src/test/compile-fail/gated-default-type-params.rs	1	2	3	0.68
src/test/compile-fail/private-class-field-cross-crate.rs	0	3	3	0.3333333333333333
src/lib/Run_Program.rs	0	1	1	1.0
src/test/compile-fail/ret-non-nil.rs	13	3	16	0.5151515151515151
src/test/run-pass/issue-26996.rs	3	3	6	0.4358974358974359
src/test/run-pass/issue-2284.rs	6	6	12	0.3103448275862069
src/test/run-pass/extern-pass-TwoU8s.rs	12	3	15	0.6245487364620939
src/test/pretty/let.rs	0	4	4	0.4444444444444444
src/test/compile-fail/issue-31910.rs	2	3	5	0.47058823529411764
src/test/run-pass/issue-24805-dropck-itemless.rs	4	2	6	0.7096774193548387
src/libsync/mpsc_intrusive.rs	2	2	4	0.8230088495575221
src/rt/libuv/src/win/winsock.c	0	2	2	0.8
src/librustc/ty/layout.rs	15	6	21	0.42955326460481097
src/test/compile-fail/move-out-of-tuple-field.rs	7	4	11	0.44680851063829785
src/doc/lib/codemirror-rust.js	2	1	3	0.9310344827586207
src/test/compile-fail/issue-1362.rs	11	4	15	0.3684210526315789
src/test/compile-fail/bang-tailexpr.rs	17	3	20	0.39634146341463417
src/librustc_data_structures/control_flow_graph/transpose.rs	7	4	11	0.4318181818181818
src/test/run-pass/duplicated-external-mods.rs	6	3	9	0.45454545454545453
src/test/run-pass/fn-bare-item.rs	6	4	10	0.6779661016949152
src/test/compile-fail/liveness-init-in-fru.rs	7	2	9	0.7586206896551724
src/rt/linenoise/example.c	0	3	3	0.75
src/test/compile-fail/issue-4972.rs	12	4	16	0.5805084745762712
src/test/compile-fail/issue-24267-flow-exit.rs	4	2	6	0.6538461538461539
src/libcore/rand/distributions.rs	2	3	5	0.8285714285714286
src/test/run-pass/mir_small_agg_arg.rs	3	5	8	0.52
src/librustc/middle/typeck/check/demand.rs	17	2	19	0.6529968454258676
src/test/compile-fail/binop-add-ptr.rs	6	3	9	0.6296296296296297
src/test/run-pass/issue-12133-3.rs	7	5	12	0.3681592039800995
src/test/compile-fail/macro-invalid-fragment-spec.rs	2	4	6	0.46551724137931033
src/libuv	10	3	13	0.7307692307692307
src/test/run-pass/extern-pass-double.rs	8	3	11	0.6069364161849711
src/test/compile-fail/match-ill-type1.rs	9	3	12	0.5967741935483871
src/libcore/iter.rs	104	4	108	0.4674457429048414
src/test/compile-fail/union-with-drop-fields-lint.rs	0	1	1	1.0
src/test/run-make/graphviz-flowgraph/f11.rs	6	2	8	0.6285714285714286
src/rt/libuv/src/unix/ev/depcomp	0	1	1	1.0
src/librustdoc/rustdoc.rc	12	4	16	0.6022727272727273
src/test/run-pass/issue-18988.rs	3	2	5	0.6666666666666666
src/test/run-pass/union/union-trait-impl.rs	2	3	5	0.4
src/librustpkg/testsuite/pass/fancy-lib/fancy-lib.rs	0	3	3	0.7777777777777778
src/test/compile-fail/tstate-and-init.rs	0	6	6	0.3333333333333333
src/rt/libuv/src/unix/dl.c	0	2	2	0.75
src/test/run-pass/tuple-struct-destructuring.rs	12	3	15	0.5514018691588785
src/test/run-make/graphviz-flowgraph/f13.rs	4	2	6	0.6
src/test/run-pass/issue-18501.rs	4	3	7	0.5816326530612245
src/test/auxiliary/method_self_arg.rs	0	1	1	1.0
src/test/compile-fail/E0075.rs	1	4	5	0.48214285714285715
src/test/run-pass/resource-assign-is-not-copy.rs	27	2	29	0.5936794582392777
src/test/run-make/graphviz-flowgraph/f19.rs	1	3	4	0.8064516129032258
src/test/run-pass/drop-struct-as-object.rs	5	3	8	0.4206896551724138
src/rt/libuv/ev/ev++.h	0	2	2	0.5
src/test/run-pass/dropck_tarena_sound_drop.rs	7	4	11	0.4430379746835443
src/test/compile-fail/regions-outlives-projection-container-wc.rs	0	1	1	1.0
src/test/compile-fail/issue-13853-5.rs	4	2	6	0.7553191489361702
src/test/compile-fail/E0053.rs	5	4	9	0.41818181818181815
src/doc/style/style/braces.md	4	6	10	0.33587786259541985
src/test/compile-fail/unboxed-closures-unsafe-extern-fn.rs	13	4	17	0.3669064748201439
src/test/compile-fail/issue-3953.rs	9	5	14	0.5956284153005464
src/test/compile-fail/private-method-inherited.rs	6	2	8	0.7352941176470589
src/test/run-pass/ptr-coercion.rs	5	3	8	0.647887323943662
src/test/compile-fail/borrowck/borrowck-borrow-overloaded-auto-deref-mut.rs	3	3	6	0.4716981132075472
src/libsync/lib.rs	12	2	14	0.7714285714285715
src/librustc/traits/structural_impls.rs	3	6	9	0.3709677419354839
src/test/compile-fail/iface-test.rs	0	11	11	0.21052631578947367
src/test/compile-fail-fulldeps/proc-macro/exports.rs	0	3	3	0.3333333333333333
src/test/run-fail/issue-18576.rs	7	4	11	0.5486725663716814
src/test/compile-fail/swap-uninit.rs	0	5	5	0.3333333333333333
src/test/bench/rt-spawn-rate.rs	10	2	12	0.8232323232323232
src/rt/arch/armv7/record_sp.S	3	3	6	0.6714285714285714
src/test/compile-fail-fulldeps/issue-15778-fail.rs	3	2	5	0.5
src/etc/indenter	8	4	12	0.52
src/test/compile-fail/bind-by-move-no-sub-bindings.rs	11	2	13	0.7326732673267327
src/libstd/net/udp.rs	21	4	25	0.5065217391304347
mk/stage0.mk	30	3	33	0.5978260869565217
src/test/run-pass/struct-update-moves-and-copies.rs	3	1	4	0.9
src/librustc_lint/bad_style.rs	20	4	24	0.4979757085020243
src/librustuv/homing.rs	7	2	9	0.8020833333333334
src/test/run-pass/match-arm-statics.rs	12	4	16	0.39552238805970147
src/test/run-pass/option-ext.rs	15	3	18	0.5029239766081871
src/test/parse-fail/pat-tuple-2.rs	3	3	6	0.49122807017543857
src/libstd/borrow.rs	9	1	10	0.8666666666666667
src/test/rustdoc/aux/issue-13698.rs	0	1	1	1.0
src/test/compile-fail/pub-struct-field-span-26083.rs	5	4	9	0.38392857142857145
src/test/compile-fail/cfg-in-crate-1.rs	0	3	3	0.8947368421052632
src/librustc_back/target/freebsd_base.rs	12	4	16	0.5955334987593052
src/test/auxiliary/stability_cfg2.rs	4	5	9	0.5363128491620112
src/test/compile-fail/tail-typeck.rs	12	3	15	0.4774774774774775
doc/tutorial/index.md	0	1	1	1.0
src/test/run-pass/aux/issue-4545.rs	0	1	1	1.0
src/test/run-pass/issue-6117.rs	9	4	13	0.5394736842105263
src/test/compile-fail/asm-out-read-uninit.rs	15	3	18	0.6567164179104478
src/test/compile-fail/issue-2151.rs	10	4	14	0.5899280575539568
src/test/auxiliary/xc_conditions_3.rs	3	1	4	0.9347826086956522
mk/cfg/mipsel-linux	2	2	4	0.7073170731707317
src/test/run-pass/issue-2185.rs	23	3	26	0.504424778761062
src/test/debug-info/var-captured-in-sendable-closure.rs	8	1	9	0.8974358974358975
src/test/run-make/extern-flag-fun/bar.rs	3	3	6	0.4444444444444444
src/libstd/default.rs	6	1	7	0.9306930693069307
src/test/compile-fail/feature-gate-main.rs	3	3	6	0.42857142857142855
src/librustc_mir/transform/qualify_consts.rs	21	5	26	0.3895184135977337
src/test/compile-fail/lifetime-inference-give-expl-lifetime-param.rs	16	3	19	0.625748502994012
src/test/run-fail/unwind-iter2.rs	12	2	14	0.7878787878787878
src/librustc/mir/transform.rs	12	5	17	0.5577889447236181
src/test/run-pass/unsafe-fn-called-from-unsafe-fn.rs	5	4	9	0.4426229508196721
src/test/run-pass/tag.rs	12	5	17	0.36619718309859156
src/test/run-fail/unimplemented-macro-panic.rs	4	4	8	0.4827586206896552
src/test/compile-fail/float-literal-inference-restrictions.rs	6	3	9	0.7222222222222222
src/test/compile-fail/trait-impl-can-not-have-untraitful-methods.rs	10	2	12	0.7236842105263158
src/test/rustdoc/private-type-alias.rs	2	3	5	0.3953488372093023
src/test/run-pass/issue-11267.rs	4	3	7	0.4921875
src/etc/gen-intrinsics	0	4	4	0.4166666666666667
src/test/compile-fail/task-rng-isnt-sendable.rs	13	4	17	0.46774193548387094
src/test/run-pass/sized-borrowed-pointer.rs	4	3	7	0.45901639344262296
src/librustpkg/testsuite/pass/simple-lib/simple-lib.rc	0	3	3	0.8235294117647058
src/test/run-pass/foreign-src/compiletest-ignore-dir	2	3	5	0.5428571428571428
src/etc/platform-intrinsics/x86/bmi.json	5	3	8	0.46938775510204084
src/test/run-pass/foreign-mod-unused-const.rs	12	3	15	0.5297297297297298
src/test/run-make/issue-28595/a.rs	0	2	2	0.6
src/test/compile-fail/range_inclusive_gate.rs	3	2	5	0.7021276595744681
src/test/run-pass/aux/issue_19293.rs	0	1	1	1.0
src/test/compile-fail/borrowck-no-cycle-in-exchange-heap.rs	14	4	18	0.4808743169398907
src/test/run-pass/empty-struct-with-braces.rs	0	4	4	0.6153846153846154
src/test/compile-fail/uninit-after-item.rs	0	5	5	0.3333333333333333
src/rustc/syntax.rs	0	1	1	1.0
src/test/run-pass/out-of-stack.rs	23	3	26	0.5015337423312883
src/test/run-pass/issue-23477.rs	0	5	5	0.6388888888888888
src/librustc/mir/visit.rs	22	5	27	0.46910994764397906
src/test/compile-fail/issue-30438-c.rs	4	2	6	0.7619047619047619
src/test/ui/span/dropck_direct_cycle_with_drop.stderr	2	4	6	0.5853658536585366
src/test/run-make/graphviz-flowgraph/f20.dot-expected.dot	7	3	10	0.38596491228070173
src/librustc_back/target/arm_unknown_linux_musleabihf.rs	8	4	12	0.5086206896551724
src/test/compile-fail/terr-in-field.rs	13	4	17	0.484375
src/test/compile-fail/region-object-lifetime-1.rs	7	3	10	0.3772455089820359
src/test/run-pass/fn-bare-coerce-to-shared.rs	0	5	5	0.6923076923076923
src/test/compile-fail/issue-19922.rs	8	5	13	0.45528455284552843
src/test/run-make/no-intermediate-extras/foo.rs	2	2	4	0.8947368421052632
src/test/compile-fail-fulldeps/proc-macro/load-panic.rs	0	3	3	0.3333333333333333
src/test/run-make/symbols-include-type-name/lib.rs	2	3	5	0.6666666666666666
src/test/run-pass/const-enum-struct.rs	8	4	12	0.45695364238410596
src/test/compile-fail/deriving-span-Eq-tuple-struct.rs	2	2	4	0.9122807017543859
src/test/run-pass/deriving-via-extension-c-enum.rs	14	3	17	0.5075757575757576
src/test/compile-fail/typeck-default-trait-impl-precedence.rs	8	3	11	0.4909090909090909
src/librustc_typeck/coherence/impls.rs	6	4	10	0.35135135135135137
src/test/run-pass/issue-2316-c.rs	11	3	14	0.39603960396039606
src/test/ui/codemap_tests/unicode.rs	4	4	8	0.4268292682926829
src/test/compile-fail/auxiliary/dropck_eyepatch_extern_crate.rs	0	1	1	1.0
src/test/compile-fail/pure-overloaded-op.rs	0	7	7	0.2727272727272727
src/test/run-pass/monomorphize-iface-in-fn-at.rs	0	2	2	0.6666666666666666
src/test/compile-fail/shadowed-lifetime.rs	13	4	17	0.35447761194029853
src/librustdoc/passes/strip_hidden.rs	4	4	8	0.359375
src/test/compile-fail/liveness-use-after-send.rs	19	3	22	0.5520231213872833
src/test/run-pass/issue-19340-2.rs	4	4	8	0.5094339622641509
src/libgreen/macros.rs	9	1	10	0.8705882352941177
src/liblibc	31	5	36	0.5619930475086906
src/libcore/rt/uv/uvio.rs	3	2	5	0.5757575757575758
src/test/compile-fail/lint-obsolete-attr.rs	9	3	12	0.4112903225806452
src/lib/_int.rs	3	5	8	0.4090909090909091
src/test/codegen-units/item-collection/overloaded-operators.rs	4	4	8	0.36231884057971014
src/test/compile-fail/regions-outlives-nominal-type-enum-type.rs	1	2	3	0.8571428571428571
src/libcoretest/num/flt2dec/strategy/dragon.rs	5	3	8	0.7333333333333333
src/rt/libuv/src/ares/get_ver.awk	0	3	3	0.6
src/test/compile-fail/aux/allocator1.rs	0	1	1	1.0
src/libstd/rand/distributions/ziggurat_tables.rs	0	2	2	0.9
src/test/run-pass/lib-rand.rs	0	5	5	0.375
src/test/run-pass/compare-generic-enums.rs	8	3	11	0.3064516129032258
src/librustrt/libunwind.rs	12	2	14	0.5905511811023622
src/rt/jemalloc/include/jemalloc/internal/prof.h	3	2	5	0.8
src/test/compile-fail-fulldeps/aux/macro_reexport_1.rs	0	1	1	1.0
src/test/compile-fail/issue-17718-patterns.rs	9	4	13	0.41317365269461076
src/test/compile-fail/borrowck/borrowck-closures-unique.rs	2	3	5	0.43859649122807015
src/test/compile-fail/E0102.rs	3	5	8	0.45045045045045046
src/test/compile-fail/deriving-span-Default-struct.rs	12	3	15	0.5939086294416244
src/test/compile-fail/typeck_type_placeholder_lifetime_1.rs	10	6	16	0.41798941798941797
src/librustc_incremental/persist/save.rs	10	5	15	0.42938931297709926
doc/po/ja/guide-pointers.md.po	3	1	4	0.9117647058823529
src/test/run-pass/pipe-manual-3.rs	0	1	1	1.0
src/test/compile-fail-fulldeps/proc-macro/shadow.rs	2	4	6	0.39473684210526316
src/test/run-pass/trivial_casts.rs	1	4	5	0.4634146341463415
src/test/run-pass/loop-scope.rs	22	3	25	0.43873517786561267
src/rt/arch/mipsel/_context.S	3	2	5	0.6470588235294118
src/test/compile-fail/issue-35869.rs	1	5	6	0.3148148148148148
src/libcore/num/int.rs	10	4	14	0.3493975903614458
src/test/run-pass/exit-flushes.rs	4	2	6	0.7213114754098361
src/test/run-make/mixing-formats/baz.rs	0	3	3	0.8823529411764706
src/test/rustdoc/inline_cross/auxiliary/rustdoc-hidden-sig.rs	0	4	4	0.5
src/test/compile-fail/invalid-plugin-attr.rs	0	3	3	0.8823529411764706
src/test/compile-fail/paths-in-macro-invocations.rs	4	4	8	0.42857142857142855
src/libstd/kinds.rs	12	1	13	0.8702928870292888
src/test/run-pass/pipe-select.rs	18	2	20	0.5573770491803278
src/test/run-pass/expr-empty-ret.rs	9	4	13	0.42727272727272725
src/rt/libuv/include/uv-win.h	0	2	2	0.5
src/test/compile-fail/regions-free-region-ordering-callee.rs	10	2	12	0.5982532751091703
src/test/compile-fail/loops-reject-labels-shadowing-lifetimes.rs	7	4	11	0.45348837209302323
src/test/auxiliary/unboxed-closures-cross-crate.rs	8	4	12	0.3202614379084967
src/test/compile-fail/use-paths-as-items.rs	3	2	5	0.6551724137931034
src/test/compile-fail/keyword-super.rs	8	3	11	0.44339622641509435
src/test/compile-fail/byte-literals.rs	3	3	6	0.5490196078431373
src/test/run-pass/unique-generic-assign.rs	8	3	11	0.42528735632183906
src/rustc/middle/mem_categorization.rs	4	6	10	0.2222222222222222
src/libextra/enum_set.rs	10	1	11	0.9107142857142857
src/test/compile-fail/regions-ret-borrowed-1.rs	13	2	15	0.6498194945848376
src/libstd/rt/unwind.rs	26	3	29	0.45755071374906087
src/test/run-pass/slice-of-zero-size-elements.rs	4	3	7	0.5571428571428572
src/librustsyntax/print/pp.rs	0	2	2	0.5
src/test/run-pass/trait-default-method-bound.rs	13	3	16	0.48186528497409326
src/test/run-pass/issue-2101.rs	8	3	11	0.37209302325581395
src/test/auxiliary/issue-4545.rs	4	3	7	0.4266666666666667
src/doc/book/structs.md	4	4	8	0.5120481927710844
src/librustc/middle/macros.rs	0	1	1	1.0
src/test/compile-fail/typeck-auto-trait-no-typeparams.rs	4	3	7	0.6363636363636364
src/librustc/middle/cfg/construct.rs	53	4	57	0.547921967769296
src/test/compile-fail/issue-12997-2.rs	8	6	14	0.47297297297297297
src/test/compile-fail/issue-16939.rs	10	5	15	0.3961038961038961
src/lib/ctypes.rs	0	4	4	0.5
src/test/run-pass/native-src/native.rs	0	2	2	0.8
src/test/run-pass/concat.rs	10	3	13	0.5
src/libcollections/smallintmap.rs	23	2	25	0.7277580071174378
src/test/run-pass/impl-implicit-trait.rs	8	4	12	0.36283185840707965
src/test/compile-fail/kindck-destructor-owned.rs	15	3	18	0.6622516556291391
src/test/compile-fail/privacy2.rs	11	5	16	0.49050632911392406
src/test/compile-fail/issue-12560-2.rs	5	5	10	0.37142857142857144
src/test/compile-fail/do1.rs	5	4	9	0.47058823529411764
src/test/bench/99-bottles/Makefile	0	3	3	0.3333333333333333
src/libcollections/btree.rs	14	2	16	0.846820809248555
src/test/compile-fail/borrowck-reborrow-from-mut.rs	5	3	8	0.6746987951807228
src/rt/rust_scheduler.cpp	13	5	18	0.45985401459854014
src/librustc/middle/trans/asm.rs	28	2	30	0.7833553500660502
src/test/compile-fail/issue-3563.rs	13	3	16	0.514018691588785
mk/ctags.rust	0	1	1	1.0
src/test/compile-fail/ext-after-attrib.rs	8	4	12	0.38095238095238093
src/test/run-pass/associated-types-basic.rs	6	3	9	0.40298507462686567
src/rustc/metadata/astencode_gen.rs	0	5	5	0.5555555555555556
src/build_helper/Cargo.toml	2	3	5	0.631578947368421
src/test/run-pass/tuple-index-fat-types.rs	6	4	10	0.41414141414141414
src/test/run-pass/unchecked-predicates.rs	3	8	11	0.19444444444444445
src/test/run-pass/yield.rs	27	4	31	0.5427728613569321
src/test/rustdoc/extern-links.rs	3	3	6	0.6153846153846154
src/test/run-pass/issue-18060.rs	0	2	2	0.875
src/librustdoc/rustdoc.rs	11	2	13	0.8225108225108225
src/test/run-pass/extern-return-TwoU8s.rs	7	3	10	0.6548223350253807
src/test/compile-fail/issue-18159.rs	2	2	4	0.6153846153846154
src/test/compile-fail/struct-variant-privacy-xc.rs	6	5	11	0.6304347826086957
src/test/run-pass/issue-13665.rs	4	3	7	0.7889908256880734
src/test/run-make/no-stack-check/Makefile	6	3	9	0.5319148936170213
src/test/debuginfo/issue13213.rs	8	3	11	0.413953488372093
src/test/bench/shootout/shootout-pfib.rs	0	2	2	0.8888888888888888
src/test/run-pass/traits-issue-26339.rs	3	3	6	0.5
src/doc/book/rust-inside-other-languages.md	1	3	4	0.7105263157894737
src/test/run-pass/classes-simple-cross-crate.rs	11	3	14	0.36018957345971564
src/librustc_trans/trans/inline.rs	19	4	23	0.47446236559139787
src/libcore/rt/uv/idle.rs	1	2	3	0.5
src/test/run-pass/transmute-non-immediate-to-immediate.rs	5	3	8	0.45038167938931295
src/test/run-pass/static-fn-inline-xc.rs	13	3	16	0.4879518072289157
src/librustc_borrowck/borrowck/check_loans.rs	34	4	38	0.48504137492043287
src/test/run-pass/native-print-no-uv.rs	0	2	2	0.8947368421052632
src/libstd/clone.rs	12	1	13	0.8594377510040161
src/librustpkg/sha1.rs	5	1	6	0.8933333333333333
src/doc/book/type-aliases.md	4	4	8	0.5967741935483871
src/test/debug-info/recursive-enum.rs	5	1	6	0.9032258064516129
src/lib/extfmt.rs	7	5	12	0.39215686274509803
src/doc/nomicon/arc-and-mutex.md	0	3	3	0.6923076923076923
src/test/parse-fail/regions-trait-3.rs	3	3	6	0.6056338028169014
src/librustc/dep_graph/graph.rs	9	4	13	0.5060240963855421
src/test/run-fail/main-fail.rs	3	2	5	0.625
src/test/compile-fail-fulldeps/syntax-extension-fourcc-non-literal.rs	2	1	3	0.92
src/test/compile-fail/variance-trait-object-bound.rs	9	4	13	0.3187250996015936
src/test/compile-fail/issue-36053-2.rs	3	4	7	0.5945945945945946
src/libsync/sync/one.rs	0	2	2	0.9166666666666666
src/test/run-make/mixing-formats/Makefile	1	2	3	0.6571428571428571
mk/cfg/x86_64-unknown-dragonfly	3	3	6	0.6627906976744186
src/test/run-pass/issue-11508.rs	4	3	7	0.4827586206896552
src/libcore/rt/comm.rs	1	2	3	0.64
src/test/compile-fail/import-prefix-macro-1.rs	2	3	5	0.6216216216216216
src/doc/trpl/src/match.md	0	2	2	0.9
src/test/run-pass/expr-match.rs	4	3	7	0.4774774774774775
src/test/run-fail/mir_dynamic_drops_2.rs	4	6	10	0.5
src/test/auxiliary/issue_10031_aux.rs	5	3	8	0.4883720930232558
src/test/debug-info/c-style-enum.rs	10	1	11	0.9060402684563759
src/test/run-pass/companionmod.rs	0	6	6	0.46153846153846156
src/test/run-pass/unique-mutable.rs	11	3	14	0.45933014354066987
src/libstd/time/duration.rs	34	4	38	0.4782608695652174
src/test/run-pass/regions-trait-object-1.rs	5	3	8	0.4186046511627907
src/test/run-fail/mod-zero.rs	20	4	24	0.4132841328413284
src/test/compile-fail/lifetime-obsoleted-self.rs	4	3	7	0.34782608695652173
src/libcore/rt/io/net/mod.rs	1	2	3	0.7307692307692307
src/test/run-pass/match-bot.rs	4	3	7	0.509090909090909
src/test/auxiliary/typeck-default-trait-impl-cross-crate-coherence-lib.rs	2	3	5	0.4266666666666667
src/test/run-pass/match-path.rs	4	4	8	0.38028169014084506
src/test/compile-fail/issue-5062.rs	12	4	16	0.6139705882352942
src/test/run-pass/mir_call_with_associated_type.rs	3	5	8	0.5051546391752577
src/test/run-pass-fulldeps/lint-plugin-cmdline-allow.rs	3	3	6	0.5517241379310345
mk/libuv/ia32/win/src/libuv/run-benchmarks.target.mk	0	5	5	0.5384615384615384
src/test/compile-fail-fulldeps/syntax-extension-hexfloat-bad-types.rs	2	1	3	0.92
src/test/run-pass/issue-3991.rs	5	3	8	0.48091603053435117
src/test/parse-fail/variadic-ffi-1.rs	6	2	8	0.6285714285714286
src/test/compile-fail/warn-native-int-types.rs	0	2	2	0.5
src/test/run-make/rustc-macro-dep-files/bar.rs	1	6	7	0.40963855421686746
src/test/compile-fail/doc-before-attr.rs	5	3	8	0.4444444444444444
src/test/compile-fail/specialization/README.md	2	3	5	0.75
src/test/compile-fail/array-not-vector.rs	15	3	18	0.3711340206185567
src/test/compile-fail/borrowck-mut-field-imm-base.rs	4	4	8	0.42857142857142855
src/test/compile-fail/bad-char-literals2.rs	2	1	3	0.9166666666666666
src/rt/jemalloc/include/jemalloc/jemalloc.h.in	0	5	5	0.7777777777777778
src/test/compile-fail/huge-enum.rs	7	4	11	0.35947712418300654
src/libstd/rt/io/net/udp.rs	11	2	13	0.7771084337349398
src/libcore/str/pattern.rs	17	4	21	0.41569282136894825
src/test/run-pass/floatlits.rs	10	3	13	0.3185840707964602
src/libcore/num/dec2flt/num.rs	2	5	7	0.5625
src/rt/sundown/html/houdini_href_e.c	0	2	2	0.9310344827586207
src/test/run-pass-fulldeps/auxiliary/proc_macro_def.rs	5	4	9	0.5338983050847458
src/test/run-pass/expr-block-ref.rs	10	2	12	0.7672413793103449
src/test/compile-fail/ifmt-bad-select.rs	1	3	4	0.8596491228070176
src/test/run-make/rustdoc-default-impl/bar.rs	1	3	4	0.4578313253012048
src/libstd/serialize.rs	9	4	13	0.6218487394957983
src/test/compile-fail/integral-variable-unification-error.rs	10	4	14	0.48148148148148145
src/test/compile-fail/tstate-block-uninit.rs	0	6	6	0.3333333333333333
src/rt/msvc/inttypes.h	3	3	6	0.5094339622641509
src/test/compile-fail/issue-5544-a.rs	4	3	7	0.3972602739726027
src/test/run-make/sepcomp-inlining/Makefile	9	3	12	0.41496598639455784
src/test/codegen/small-dense-int-switch.rs	4	3	7	0.5673076923076923
src/test/run-pass/issue-2445.rs	8	5	13	0.4556213017751479
src/test/compile-fail/regions-variance-contravariant-use-covariant.rs	5	2	7	0.5833333333333334
src/test/run-fail/test-fail.rs	4	2	6	0.7045454545454546
src/test/run-pass/issue-16922.rs	4	3	7	0.4827586206896552
src/test/compile-fail/borrowck-mut-deref-comp.rs	7	2	9	0.7710843373493976
src/test/run-pass/at_vec_building.rs	0	6	6	0.2857142857142857
src/test/run-pass/match-ref-binding-mut.rs	3	3	6	0.38
src/libstd/num/usize.rs	5	4	9	0.5027027027027027
src/doc/nomicon/leaking.md	3	3	6	0.7383177570093458
src/test/run-pass/stateful-obj.rs	0	7	7	0.46153846153846156
src/test/run-pass/bind-parameterized-args-2.rs	0	9	9	0.2222222222222222
src/librustc/middle/trans/datum.rs	33	2	35	0.7391688770999116
src/test/run-pass/too-much-recursion.rs	7	4	11	0.4318181818181818
src/test/parse-fail/attr-before-ext.rs	7	2	9	0.5454545454545454
src/test/ui/span/dropck_arr_cycle_checked.stderr	2	4	6	0.5853658536585366
src/test/compile-fail/variance-types-bounds.rs	6	5	11	0.3253012048192771
src/test/run-make/no-duplicate-libs/bar.c	3	4	7	0.4186046511627907
src/test/compile-fail/E0408.rs	3	4	7	0.4270833333333333
src/test/compile-fail/vec_refs_data_with_early_death.rs	7	3	10	0.375
src/test/run-pass/issue-22828.rs	4	3	7	0.39705882352941174
src/libstd/sys/unix/android.rs	2	6	8	0.52
src/test/run-pass/issue-18464.rs	5	4	9	0.42696629213483145
src/test/run-pass/unique-send-2.rs	23	4	27	0.41358024691358025
src/test/run-pass/ret-break-cont-in-block.rs	15	3	18	0.6627906976744186
src/test/compile-fail/functional-struct-update-noncopyable.rs	8	2	10	0.8702290076335878
src/test/run-pass/assoc-oddities-3.rs	3	3	6	0.6666666666666666
src/test/run-pass/associated-const.rs	3	4	7	0.4838709677419355
src/libcore/rand.rs	29	3	32	0.522911051212938
src/rt/libuv/src/ares/ares_getopt.h	0	3	3	0.6
src/test/parse-fail/bad-value-ident-false.rs	3	4	7	0.4117647058823529
src/rustc/middle/check_const.rs	5	8	13	0.29069767441860467
src/test/debug-info/function-prologue-stepping-no-split-stack.rs	7	1	8	0.9204545454545454
src/test/compile-fail/dead-code-ret.rs	17	1	18	0.7375
src/test/run-make/stable-symbol-names/stable-symbol-names1.rs	4	5	9	0.40860215053763443
src/test/run-pass/issue-25439.rs	1	3	4	0.7391304347826086
src/test/compile-fail/proc-bounds.rs	2	2	4	0.821917808219178
src/libcore/iter-trait/optionb.rs	0	1	1	1.0
src/test/auxiliary/svh-a-change-type-ret.rs	7	4	11	0.38666666666666666
src/test/run-pass/deriving-clone-generic-enum.rs	11	4	15	0.46632124352331605
src/doc/trpl/attributes.md	4	3	7	0.6165413533834586
src/test/compile-fail/match-vec-mismatch-2.rs	14	3	17	0.5321888412017167
src/test/compile-fail/kindck-nonsendable-2.rs	0	4	4	0.25
src/test/compile-fail/non-triv-cast-be.rs	0	4	4	0.3333333333333333
src/test/compile-fail/issue-10401.rs	0	3	3	0.5
src/test/compile-fail/issue-18532.rs	12	3	15	0.35638297872340424
src/test/run-make/bootstrap-from-c-with-uvio/Makefile	0	2	2	0.8947368421052632
src/test/compile-fail/kindck-freeze.rs	3	2	5	0.85
src/test/parse-fail/removed-syntax-uniq-mut-ty.rs	7	3	10	0.6190476190476191
src/serializer/stest.rs	0	2	2	0.75
src/bootstrap/build/cc.rs	6	3	9	0.5903614457831325
src/test/run-make/duplicate-output-flavors/foo.rs	4	1	5	0.9047619047619048
src/boot/util/fmt.ml	0	2	2	0.8333333333333334
src/test/compile-fail/unconstrained-ref.rs	10	4	14	0.5492227979274611
src/test/run-pass/specialization/specialization-cross-crate.rs	1	3	4	0.7777777777777778
src/libstd/rt/thread.rs	20	1	21	0.8644444444444445
src/test/run-pass/method-self-arg.rs	10	3	13	0.37790697674418605
src/rt/jemalloc/src/quarantine.c	0	5	5	0.7777777777777778
src/test/compile-fail/move-into-dead-array-2.rs	3	3	6	0.525
src/librustc_back/target/arm_linux_androideabi.rs	25	4	29	0.47927927927927927
src/test/compile-fail/wrong-mul-method-signature.rs	12	3	15	0.4340425531914894
src/test/compile-fail/E0185.rs	5	3	8	0.43137254901960786
src/test/run-pass/aux/reexport-should-still-link.rs	0	1	1	1.0
src/test/compile-fail/regions-pattern-typing-issue-19552.rs	6	3	9	0.39361702127659576
src/test/compile-fail/issue-17728.rs	9	4	13	0.37800687285223367
src/test/run-pass/generic-default-type-params-cross-crate.rs	7	3	10	0.4342857142857143
src/test/compile-fail/structure-constructor-type-mismatch.rs	13	3	16	0.39255014326647564
src/test/compile-fail/associated-item-duplicate-names-3.rs	4	3	7	0.6451612903225806
src/libsyntax/alternate_crate.rc	0	1	1	1.0
src/rt/libuv/test/benchmark-pump.c	0	5	5	0.4444444444444444
src/doc/trpl/deref-coercions.md	5	3	8	0.5390070921985816
src/test/compile-fail/deprecation-lint-2.rs	2	3	5	0.5365853658536586
src/test/compile-fail/no-capture-arc.rs	29	3	32	0.5522041763341067
src/test/rustdoc/aux/rustdoc-ffi.rs	0	1	1	1.0
src/test/run-pass/regions-infer-static-from-proc.rs	4	4	8	0.4645161290322581
mk/cfg/x86_64-unknown-freebsd	3	3	6	0.6627906976744186
src/test/run-pass/issue-3609.rs	24	3	27	0.512781954887218
src/test/run-pass/send-iloop.rs	19	2	21	0.603448275862069
src/rt/libuv/test/benchmark-sizes.c	0	5	5	0.5
src/test/compile-fail/lint-removed.rs	4	3	7	0.6126126126126126
src/test/run-pass/aux/issue_9123.rs	0	1	1	1.0
src/librustc_trans/mir/lvalue.rs	10	6	16	0.4567627494456763
src/rt/libuv/LICENSE	0	4	4	0.5
src/rustc/middle/borrowck/categorization.rs	5	6	11	0.24193548387096775
src/test/run-make/issue-19371/foo.rs	24	5	29	0.3963838664812239
src/librustc_data_structures/veccell/mod.rs	3	3	6	0.6210526315789474
src/test/compile-fail/borrowck-unary-move.rs	10	3	13	0.6923076923076923
doc/guide-lifetimes.md	3	2	5	0.84375
src/test/compile-fail/issue-10991.rs	5	3	8	0.4044943820224719
src/test/run-pass/argument-passing.rs	18	3	21	0.42758620689655175
src/test/pretty/trait-safety.rs	4	4	8	0.39325842696629215
src/test/compile-fail/type-mismatch-multiple.rs	23	3	26	0.4020979020979021
src/test/compile-fail/coherence-blanket-conflicts-with-specific-cross-crate.rs	6	2	8	0.4714285714285714
src/test/auxiliary/cci_class_4.rs	18	4	22	0.38596491228070173
src/grammar/.gitignore	3	1	4	0.85
src/comp/middle/trans_build.rs	1	7	8	0.22641509433962265
src/test/compile-fail/no-send-res-ports.rs	33	4	37	0.5284552845528455
src/rt/libuv/include/uv-private/eio.h	0	1	1	1.0
src/test/run-fail/mir_trans_calls_diverging.rs	4	5	9	0.47126436781609193
src/test/compile-fail/borrowck-borrow-overloaded-auto-deref.rs	9	3	12	0.535031847133758
src/librustc/middle/trans/debuginfo.rs	74	2	76	0.7309772809231879
src/librustdoc/markdown_pass.rs	24	2	26	0.6817204301075269
src/libcore/error.rs	7	3	10	0.4847161572052402
src/test/run-pass/issue-26251.rs	2	3	5	0.3488372093023256
src/test/compile-fail/move-out-of-array-1.rs	3	3	6	0.525
src/libstd/select.rs	10	1	11	0.900398406374502
src/test/run-pass/zero-sized-binary-heap-push.rs	2	3	5	0.6341463414634146
src/rt/rust_util.cpp	8	2	10	0.6666666666666666
src/test/ui/span/vec-must-not-hide-type-from-dropck.stderr	2	4	6	0.5853658536585366
src/doc/nomicon/drop-flags.md	2	3	5	0.7291666666666666
src/librustc/back/rpath.rs	31	1	32	0.7896774193548387
src/test/run-pass/simple-obj.rs	0	5	5	0.4444444444444444
src/test/run-pass/cmp-default.rs	8	3	11	0.5
src/librustc_trans/trans/disr.rs	3	3	6	0.6626506024096386
src/test/compile-fail/unboxed-closures-wrong-trait.rs	4	3	7	0.47305389221556887
src/test/compile-fail/keyword-final.rs	4	3	7	0.5636363636363636
src/test/compile-fail/imports/duplicate.rs	2	4	6	0.4583333333333333
src/libregex/compile.rs	14	3	17	0.562962962962963
src/test/run-pass/issue-29914-2.rs	2	3	5	0.7058823529411765
src/test/run-pass/import-glob-crate.rs	27	3	30	0.5451895043731778
src/test/compile-fail/atomicoption-not-send.rs	2	2	4	0.625
src/test/run-pass/issue-26655.rs	5	3	8	0.53125
src/rt/jemalloc/include/jemalloc/internal/mb.h	3	2	5	0.8
src/boot/me/typestate.ml	7	1	8	0.8461538461538461
src/test/auxiliary/native_lib.rs	0	3	3	0.3333333333333333
src/libpanic_unwind/dwarf/eh.rs	9	5	14	0.41358024691358025
src/test/parse-fail/macro-mismatched-delim-brace-paren.rs	3	4	7	0.4117647058823529
src/test/compile-fail/issue-20862.rs	6	3	9	0.6373626373626373
src/test/run-fail/fmt-fail.rs	14	3	17	0.6557377049180327
src/libarena/lib.rs	59	3	62	0.5813528336380256
src/test/run-pass/test-main-not-dead.rs	2	2	4	0.7407407407407407
src/test/run-pass/unsized.rs	8	3	11	0.3879598662207358
src/test/run-fail/overflowing-lsh-1.rs	14	5	19	0.33676975945017185
src/test/run-pass/union/union-transmute.rs	2	3	5	0.5238095238095238
src/comp/front/core_inject.rs	0	5	5	0.375
src/rt/jemalloc/test/thread_arena.exp	0	5	5	0.7777777777777778
src/test/run-pass/project-defer-unification.rs	1	2	3	0.8571428571428571
src/test/run-pass/aux/xcrate_address_insignificant.rs	0	1	1	1.0
src/test/run-pass/vec-each2_mut.rs	6	2	8	0.6923076923076923
src/test/auxiliary/svh-utb.rs	5	3	8	0.5463917525773195
src/test/compile-fail/variance-deprecated-markers.rs	1	3	4	0.45
src/test/compile-fail/generic-extern.rs	4	1	5	0.9047619047619048
src/rt/libuv/src/ares/ares_llist.c	0	3	3	0.6
src/librustc_back/target/mips_unknown_linux_uclibc.rs	4	5	9	0.39552238805970147
src/test/parse-fail/keyword-break-as-identifier.rs	6	3	9	0.5333333333333333
src/test/codegen/zip.rs	5	5	10	0.40540540540540543
src/rustc/middle/trans/type_of.rs	8	7	15	0.21296296296296297
src/libstd/sys/unix/process2.rs	7	3	10	0.45023696682464454
src/test/compile-fail/issue-3888.rs	4	2	6	0.7441860465116279
src/test/compile-fail/struct-literal-in-if.rs	6	4	10	0.4782608695652174
src/rt/libuv/src/ares/ares__timeval.c	0	3	3	0.6
src/librustc_typeck/check/method/doc.rs	5	3	8	0.5966386554621849
src/test/compile-fail/bad-record-pat-2.rs	6	4	10	0.3
src/test/run-pass/match-naked-record.rs	6	3	9	0.43333333333333335
src/test/run-pass/issue-2242-d.rs	0	6	6	0.4
src/test/compile-fail/issue-20413.rs	3	3	6	0.5172413793103449
src/test/rustdoc/aux/issue-28927-1.rs	0	1	1	1.0
src/doc/trpl/learn-rust.md	4	3	7	0.5362318840579711
src/test/run-make/allow-warnings-cmdline-stability/foo.rs	3	3	6	0.4925373134328358
src/test/compile-fail/shadowed-trait-methods.rs	2	3	5	0.38636363636363635
src/test/run-pass/issue-5275	0	1	1	1.0
src/test/compile-fail/issue-7364.rs	14	3	17	0.46875
src/test/run-pass/aux/issue-7899.rs	0	1	1	1.0
src/test/compile-fail/no-patterns-in-args.rs	4	4	8	0.36036036036036034
src/test/run-pass-fulldeps/auxiliary/dummy_mir_pass.rs	7	5	12	0.4472049689440994
src/test/parse-fail/issue-20711.rs	6	4	10	0.5568181818181818
src/test/parse-fail/struct-no-fields.rs	5	3	8	0.5441176470588235
src/librustc/front/core_inject.rs	8	5	13	0.5783132530120482
src/libstd/rand/range.rs	1	2	3	0.85
src/test/compile-fail/not-a-pred-check.rs	0	9	9	0.2857142857142857
src/test/compile-fail/unsafe_no_drop_flag-gate.rs	5	4	9	0.38571428571428573
src/test/ui/update-references.sh	2	4	6	0.4166666666666667
src/test/run-pass/module-polymorphism3-files/float-template/inst_f64.rs	3	4	7	0.35
ffi.md	0	1	1	1.0
src/test/stdtest/char.rs	0	7	7	0.23076923076923078
src/test/compile-fail/unreachable-arm.rs	14	4	18	0.37089201877934275
src/libstd/owned.rs	7	1	8	0.8771929824561403
src/test/compile-fail/panic-runtime/bad-panic-flag1.rs	1	4	5	0.5405405405405406
src/libstd/num/int-template/i8.rs	0	2	2	0.875
src/libextra/ringbuf.rs	20	1	21	0.8509485094850948
doc/complement-usage-faq.md	3	1	4	0.896551724137931
src/test/run-pass/aux/check_static_recursion_foreign_helper.rs	0	1	1	1.0
src/test/compile-fail/borrowck-move-out-of-overloaded-auto-deref.rs	10	3	13	0.528169014084507
src/test/debug-info/by-value-struct-argument.rs	0	2	2	0.9210526315789473
src/test/compile-fail/use-mod-3.rs	9	3	12	0.7070707070707071
src/test/run-pass/expr-alt-generic.rs	10	5	15	0.41904761904761906
src/test/run-pass/bool.rs	8	3	11	0.40823970037453183
src/test/compile-fail/non-constant-enum-for-vec-repeat.rs	18	5	23	0.4777327935222672
src/test/run-pass/mod_dir_simple/compiletest-ignore-dir	2	3	5	0.5428571428571428
src/test/auxiliary/xc_conditions_2.rs	2	1	3	0.92
src/test/compile-fail/issue-20714.rs	3	3	6	0.4375
src/test/run-pass/issue-21296.rs	8	3	11	0.509090909090909
src/test/run-pass/issue-6141-leaking-owned-fn.rs	3	1	4	0.9302325581395349
src/rt/vg/memcheck.h	0	3	3	0.8
src/test/parse-fail/lex-bad-char-literals-2.rs	2	3	5	0.59375
src/test/compile-fail/issue-6804.rs	19	3	22	0.6006944444444444
src/test/run-pass/qquote	0	1	1	1.0
src/test/compile-fail/issue-20825.rs	2	3	5	0.6666666666666666
src/test/codegen/stack-alloc-string-slice.rs	4	2	6	0.7169811320754716
src/test/run-pass/specialization/specialization-assoc-fns.rs	2	3	5	0.75
src/test/run-pass/traits-conditional-model-fn.rs	4	3	7	0.36885245901639346
src/test/codegen-units/unsizing.rs	2	3	5	0.4793388429752066
src/test/run-make/rustdoc-src-links/Makefile	2	3	5	0.47058823529411764
src/test/compile-fail/E0494.rs	0	5	5	0.3488372093023256
src/test/auxiliary/needs_allocator.rs	3	3	6	0.5789473684210527
src/test/run-pass/range_inclusive.rs	7	3	10	0.5594405594405595
src/test/compile-fail/kindck-send-object1.rs	11	3	14	0.3765586034912718
src/libstd/io/net/ip.rs	30	2	32	0.4700374531835206
src/test/run-pass/syntax-extension-shell.rs	4	4	8	0.46511627906976744
src/test/compile-fail/regions-implied-bounds-projection-gap-hr-1.rs	4	2	6	0.7666666666666667
src/boot/me/type.ml	6	2	8	0.6528925619834711
src/libcore/oldcomm.rs	4	3	7	0.4411764705882353
src/lib/bitv.rs	6	7	13	0.17857142857142858
src/libstd/sys/common/wtf8.rs	36	4	40	0.4600262123197903
src/test/run-pass/or-pattern.rs	13	4	17	0.3469387755102041
src/libcore/int-template/int.rs	7	5	12	0.3829787234042553
src/comp/middle/attr.rs	0	1	1	1.0
src/test/run-pass/aux/issue-12133-dylib2.rs	0	1	1	1.0
src/test/run-pass/deriving-in-macro.rs	12	2	14	0.4311377245508982
src/test/run-pass/extern-mod-ordering-exe.rs	9	2	11	0.6666666666666666
src/doc/book/iterators.md	3	4	7	0.5327868852459017
src/test/run-pass/unboxed-closures-manual-impl.rs	10	3	13	0.4
src/test/compile-fail/issue-17913.rs	10	4	14	0.3401015228426396
doc/guide-borrowed-ptr.md	0	2	2	0.875
src/libstd/unicode.rs	19	1	20	0.748062015503876
src/bootstrap/check.rs	9	5	14	0.4375
src/test/compile-fail/borrowck-borrow-immut-deref-of-box-as-mut.rs	7	3	10	0.52
src/test/compile-fail/issue-5927.rs	7	6	13	0.5107913669064749
src/rustc/middle/tstate/ann.rs	0	9	9	0.29411764705882354
src/test/compile-fail/mir-dataflow/def-inits-1.rs	5	5	10	0.4095238095238095
src/libcore/num/int_macros.rs	18	4	22	0.5073649754500819
src/test/run-pass/issue-19097.rs	3	3	6	0.5384615384615384
src/test/run-make/target-without-atomics/Makefile	4	3	7	0.45454545454545453
src/doc/nomicon/destructors.md	7	2	9	0.7777777777777778
src/test/debug-info/lexical-scope-in-if.rs	9	1	10	0.9224806201550387
src/test/compile-fail/issue-23217.rs	6	4	10	0.5833333333333334
src/libcoretest/num/i16.rs	4	2	6	0.5116279069767442
src/libstd/sys/windows/path.rs	3	4	7	0.47619047619047616
src/test/compile-fail/regions-infer-invariance-due-to-mutability-1.rs	4	4	8	0.6666666666666666
src/test/compile-fail/issue-17718-static-sync.rs	10	3	13	0.5026178010471204
src/rt/arch/x86_64/x86_64_regs.h	0	1	1	1.0
src/libstd/fileinput.rs	10	1	11	0.813953488372093
src/rt/rust_cond_lock.cpp	0	4	4	0.3333333333333333
src/test/run-pass/sendfn-is-a-block.rs	14	3	17	0.31666666666666665
src/test/compile-fail/issue-10636-1.rs	4	3	7	0.578125
src/libsyntax/ext/trace_macros.rs	32	3	35	0.6088888888888889
src/test/run-pass/extern-foreign-crate.rs	6	3	9	0.41346153846153844
src/test/compile-fail/keyword-pub-as-identifier.rs	2	3	5	0.3275862068965517
src/rt/libuv/test/test-tcp-connect6-error.c	0	2	2	0.75
src/rt/bigint/low_primes.h	0	2	2	0.6666666666666666
src/test/compile-fail/E0403.rs	3	3	6	0.4823529411764706
src/test/run-make/graphviz-flowgraph/f10.dot-expected.dot	8	2	10	0.5217391304347826
src/libnative/bookeeping.rs	2	1	3	0.9428571428571428
src/test/compile-fail/issue-20692.rs	4	5	9	0.391304347826087
src/test/run-pass/issue-18352.rs	5	3	8	0.3591549295774648
src/test/compile-fail/rfc1445/match-forbidden-without-eq.rs	2	3	5	0.391304347826087
src/test/compile-fail/double-import.rs	9	4	13	0.5
src/test/run-pass/task-comm-13-thread.rs	0	4	4	0.5
src/test/run-pass/traits-negative-impls.rs	2	4	6	0.5555555555555556
src/test/compile-fail/borrowck-loan-of-static-data-issue-27616.rs	3	3	6	0.5555555555555556
src/test/compile-fail/evec-subtyping.rs	11	3	14	0.6181818181818182
src/libstd/os/netbsd/raw.rs	11	3	14	0.6180257510729614
src/test/run-pass/issue-13323.rs	7	3	10	0.37158469945355194
src/test/compile-fail/struct-no-fields-4.rs	6	3	9	0.4943820224719101
src/test/compile-fail/deriving-span-Show-struct.rs	8	2	10	0.6410256410256411
src/test/compile-fail/issue-30123.rs	4	3	7	0.5657894736842105
src/test/compile-fail/issue-13352.rs	8	4	12	0.5360824742268041
src/test/run-pass/closure-syntax.rs	6	3	9	0.4980237154150198
src/libstd/util.rs	22	1	23	0.8309037900874635
src/test/run-pass/aux/issue_2472_b.rs	0	1	1	1.0
src/test/run-pass/regions-simple.rs	9	3	12	0.6933333333333334
doc/favicon.inc	0	3	3	0.8947368421052632
src/libcompiler_builtins/build.rs	7	4	11	0.4351145038167939
src/rt/arch/mips/sp.h	2	1	3	0.92
x.py	0	2	2	0.5555555555555556
src/test/run-pass/xcrate-address-insignificant.rs	10	3	13	0.5924170616113744
src/test/compile-fail/resolve-conflict-extern-crate-vs-extern-crate.rs	8	3	11	0.6
src/test/run-pass/unboxed-closures-simple.rs	11	3	14	0.35807860262008734
src/test/run-pass/auxiliary/mir_external_refs.rs	0	1	1	1.0
src/rustc/metadata/decoder.rs	15	7	22	0.22018348623853212
src/test/run-pass/const-str-ptr.rs	21	3	24	0.5391621129326047
src/test/run-pass/operator-multidispatch.rs	7	3	10	0.582010582010582
src/test/run-pass/fixup-deref-mut.rs	6	3	9	0.5833333333333334
src/rt/jemalloc/test/allocated.c	0	5	5	0.7777777777777778
src/rt/libuv/src/ev/ev_wrap.h	0	2	2	0.5
src/test/run-pass/block-arg.rs	32	3	35	0.6440677966101694
src/rt/sync/spin_lock.h	0	2	2	0.6666666666666666
src/test/run-pass/unit-like-struct.rs	8	2	10	0.6585365853658537
src/test/run-make/link-path-order/main.rs	5	3	8	0.4645669291338583
src/test/compile-fail/keyword-true-as-identifier.rs	6	3	9	0.703125
src/librustdoc/parse.rs	11	2	13	0.7407407407407407
src/test/auxiliary/crateresolve2-1.rs	9	1	10	0.8414634146341463
src/rt/libuv/src/ev/autogen.sh	0	2	2	0.5
src/libcore/markers.rs	0	1	1	1.0
src/test/compile-fail/safe-extern-statics.rs	4	3	7	0.6521739130434783
src/test/compile-fail/simd-intrinsic-generic-cast.rs	2	3	5	0.5982142857142857
src/test/run-make/symlinked-extern/baz.rs	3	1	4	0.8636363636363636
src/rustc/README.txt	0	5	5	0.25
src/test/compiletest/compiletest.rs	6	2	8	0.7777777777777778
src/librustc/middle/infer/bivariate.rs	12	4	16	0.48626373626373626
src/libcore/uint-template/u16.rs	2	4	6	0.42857142857142855
src/test/compile-fail/no-implicit-prelude-nested.rs	10	2	12	0.711864406779661
src/libstd/os/dragonfly/raw.rs	10	4	14	0.6098360655737705
src/test/run-make/dylib-chain/m3.rs	4	1	5	0.8958333333333334
src/test/run-pass/estr-internal.rs	0	3	3	0.4444444444444444
src/test/debug-info/issue11600.rs	6	1	7	0.8653846153846154
src/test/run-make/dep-info/bar.rs	3	1	4	0.9117647058823529
src/test/compile-fail/once-cant-call-twice-on-heap.rs	11	3	14	0.717391304347826
src/test/run-pass/const-enum-newtype-align.rs	0	3	3	0.8518518518518519
src/test/run-pass/issue-4734.rs	6	4	10	0.37349397590361444
src/libstd/num/i16.rs	17	3	20	0.7060041407867494
src/test/compile-fail/param-by-value.rs	0	1	1	1.0
src/librustc/middle/borrowck/preserve.rs	10	4	14	0.532967032967033
src/test/compile-fail/lint-allocation.rs	4	1	5	0.9154929577464789
src/test/auxiliary/issue-31702-1.rs	3	3	6	0.4639175257731959
src/test/run-pass/borrowck-pat-enum.rs	7	3	10	0.5321100917431193
src/test/run-pass/issue-970.rs	0	6	6	0.2222222222222222
src/libstd/old_io/buffered.rs	9	3	12	0.3561643835616438
src/libsyntax/ext/quote.rs	77	3	80	0.5533515731874145
src/test/compile-fail/regions-ret-borrowed.rs	13	2	15	0.6434108527131783
src/test/compile-fail/issue-3907-2.rs	9	2	11	0.6629834254143646
src/test/run-pass/issue-2633-2.rs	11	3	14	0.42857142857142855
src/test/run-make/target-specs/my-invalid-platform.json	0	4	4	0.625
src/librustc/middle/save/span_utils.rs	7	2	9	0.5328947368421053
src/test/compile-fail/privacy/union-field-privacy-2.rs	2	3	5	0.5238095238095238
src/test/run-pass/generic-fn-unique.rs	14	2	16	0.7486033519553073
src/test/debug-info/reference-to-struct.rs	2	2	4	0.8620689655172413
src/rt/rust_obstack.cpp	4	2	6	0.7142857142857143
doc/po/ja/tutorial.md.po	10	1	11	0.8942307692307693
src/test/compile-fail/functional-struct-update-respects-privacy.rs	5	4	9	0.5333333333333333
src/test/compile-fail/ufcs-explicit-self-bad.rs	16	4	20	0.5708812260536399
src/test/run-pass/vec-matching-autoslice.rs	17	3	20	0.6124260355029586
src/lib/four.rs	0	3	3	0.5
src/boot/me/semant.ml	2	3	5	0.7321428571428571
src/test/compile-fail/regions-outlives-nominal-type-enum.rs	0	1	1	1.0
src/test/run-pass/issue-15763.rs	7	3	10	0.4368932038834951
src/test/run-pass/destructor-ordering.rs	0	9	9	0.23529411764705882
src/libcollections/string.rs	93	4	97	0.4636451769268056
src/test/ui/span/borrowck-ref-into-rvalue.stderr	1	3	4	0.38461538461538464
src/test/compile-fail/wf-impl-associated-type-region.rs	4	2	6	0.7666666666666667
src/test/compile-fail/privacy/restricted/tuple-struct-fields/test.rs	1	6	7	0.3977272727272727
src/test/compile-fail/symbol-names/basic.rs	2	3	5	0.41304347826086957
src/test/compile-fail/no-core-gated.rs	1	3	4	0.5833333333333334
src/test/compile-fail/non-exhaustive-pattern-witness.rs	16	5	21	0.43846153846153846
src/test/run-make/issue-33329/main.rs	4	4	8	0.5121951219512195
src/tools/linkchecker/Cargo.lock	8	4	12	0.40828402366863903
src/test/run-pass/issue-19982.rs	7	3	10	0.37254901960784315
src/test/parse-fail/lex-bad-char-literals.rs	6	3	9	0.5648854961832062
src/test/compile-fail/issue-14092.rs	9	5	14	0.38636363636363635
src/test/pretty/doc-comments.rs	10	2	12	0.6024096385542169
src/rt/libuv/uv-unix.h	0	2	2	0.5
mk/libuv/mips/unix/linux/src/libuv/run-benchmarks.target.mk	0	3	3	0.8
src/test/run-pass/return-from-closure.rs	7	4	11	0.4317343173431734
src/test/compile-fail/bad-recv.rs	0	6	6	0.3333333333333333
src/test/compile-fail/issue-22872.rs	1	2	3	0.75
src/librustrt/macros.rs	3	2	5	0.6190476190476191
src/librustc/back/x86_64.rs	15	1	16	0.795
src/test/run-pass/aux/issue-2380.rs	0	1	1	1.0
src/test/parse-fail/attr-before-let.rs	6	3	9	0.5357142857142857
src/libcollections/btree/map.rs	61	3	64	0.4126315789473684
src/rt/libuv/include/uv-private/uv-unix.h	0	2	2	0.6
src/test/compile-fail/issue-5216.rs	7	3	10	0.33962264150943394
src/test/compile-fail/issue-11680.rs	7	4	11	0.5597014925373134
src/test/run-pass/gc-vec.rs	1	3	4	0.6216216216216216
src/doc/tarpl/send-and-sync.md	1	3	4	0.6909090909090909
src/rustc/std_shim/Cargo.lock	11	5	16	0.523972602739726
src/test/run-pass/inner-static.rs	5	3	8	0.37777777777777777
src/comp/middle/trans/debuginfo.rs	0	5	5	0.4444444444444444
src/test/run-pass/cast-enum-with-dtor.rs	0	1	1	1.0
src/libextra/list.rs	12	1	13	0.8511904761904762
src/test/compile-fail/variance-use-covariant-struct-2.rs	2	4	6	0.6333333333333333
src/test/run-pass/func-arg-incomplete-pattern.rs	7	3	10	0.470873786407767
src/test/debug-info/text-to-include-1.txt	0	2	2	0.92
src/librustc_back/svh.rs	30	4	34	0.44490358126721763
src/test/run-pass/aux/issue-11225-2.rs	0	1	1	1.0
src/test/compile-fail/nonsense-constraints.rs	3	5	8	0.2857142857142857
src/test/bench/99-bottles/99bob-iter.rs	0	6	6	0.36363636363636365
src/librustc/back/upcall.rs	13	2	15	0.7352941176470589
src/test/compile-fail/issue-23827.rs	8	3	11	0.3584905660377358
src/test/run-make/graphviz-flowgraph/f07.dot-expected.dot	11	3	14	0.5583756345177665
src/rustc/rustbook.rs	2	2	4	0.6
src/test/compile-fail-fulldeps/proc-macro/expand-to-unstable.rs	0	3	3	0.3333333333333333
src/test/compile-fail/borrowck-while-break.rs	7	3	10	0.5698924731182796
src/test/rustdoc/inline_cross/issue-31948.rs	3	2	5	0.7741935483870968
src/test/compile-fail/struct-path-self-feature-gate.rs	0	3	3	0.625
src/libsyntax_ext/format.rs	20	5	25	0.4704761904761905
src/rt/libuv/test/task.h	0	4	4	0.5714285714285714
src/test/run-pass/issue-2631-b.rs	21	2	23	0.6237113402061856
src/test/run-pass/packed-struct-generic-size.rs	7	3	10	0.634020618556701
src/test/compile-fail/qualified-path-params.rs	5	6	11	0.5617283950617284
src/libbacktrace/elf.c	9	4	13	0.6
src/test/run-make/llvm-pass/Makefile	2	3	5	0.7428571428571429
src/test/compile-fail/feature-gate-field-init-shorthand.rs	3	3	6	0.6829268292682927
src/test/run-pass/infer-container-across-object-cast.rs	3	3	6	0.5963302752293578
src/test/compile-fail/lint-deprecated-self.rs	1	2	3	0.7727272727272727
src/rt/libuv/test/benchmark-getaddrinfo.c	0	3	3	0.6666666666666666
src/test/auxiliary/cci_class_cast.rs	21	4	25	0.4608879492600423
src/test/run-pass/ret-by-reference.rs	0	1	1	1.0
src/test/compile-fail/unique-vec-res.rs	28	3	31	0.5759493670886076
src/test/compile-fail/reserved-attr-on-macro.rs	3	2	5	0.4666666666666667
src/test/run-make/crate-data-smoke/lib.rs	4	1	5	0.9032258064516129
src/librustc/middle/ty/wf.rs	6	3	9	0.627906976744186
src/test/run-pass/loop-break-cont-1.rs	8	3	11	0.39473684210526316
src/libstd/rt/metrics.rs	1	3	4	0.6666666666666666
src/test/run-pass/loop-no-reinit-needed-post-bot.rs	7	3	10	0.4628099173553719
src/test/auxiliary/issue-11225-1.rs	5	4	9	0.4391891891891892
src/test/run-pass/fn-bare-bind-generic.rs	0	2	2	0.8
src/test/run-fail/unreachable-fmt-msg.rs	3	1	4	0.85
src/rt/libuv/src/ares/ares_nowarn.h	0	4	4	0.5
src/librustc/middle/cstore.rs	23	6	29	0.4783974862529458
src/libsyntax_ext/deriving/custom.rs	7	4	11	0.5205479452054794
src/libcoretest/lib.rs	41	3	44	0.47845096814490945
src/test/auxiliary/issue_16723_multiple_items_syntax_ext.rs	11	4	15	0.4375
src/librustc/middle/trans/foreign.rs	56	2	58	0.7524324324324324
src/libstd/to_bytes.rs	16	1	17	0.8372093023255814
src/librustuv/pipe.rs	10	2	12	0.8370927318295739
src/test/run-pass/issue-17737.rs	2	1	3	0.95
src/test/run-fail/do-while-body-fails.rs	0	5	5	0.2857142857142857
src/test/run-pass/path.rs	15	3	18	0.3383838383838384
src/test/compile-fail/mut-cant-alias.rs	9	2	11	0.7087378640776699
src/test/compile-fail/issue-20228-2.rs	1	2	3	0.8142857142857143
src/test/compile-fail/regions-escape-unboxed-closure.rs	10	5	15	0.4673913043478261
src/librustc_trans/trans/foreign.rs	38	4	42	0.4747225647348952
src/test/compile-fail/lex-unknown-start-tok.rs	3	1	4	0.9117647058823529
src/test/compile-fail-fulldeps/rustc-macro/signature.rs	4	4	8	0.5694444444444444
src/test/compile-fail/issue-3969.rs	4	3	7	0.7
src/libstd/collections/hash/mod.rs	4	3	7	0.39705882352941174
src/test/run-pass/newlambdas.rs	10	3	13	0.4380165289256198
src/test/run-pass/allocator-default.rs	5	3	8	0.6767676767676768
src/test/compile-fail/unsized5.rs	12	4	16	0.6086956521739131
src/test/compile-fail/coherence-projection-conflict-orphan.rs	3	4	7	0.5641025641025641
src/test/run-pass/nested-pattern.rs	14	4	18	0.44502617801047123
src/test/run-pass/new-unsafe-pointers.rs	3	3	6	0.47435897435897434
src/test/run-pass/issue-16734.rs	0	1	1	1.0
src/test/auxiliary/extern_mod_ordering_lib.rs	6	3	9	0.5803571428571429
src/comp/middle/check_usage.rs	0	1	1	1.0
src/librustc_metadata/creader.rs	30	5	35	0.4458874458874459
src/libstd/num/int-template/i64.rs	0	2	2	0.875
src/librustc/middle/borrowck/fragments.rs	6	3	9	0.4098360655737705
src/librustc_data_structures/control_flow_graph/test.rs	7	4	11	0.4318181818181818
src/test/rustdoc/auxiliary/issue-13698.rs	0	2	2	0.6666666666666666
src/test/run-pass/issue-23992.rs	2	2	4	0.6129032258064516
src/librustc_back/fs.rs	13	3	16	0.38188976377952755
src/test/run-pass/early-ret-binop.rs	0	5	5	0.3333333333333333
src/test/compile-fail/sized-cycle-note.rs	5	3	8	0.43558282208588955
src/rt/intrinsics/intrinsics.ll.bak	0	2	2	0.75
src/comp/util/data.rs	0	4	4	0.4
src/test/bench/shootout/shootout-k-nucleotide.data	0	2	2	0.8888888888888888
src/test/compile-fail/issue-34047.rs	3	4	7	0.5
src/test/compile-fail/coherence_copy_like_err_fundamental_struct_tuple.rs	6	3	9	0.5116279069767442
src/test/compile-fail/class-cast-to-trait.rs	17	3	20	0.7153846153846154
src/doc/tarpl/dot-operator.md	0	3	3	0.7631578947368421
src/libstd/rt/io/native/file.rs	2	2	4	0.813953488372093
src/test/run-pass/generic-static-methods.rs	16	3	19	0.4421965317919075
src/test/compile-fail/extern-no-fn.rs	4	3	7	0.525
src/test/parse-fail/struct-variant-no-fields.rs	5	3	8	0.524390243902439
src/rt/sundown/html/houdini_html_e.c	0	2	2	0.9310344827586207
src/test/compile-fail/E0306.rs	3	4	7	0.3118279569892473
src/libcore/rt/io/util.rs	1	2	3	0.7037037037037037
doc/tutorial/mod.md	0	1	1	1.0
src/rt/libuv/include/tree.h	0	2	2	0.5
src/rt/libuv/src/ev/aclocal.m4	0	2	2	0.5
src/test/run-pass/issue-13872.rs	4	3	7	0.40816326530612246
src/test/run-pass-fulldeps/auxiliary/lint_for_crate.rs	0	2	2	0.6666666666666666
src/test/run-pass/large-records.rs	8	3	11	0.39823008849557523
src/librustc/infer/freshen.rs	10	6	16	0.42091152815013405
src/test/run-pass/associated-const-cross-crate-defaults.rs	2	5	7	0.5
src/libgreen/coroutine.rs	2	3	5	0.8307692307692308
src/test/run-pass/issue-23649-3.rs	2	3	5	0.5882352941176471
src/test/run-pass/borrowck-preserve-box-in-arm-not-taken.rs	5	4	9	0.72
src/test/run-pass/transmute-from-fn-item-types.rs	2	3	5	0.6086956521739131
src/libcore/cell.rs	57	4	61	0.4895871392035075
src/test/compile-fail/cap-clause-illegal-cap.rs	5	5	10	0.2903225806451613
src/rustdoc/desc_pass.rs	2	3	5	0.7647058823529411
src/test/run-pass-fulldeps/aux/plugin_with_plugin_lib.rs	0	1	1	1.0
src/test/run-pass/borrowck-borrow-of-mut-base-ptr-safe.rs	7	3	10	0.44751381215469616
src/test/compile-fail/issue-12560-1.rs	5	6	11	0.35714285714285715
src/libstd/sys/windows/ext/raw.rs	4	4	8	0.5294117647058824
src/test/run-make/prefer-dylib/Makefile	2	2	4	0.7413793103448276
src/test/compile-fail/autoderef-full-lval.rs	17	3	20	0.6993006993006993
src/test/compile-fail/borrowck-and-init.rs	4	4	8	0.6206896551724138
src/test/compile-fail/issue-30730.rs	0	5	5	0.5294117647058824
src/test/compile-fail/E0152.rs	0	5	5	0.5789473684210527
src/test/compile-fail/builtin-superkinds-double-superkind.rs	10	3	13	0.5681818181818182
src/test/run-pass/auxiliary/issue-17718-aux.rs	5	4	9	0.42592592592592593
src/test/run-fail/never-associated-type.rs	2	3	5	0.5818181818181818
src/rt/libuv/src/unix/ev/aclocal.m4	0	1	1	1.0
src/tools/tidy/src/cargo.rs	8	5	13	0.49809885931558934
src/test/compile-fail/borrowck-overloaded-index-ref-index.rs	4	3	7	0.5263157894736842
src/librustc_incremental/persist/file_format.rs	4	4	8	0.36666666666666664
src/test/run-pass/issue-23485.rs	4	3	7	0.3673469387755102
src/test/debuginfo/trait-generic-static-default-method.rs	4	3	7	0.4601226993865031
src/test/compile-fail/block-deinitializes-upvar.rs	3	6	9	0.3235294117647059
src/libnative/io/timer_other.rs	5	2	7	0.8786127167630058
src/test/auxiliary/allocator2.rs	3	3	6	0.5789473684210527
src/test/run-pass/plugin-args-1.rs	0	3	3	0.5555555555555556
src/test/run-pass/coerce-match.rs	12	3	15	0.3282828282828283
src/test/compile-fail/empty-struct-unit-pat.rs	8	5	13	0.557632398753894
src/libstd/os/ios/raw.rs	9	4	13	0.5962264150943396
src/test/compile-fail/trait-test.rs	6	3	9	0.6904761904761905
src/test/run-pass/native-print-no-runtime.rs	7	4	11	0.44047619047619047
src/test/compile-fail/wf-static-method.rs	5	3	8	0.5797101449275363
src/test/run-pass/macro-block-nonterminal.rs	5	3	8	0.3564356435643564
src/test/run-pass/dst-irrefutable-bind.rs	3	2	5	0.8285714285714286
src/test/parse-fail/doc-before-struct-rbrace-1.rs	3	2	5	0.5666666666666667
src/comp/pretty/pprust.rs	6	7	13	0.2916666666666667
src/libfourcc/lib.rs	13	2	15	0.8517587939698492
src/test/run-pass/import-glob-0.rs	13	2	15	0.5855855855855856
src/test/compile-fail/integer-literal-suffix-inference-2.rs	3	2	5	0.5555555555555556
src/test/compile-fail/range_traits-1.rs	0	6	6	0.4864864864864865
src/test/debug-info/boxed-vec.rs	10	1	11	0.8852459016393442
src/test/run-pass/issue-37291/main.rs	1	2	3	0.5483870967741935
src/libsyntax/ext/cfg_attr.rs	5	3	8	0.4083333333333333
src/libstd/rt/io/native/process.rs	3	2	5	0.85
src/test/compile-fail/tag-exports-3.rs	0	5	5	0.3333333333333333
src/test/rustdoc/default-impl.rs	4	3	7	0.46987951807228917
src/test/compile-fail/liveness-while-cond.rs	5	2	7	0.6190476190476191
src/librustc/middle/typeck/infer/floating.rs	2	4	6	0.3333333333333333
src/test/compile-fail/use-after-move-self.rs	14	3	17	0.6540880503144654
src/rt/rust_scheduler.h	13	6	19	0.33707865168539325
src/test/compile-fail/lint-unused-imports.rs	21	3	24	0.6466302367941712
src/test/run-pass/mir_cross_crate.rs	2	5	7	0.3918918918918919
src/test/run-pass/issue-4025.rs	3	1	4	0.9117647058823529
src/test/compile-fail/lex-bad-fp-lit.rs	3	1	4	0.925
src/librustc_trans/mir/operand.rs	7	6	13	0.47962382445141066
SourceSerifPro-Regular.woff	0	1	1	1.0
src/librustc_mir/transform/simplify_cfg.rs	16	3	19	0.5595054095826894
src/doc/nomicon/vec-deref.md	0	3	3	0.6923076923076923
src/test/compile-fail/fully-qualified-type-name4.rs	13	4	17	0.4898989898989899
src/test/run-pass/priv-impl-prim-ty.rs	8	3	11	0.5575757575757576
src/test/run-pass/format-no-std.rs	10	3	13	0.45
src/test/compile-fail/issue-12133-2.rs	0	2	2	0.9285714285714286
src/test/run-pass/assoc-sugar-path.rs	4	2	6	0.8586956521739131
src/test/compile-fail/bad-expr-path.rs	21	3	24	0.543010752688172
src/test/run-pass/aux/thread-local-extern-static.rs	0	1	1	1.0
src/test/run-make/issue-28766/foo.rs	2	3	5	0.5882352941176471
src/test/compile-fail/liveness-init-in-fn-expr.rs	7	2	9	0.8160919540229885
src/test/compile-fail/non_owned-enum.rs	4	1	5	0.8541666666666666
src/test/compile-fail/lang-item-missing.rs	6	4	10	0.4431137724550898
src/librustdoc/passes/unindent_comments.rs	4	4	8	0.359375
src/test/run-pass/type-macros-hlist.rs	3	5	8	0.4691358024691358
src/test/compile-fail/typeck-default-trait-impl-negation-sync.rs	8	3	11	0.4557823129251701
src/test/compile-fail/regions-infer-covariance-due-to-decl.rs	4	3	7	0.46153846153846156
src/test/run-pass/region-dependent-addr-of.rs	10	1	11	0.7950819672131147
src/test/run-pass/attr-before-view-item2.rs	10	5	15	0.3132530120481928
src/libstd/process.rs	35	4	39	0.4642431466030989
src/test/compile-fail/E0512.rs	4	5	9	0.3490566037735849
src/lib/u8.rs	0	10	10	0.1875
src/test/compile-fail/stable-features.rs	5	5	10	0.5111111111111111
src/test/run-pass/vec-macro-repeat.rs	6	3	9	0.36153846153846153
src/rt/libuv/test/runner.h	0	3	3	0.6666666666666666
src/test/compile-fail/E0431.rs	2	3	5	0.4583333333333333
src/test/run-pass/rfc1592-deprecated.rs	3	4	7	0.4485981308411215
src/test/run-pass/aux/linkage1.rs	0	1	1	1.0
src/test/parse-fail/keyword-struct-as-identifier.rs	6	3	9	0.5333333333333333
src/test/auxiliary/svh-a-change-significant-cfg.rs	7	4	11	0.38666666666666666
src/test/compile-fail/issue-17025.rs	7	3	10	0.62
src/rt/libuv/msvs/libuv.vcxproj	0	4	4	0.25
src/librustc/ty/flags.rs	9	6	15	0.42401960784313725
src/test/compile-fail/simd-intrinsic-generic-elements.rs	2	4	6	0.5966386554621849
src/libcore/rt/io/net/tcp.rs	3	2	5	0.5285714285714286
src/librustc/middle/infer/combine.rs	20	4	24	0.3519503546099291
src/libstd/num/int_macros.rs	33	2	35	0.769650655021834
src/test/compile-fail/issue-17994.rs	1	2	3	0.84375
src/test/run-make/llvm-module-pass/Makefile	1	3	4	0.8064516129032258
src/doc/tarpl/ownership.md	0	3	3	0.7115384615384616
src/test/run-pass/never-result.rs	0	5	5	0.47368421052631576
src/test/run-pass/object-lifetime-default-default-to-static.rs	4	3	7	0.5504587155963303
src/test/compile-fail/E0478.rs	0	5	5	0.3055555555555556
src/test/run-make/target-specs/Makefile	8	3	11	0.48255813953488375
src/test/run-pass/issue-17121.rs	9	4	13	0.30917874396135264
src/test/debuginfo/union-smoke.rs	4	4	8	0.5192307692307693
src/test/rustdoc/issue-15318-2.rs	4	3	7	0.4642857142857143
src/rt/libuv/ngx-queue.h	0	2	2	0.5
src/test/compile-fail/deriving-span-TotalOrd-enum.rs	7	2	9	0.7631578947368421
src/test/compile-fail/struct-fields-decl-dupe.rs	8	4	12	0.36046511627906974
src/test/pretty/block-comment-trailing-whitespace2.rs	6	2	8	0.4782608695652174
src/librustc_save_analysis/dump_visitor.rs	17	5	22	0.4466145833333333
src/rustdoc/sort_item_type_pass.rs	6	5	11	0.40476190476190477
src/test/compile-fail/transmute-type-parameters.rs	8	3	11	0.5978260869565217
src/test/compile-fail/wf-inherent-impl-method-where-clause.rs	4	2	6	0.7666666666666667
src/test/run-pass/issue-22536-copy-mustnt-zero.rs	5	3	8	0.4444444444444444
src/libcore/rt/io/mod.rs	4	2	6	0.6666666666666666
src/libstd/net/test.rs	9	4	13	0.42990654205607476
src/test/run-pass/native2.rs	6	8	14	0.25
src/libstd/rt/uv/uvio.rs	25	1	26	0.7259786476868327
src/librustc_trans/trans/mir/operand.rs	10	4	14	0.6325301204819277
src/test/run-pass/lib-sha1.rs	0	6	6	0.3888888888888889
mk/cfg/aarch64-unknown-fuchsia.mk	3	3	6	0.6052631578947368
src/test/run-pass/issue-1896-3.rs	0	4	4	0.25
src/test/run-pass/dropck-eyepatch-extern-crate.rs	4	3	7	0.44680851063829785
lifetime-misc.md	0	1	1	1.0
src/libsync/atomic.rs	5	2	7	0.7428571428571429
src/test/run-pass/stat.rs	20	3	23	0.5340659340659341
src/libsyntax/ext/ifmt.rs	5	3	8	0.8023952095808383
src/librustc_back/target/mips_unknown_linux_musl.rs	8	5	13	0.5401785714285714
src/librustc/middle/typeck/astconv.rs	50	2	52	0.7080745341614907
src/test/compile-fail/issue-24968.rs	3	2	5	0.5
src/test/compile-fail/issue-21221-1.rs	5	4	9	0.6826923076923077
src/test/debug-info/issue12886.rs	0	2	2	0.9428571428571428
src/etc/mklldef.py	3	3	6	0.6744186046511628
src/test/compile-fail/feature-gate-abi-vectorcall.rs	6	4	10	0.6119402985074627
src/test/compile-fail/issue-20162.rs	6	3	9	0.456
src/test/run-pass/issue26127.rs	3	2	5	0.56
src/test/codegen/match.rs	1	3	4	0.5517241379310345
src/test/ui/mismatched_types/const-fn-in-trait.rs	2	2	4	0.7083333333333334
src/test/run-pass/cast-rfc0401.rs	3	3	6	0.7619047619047619
src/rustc/syntax/parse/parser.rs	0	6	6	0.3
src/test/run-pass/unique-kinds.rs	17	3	20	0.5547945205479452
src/test/run-pass/issue28498-ugeh-ex1.rs	0	3	3	0.8
src/librustc_trans/monomorphize.rs	18	6	24	0.4176646706586826
src/test/compile-fail/vector-no-ann.rs	21	3	24	0.44324324324324327
src/boot/me/layout.ml	1	2	3	0.8260869565217391
src/test/run-pass/anon-objs.rs	0	4	4	0.4
src/test/debug-info/recursive-struct.rs	9	1	10	0.8928571428571429
src/test/compile-fail/shadowing-in-the-same-pattern.rs	5	3	8	0.56
src/rt/linenoise/utf8.h	0	3	3	0.75
src/test/run-pass/regions-issue-22246.rs	6	4	10	0.35964912280701755
src/lib/ptr.rs	0	10	10	0.2631578947368421
src/doc/tarpl/transmutes.md	0	3	3	0.7435897435897436
src/test/bench/shootout/shootout-threadring.rs	0	2	2	0.8888888888888888
src/test/run-make/graphviz-flowgraph/f24.rs	6	2	8	0.6338028169014085
src/test/run-pass/logging-separate-lines.rs	15	3	18	0.43902439024390244
src/libsyntax/ptr.rs	21	3	24	0.4
src/test/ui/codemap_tests/empty_span.stderr	4	4	8	0.4268292682926829
src/test/compile-fail/trait-cast.rs	2	5	7	0.4090909090909091
src/doc/style/features/modules.md	6	6	12	0.42924528301886794
src/build_helper/lib.rs	7	4	11	0.5398773006134969
src/rt/libuv/src/unix/ev/ev_win32.c	0	1	1	1.0
src/test/run-pass/coherence-negative-impls-safe.rs	5	4	9	0.5535714285714286
src/test/rustdoc/issue-21474.rs	2	3	5	0.4782608695652174
src/test/compile-fail/region-invariant-static-error-reporting.rs	1	4	5	0.5
src/test/compile-fail/dupe-symbols-3.rs	2	4	6	0.5806451612903226
src/librustc/middle/trans/alt.rs	6	3	9	0.2972972972972973
src/test/pretty/attr-fn-inner.rs	6	3	9	0.34285714285714286
src/test/run-pass-fulldeps/plugin-plus-extern-crate.rs	3	3	6	0.6875
src/test/compile-fail/associated-types-for-unimpl-trait.rs	7	4	11	0.3888888888888889
src/test/run-make/c-static-dylib/foo.rs	4	1	5	0.8947368421052632
src/test/run-pass/issue-4092.rs	7	1	8	0.7575757575757576
src/test/run-pass/issue-6470.rs	4	3	7	0.4782608695652174
src/test/run-pass/destructure-array-1.rs	4	3	7	0.35074626865671643
src/test/compile-fail/generic-type-params-name-repr.rs	14	4	18	0.5174825174825175
src/test/compile-fail/move-closure-span.rs	4	4	8	0.5
src/test/compile-fail/implicit-copy-2.rs	0	2	2	0.75
src/test/compile-fail/typeck-default-trait-impl-constituent-types.rs	7	3	10	0.4909090909090909
src/test/compile-fail/comm-not-freeze.rs	10	3	13	0.5338983050847458
src/test/rustdoc/issue-33178-1.rs	2	3	5	0.6904761904761905
src/test/compile-fail/use-uninit.rs	0	7	7	0.4
src/test/compile-fail/issue-32377.rs	2	3	5	0.7352941176470589
src/test/compile-fail/cast-ptr-to-int-const.rs	3	1	4	0.8846153846153846
src/test/run-pass/issue-2312.rs	11	3	14	0.4671814671814672
src/test/run-pass/associated-types-projection-bound-in-supertraits.rs	5	3	8	0.5
src/test/codegen-units/partitioning/aux/cgu_extern_drop_glue.rs	0	1	1	1.0
src/test/run-pass/issue-25700-2.rs	2	3	5	0.6857142857142857
src/librustc_trans/trans/cabi_powerpc.rs	9	5	14	0.3323170731707317
src/test/run-pass/issue-3211.rs	16	2	18	0.6987179487179487
src/test/compile-fail/liveness-assign-imm-local-in-swap.rs	5	2	7	0.7037037037037037
src/test/run-pass/aux/reexported_static_methods.rs	0	1	1	1.0
src/test/run-make/metadata-flag-frobs-symbols/Makefile	1	2	3	0.88
src/rt/libuv/test/test-get-loadavg.c	0	1	1	1.0
src/test/compile-fail/mutable-huh-variance-vec2.rs	4	7	11	0.2894736842105263
src/test/compile-fail/issue-13853-2.rs	7	3	10	0.389937106918239
src/test/compile-fail/tstate-unsat.rs	0	6	6	0.3333333333333333
src/test/run-pass/export-tag-variant.rs	11	4	15	0.35964912280701755
src/librustrt/rtio.rs	6	2	8	0.8617511520737328
src/test/compile-fail/issue-12133-3.rs	2	1	3	0.9302325581395349
src/librustc/middle/trans/context.rs	38	2	40	0.7384481255448997
src/test/compile-fail/issue-2937.rs	14	3	17	0.5514705882352942
src/test/bench/shootout-k-nucleotide.data	4	3	7	0.6666666666666666
src/test/compile-fail/liveness-assign-imm-local-in-op-eq.rs	11	3	14	0.4230769230769231
src/test/run-pass/unique-pat-3.rs	11	4	15	0.5989847715736041
src/tools/rustbook/Cargo.toml	2	3	5	0.55
src/test/run-pass/vec-reverse.rs	0	5	5	0.2857142857142857
src/test/run-pass/issue-6557.rs	6	3	9	0.4276729559748428
src/test/run-pass/aux/fat_drop.rs	0	1	1	1.0
src/test/run-pass/expr-match-struct.rs	10	4	14	0.4074074074074074
src/test/run-pass-fulldeps/macro-crate-multi-decorator-literals.rs	3	3	6	0.5370370370370371
src/comp/middle/inline.rs	0	2	2	0.75
src/test/run-pass/import5.rs	17	5	22	0.4649122807017544
src/test/compile-fail/fully-qualified-type-name2.rs	12	4	16	0.42735042735042733
src/test/compile-fail/E0077.rs	1	4	5	0.48214285714285715
src/librustc_trans/back/write.rs	51	4	55	0.4255502805351748
src/librustc/middle/intrinsicck.rs	37	4	41	0.5046235138705416
src/test/run-pass/issue-3979-2.rs	9	4	13	0.45263157894736844
src/test/compile-fail/unique-pinned-nocopy.rs	22	3	25	0.6039603960396039
src/librustc_typeck/check/method/confirm.rs	35	4	39	0.43763796909492275
src/test/auxiliary/pub_static_array.rs	5	4	9	0.3469387755102041
src/test/run-pass/aux/issue-18501.rs	0	1	1	1.0
src/test/run-pass/enum-nullable-const-null-with-fields.rs	7	3	10	0.4155844155844156
src/doc/trpl/unsafe.md	21	4	25	0.3436123348017621
src/libstd/sys/windows/ext/ffi.rs	4	4	8	0.4177215189873418
src/test/compile-fail/trait-coercion-generic-bad.rs	14	3	17	0.5407725321888412
src/test/run-make/interdependent-c-libraries/Makefile	3	4	7	0.55
src/test/compile-fail/ambig_impl_2_exe.rs	9	3	12	0.7132352941176471
src/test/compile-fail/iface-test-2.rs	0	8	8	0.25
src/test/compile-fail/E0511.rs	1	4	5	0.32608695652173914
src/test/run-pass/empty-allocation-non-null.rs	6	3	9	0.4972375690607735
src/test/run-pass/tuple-index.rs	6	4	10	0.41414141414141414
src/test/compile-fail/move-in-guard-2.rs	4	2	6	0.6440677966101694
.swo	1	2	3	0.8181818181818182
src/test/auxiliary/pub_use_mods_xcrate.rs	8	3	11	0.45161290322580644
src/rustc/syntax/ext/simplext.rs	0	3	3	0.6
mk/cfg/x86_64-apple-ios.mk	11	4	15	0.3891402714932127
src/test/run-pass/issue-5708.rs	12	3	15	0.621301775147929
src/test/compile-fail/typeck_type_placeholder_lifetime_2.rs	9	5	14	0.46540880503144655
src/test/compile-fail/where-clauses-method-unsatisfied.rs	7	4	11	0.36923076923076925
src/test/compile-fail/associated-const-dead-code.rs	2	5	7	0.5333333333333333
src/test/run-fail/binop-fail.rs	13	2	15	0.72
src/liburl/lib.rs	16	2	18	0.8591836734693877
src/test/compile-fail/feature-gate-slice-patterns.rs	0	4	4	0.4
src/libcore/str.rs	73	3	76	0.46972563859981076
src/test/compile-fail/attrs-with-no-formal-in-generics-2.rs	3	4	7	0.5609756097560976
src/test/run-pass/module-polymorphism4-files/trait_.rs	0	1	1	1.0
src/libstd/sys/unix/memchr.rs	4	5	9	0.4666666666666667
src/test/incremental/krate-inherent.rs	3	4	7	0.47058823529411764
src/test/parse-fail/keyword-continue-as-identifier.rs	2	3	5	0.6341463414634146
src/test/run-make/rustdoc-hidden-line/verify.sh	6	3	9	0.33636363636363636
src/libcore/fmt/num.rs	32	4	36	0.4565826330532213
src/librustc/middle/liveness.rs	102	3	105	0.5635444151275286
src/test/compile-fail/issue-1697.rs	16	4	20	0.5215311004784688
src/test/auxiliary/lint_plugin_test.rs	11	4	15	0.43896103896103894
src/test/compile-fail/syntax-extension-fourcc-unsupported-literal.rs	6	1	7	0.8974358974358975
src/test/run-pass/macro-seq-followed-by-seq.rs	2	4	6	0.4583333333333333
src/test/run-fail/vec-overrun.rs	19	4	23	0.4481132075471698
src/test/auxiliary/stability_attribute_issue.rs	6	3	9	0.47413793103448276
src/test/run-pass/trait-inheritance2.rs	10	3	13	0.48148148148148145
src/doc/nomicon/vec-push-pop.md	1	3	4	0.6530612244897959
src/test/auxiliary/issue-12133-dylib.rs	3	4	7	0.5178571428571429
src/test/debuginfo/basic-types.rs	10	3	13	0.43137254901960786
src/test/auxiliary/issue-21801.rs	6	3	9	0.3548387096774194
mk/libuv/x86_64/mac/Makefile-e	0	3	3	0.3333333333333333
src/test/compile-fail/lint-default-type-param-usage.rs	0	2	2	0.92
src/test/run-fail/rt-set-exit-status.rs	14	3	17	0.5171102661596958
src/test/compile-fail/liveness-closure-require-ret.rs	10	2	12	0.6511627906976745
src/rustc/middle/astencode.rs	9	7	16	0.21768707482993196
src/test/run-pass/monomorphize-abi-alignment.rs	9	3	12	0.4919786096256685
src/rt/libuv/src/ev/ev.c	0	2	2	0.5
src/test/run-make/graphviz-flowgraph/f00.dot-expected.dot	0	3	3	0.8666666666666667
src/test/compile-fail/borrowck-anon-fields-tuple.rs	10	3	13	0.6511627906976745
src/test/compile-fail/lint-shorthand-field.rs	4	3	7	0.4864864864864865
src/libcoretest/num/flt2dec/estimator.rs	9	3	12	0.5151515151515151
src/test/run-pass/binops-issue-22743.rs	3	3	6	0.37209302325581395
src/libstd/rt/rtio.rs	21	2	23	0.8115702479338843
src/test/compile-fail/ret-by-reference-specify-param.rs	0	1	1	1.0
src/librustc_mir/transform/clear_dead_blocks.rs	4	2	6	0.7924528301886793
src/test/run-pass/task-comm-chan-cleanup2.rs	0	7	7	0.3888888888888889
src/rt/libuv/src/ares/ares_getenv.c	0	2	2	0.75
src/test/run-pass/trait-default-method-bound-subst2.rs	15	3	18	0.48484848484848486
src/test/compile-fail/panic-runtime/runtime-depend-on-needs-runtime.rs	1	4	5	0.5405405405405406
src/test/bench/task-perf-one-million.rs	27	3	30	0.5417789757412399
src/test/compile-fail/E0197.rs	1	4	5	0.6530612244897959
src/test/run-pass/unsized3.rs	9	3	12	0.42028985507246375
src/test/rustdoc/issue-22025.rs	4	3	7	0.4642857142857143
src/test/parse-fail/doc-before-macro.rs	7	2	9	0.5454545454545454
src/test/run-pass/bitv-perf-test.rs	20	3	23	0.5894495412844036
src/comp/syntax/fold.rs	12	7	19	0.2716049382716049
src/libnative/io/file_unix.rs	13	2	15	0.7489082969432315
src/test/run-pass-fulldeps/auxiliary/issue_16723_multiple_items_syntax_ext.rs	4	5	9	0.2727272727272727
src/test/run-pass/shift-various-types.rs	5	3	8	0.4217687074829932
src/test/rustdoc/issue-20727-2.rs	4	3	7	0.4642857142857143
src/test/run-pass/struct-variant-field-visibility.rs	6	4	10	0.3619047619047619
src/test/run-pass/newtype-struct-drop-run.rs	12	3	15	0.6136363636363636
atomics.md	0	1	1	1.0
src/test/auxiliary/issue_3136_a.rc	8	4	12	0.41935483870967744
src/test/compile-fail/coherence-cow.rs	6	3	9	0.30434782608695654
src/test/run-fail/issue-23354-2.rs	3	3	6	0.40625
src/rt/libuv/src/unix/eio/config_freebsd.h	0	1	1	1.0
src/test/compile-fail/static-mut-not-constant.rs	12	3	15	0.5128205128205128
src/test/run-make/no-duplicate-libs/bar.rs	10	3	13	0.5681159420289855
src/librustc_typeck/check/dropck.rs	28	4	32	0.47950819672131145
src/test/run-pass/issue-24589.rs	2	2	4	0.8181818181818182
src/test/run-make/c-dynamic-rlib/cfoo.c	3	4	7	0.4444444444444444
src/test/run-pass/issue-3026.rs	12	3	15	0.4664179104477612
src/test/compile-fail/alt-tag-unary.rs	7	3	10	0.6285714285714286
src/test/run-pass/issue-21486.rs	6	3	9	0.48598130841121495
src/bootstrap/build/step.rs	7	4	11	0.5433526011560693
src/libstd/os/macos/raw.rs	7	4	11	0.5957446808510638
src/test/compile-fail/deriving-span-PartialOrd-enum-struct-variant.rs	4	3	7	0.5625
src/test/run-pass/issue-18514.rs	6	4	10	0.43795620437956206
src/rt/rust_message.cpp	0	5	5	0.3333333333333333
src/librustc_mir/Cargo.toml	6	4	10	0.4672897196261682
src/test/parse-fail/recover-struct.rs	3	3	6	0.65
src/test/compile-fail/future_not_copyable.rs	4	2	6	0.8073394495412844
src/librustc_back/target/haiku_base.rs	4	4	8	0.3709677419354839
src/doc/trpl/const-and-static.md	6	3	9	0.6477272727272727
mk/cfg/mipsel-unknown-linux-gnu	3	3	6	0.625
src/test/compile-fail/borrowck-pat-enum-in-box.rs	3	5	8	0.2972972972972973
src/librustc_trans/trans/debuginfo/type_names.rs	16	3	19	0.5968028419182948
src/test/compile-fail/assoc-path-2.rs	4	2	6	0.8586956521739131
src/support/Object.cpp	0	1	1	1.0
src/rt/libuv/test/test-get-memory.c	0	2	2	0.75
src/libcoretest/num/dec2flt/rawfp.rs	5	3	8	0.6842105263157895
src/libextra/sync/mutex.rs	0	3	3	0.8
src/test/compile-fail/E0263.rs	2	3	5	0.4020618556701031
src/test/compile-fail/inherent-overlap.rs	5	5	10	0.5470085470085471
src/rt/jemalloc/include/jemalloc/jemalloc_defs.h.in	0	5	5	0.7777777777777778
src/test/run-make/bare-outfile/Makefile	5	3	8	0.5238095238095238
src/test/run-pass-fulldeps/lint-plugin-cmdline-load.rs	6	5	11	0.3469387755102041
src/test/compile-fail/regions-assoc-type-region-bound-in-trait-not-met.rs	5	4	9	0.3333333333333333
src/test/compile-fail/mut-ptr-cant-outlive-ref.rs	9	3	12	0.5859375
src/test/run-pass/self-type-param.rs	10	3	13	0.36538461538461536
src/test/run-pass/block-arg-can-be-followed-by-binop.rs	14	2	16	0.7156862745098039
src/rt/empty.c	1	3	4	0.4146341463414634
src/test/run-make/windows-subsystem/windows.rs	0	2	2	0.8076923076923077
src/test/rustdoc/inline_cross/issue-31948-2.rs	3	2	5	0.7741935483870968
src/test/run-pass/hrtb-fn-like-trait-object.rs	5	3	8	0.325
src/test/compile-fail/mutable-huh-vec-assign.rs	5	3	8	0.35
src/test/compile-fail/syntax-extension-bytes-too-small-integer-literal.rs	4	2	6	0.8048780487804879
src/rt/libuv/test/fixtures/empty_file	0	2	2	0.75
src/libserialize/collection_impls.rs	18	4	22	0.4405594405594406
src/test/run-pass/issue-25497.rs	2	2	4	0.8
src/test/run-pass/sepcomp-lib.rs	4	3	7	0.40384615384615385
src/test/run-pass/let-destruct.rs	7	2	9	0.71875
src/test/compile-fail/wf-in-fn-where-clause.rs	4	2	6	0.7666666666666667
src/comp/middle/trans_alt.rs	13	5	18	0.37815126050420167
src/test/run-fail/glob-use-std.rs	9	4	13	0.5913978494623656
src/test/compile-fail/trait-impl-2.rs	2	3	5	0.34545454545454546
src/test/compile-fail/regions-fn-bound.rs	11	3	14	0.4460431654676259
src/test/compile-fail/trait-bounds-cant-coerce.rs	12	4	16	0.4925373134328358
src/test/stdtest/str_buf.rs	0	4	4	0.5
mk/cfg/x86_64-apple-darwin.mk	6	5	11	0.5619834710743802
src/test/debug-info/lexical-scope-with-macro.rs	8	1	9	0.9152542372881356
src/test/run-pass/cci_nested_exe.rs	18	3	21	0.6072874493927125
src/test/ui/span/issue-24690.rs	2	4	6	0.40476190476190477
src/test/run-pass/project-cache-issue-31849.rs	3	4	7	0.48936170212765956
src/test/ui/codemap_tests/overlapping_spans.rs	4	4	8	0.4268292682926829
src/test/run-pass/issue-6892.rs	6	4	10	0.3483606557377049
src/test/run-pass/issue-17662.rs	5	3	8	0.424390243902439
raii.md	0	1	1	1.0
src/test/run-pass/aux/weak-lang-items.rs	0	1	1	1.0
src/test/run-pass/module-polymorphism2-files/float-template/template.rs	0	2	2	0.8571428571428571
src/test/run-pass/issue-10392.rs	4	3	7	0.4
src/test/run-pass/deprecated-macro_escape-inner.rs	5	4	9	0.2909090909090909
src/test/compile-fail-fulldeps/aux/use_from_trait_xc.rs	0	1	1	1.0
src/test/compile-fail/E0252.rs	2	4	6	0.47540983606557374
src/test/codegen-units/item-collection/generic-functions.rs	3	4	7	0.46808510638297873
src/test/compile-fail/mode-inference-fail.rs	5	5	10	0.52
src/test/run-pass/tag-variant-disr-type-mismatch.rs	5	3	8	0.4418604651162791
src/test/run-fail/divide-by-zero.rs	21	4	25	0.43508771929824563
src/comp/middle/trans_vec.rs	8	4	12	0.41935483870967744
src/test/compile-fail/auto-ref-borrowck-failure.rs	4	3	7	0.7611940298507462
src/test/compile-fail/macro-followed-by-seq-bad.rs	2	2	4	0.6216216216216216
src/test/run-pass/ternary.rs	0	4	4	0.625
src/test/run-pass/issue-1974.rs	9	3	12	0.4639175257731959
src/doc/book/operators-and-overloading.md	1	5	6	0.4731182795698925
src/test/compile-fail/removed-syntax-larrow-move.rs	6	4	10	0.504950495049505
src/test/parse-fail/issue-14303-path.rs	6	3	9	0.6296296296296297
src/test/incremental/foreign.rs	2	3	5	0.40816326530612246
src/test/compile-fail/issue-28450-1.rs	0	1	1	1.0
src/libcore/num/uint.rs	7	3	10	0.3756345177664975
src/test/compile-fail/regions-trait-variance.rs	6	2	8	0.631578947368421
src/test/run-pass/mir_build_match_comparisons.rs	5	4	9	0.6132075471698113
src/test/compile-fail/issue-28992-empty.rs	6	4	10	0.5405405405405406
src/test/run-pass/variant-structs-trivial.rs	9	4	13	0.40625
src/test/run-pass/auxiliary/weak-lang-items.rs	0	1	1	1.0
src/librustdoc/html/static/Heuristica-Italic.woff	0	1	1	1.0
src/test/run-make/mixing-formats/foo.rs	0	3	3	0.8823529411764706
src/test/run-pass/liveness-loop-break.rs	9	2	11	0.6710526315789473
src/test/run-pass/panic-recover-propagate.rs	6	4	10	0.6011560693641619
src/test/compile-fail/privacy/restricted/tuple-struct-fields/test2.rs	1	6	7	0.3977272727272727
src/librustc_incremental/persist/dirty_clean.rs	6	6	12	0.41479099678456594
src/test/compile-fail/coherence-cow-no-cover.rs	6	3	9	0.34911242603550297
src/test/run-make/libs-and-bins/Makefile	3	3	6	0.6
src/test/compile-fail/deriving-span-TotalEq-struct.rs	7	2	9	0.7631578947368421
src/libserialize/serialize_stage0.rs	1	2	3	0.7714285714285715
src/test/stdtest/vec.rs	5	6	11	0.36363636363636365
src/test/compile-fail-fulldeps/rustc-macro/two-crate-types-1.rs	4	4	8	0.5694444444444444
src/test/codegen-units/item-collection/trait-method-default-impl.rs	2	3	5	0.5692307692307692
src/test/compile-fail/issue-1448-1.rs	0	8	8	0.3125
doc/tutorial-container.md	8	2	10	0.8849557522123894
src/test/run-pass/env-args-reverse-iterator.rs	5	4	9	0.35
src/librustdoc/pass.rs	10	4	14	0.6631016042780749
src/test/run-pass/impl-trait/auto-trait-leak.rs	1	3	4	0.3870967741935484
src/rt/jemalloc/src/util.c	0	5	5	0.7777777777777778
src/test/codegen-units/overloaded-operators.rs	2	3	5	0.4793388429752066
src/tools/rustbook/main.rs	7	5	12	0.41317365269461076
src/boot/driver/session.ml	1	1	2	0.9565217391304348
src/test/run-fail/rt-set-exit-status-fail.rs	15	2	17	0.6592592592592592
src/librustc/ty/walk.rs	9	5	14	0.3643122676579926
src/test/compile-fail/pinned-deep-copy.rs	16	3	19	0.7371794871794872
src/libcollections/str.rs	86	4	90	0.4746268656716418
src/librustc/dep_graph/dep_node.rs	9	5	14	0.4697674418604651
doc/po/ja/guide-lifetimes.md.po	3	1	4	0.9117647058823529
src/libsync/comm/oneshot.rs	5	3	8	0.56
src/rt/test/rust_test_util.cpp	0	4	4	0.2857142857142857
src/test/compile-fail/invalid-path-in-const.rs	7	3	10	0.5441176470588235
src/test/compile-fail/import-shadow-6.rs	8	3	11	0.49230769230769234
src/libstd/rt/io/support.rs	4	1	5	0.8979591836734694
src/test/run-pass/alt-implicit-copy-unique.rs	4	5	9	0.38181818181818183
src/test/compile-fail/loops-reject-lifetime-shadowing-label.rs	7	4	11	0.45348837209302323
src/test/run-pass/issue-2288.rs	20	3	23	0.47352941176470587
src/test/compile-fail/fail-no-dead-code-core.rs	8	4	12	0.5105263157894737
src/test/run-fail/unwind-tup2.rs	11	2	13	0.7862595419847328
src/test/compile-fail/typeck-default-trait-impl-outside-crate.rs	8	3	11	0.4074074074074074
src/test/compile-fail/export.rs	7	5	12	0.32432432432432434
src/test/run-pass/issue-10734.rs	11	3	14	0.45353159851301117
src/librustc/middle/infer/glb.rs	10	4	14	0.4232456140350877
src/doc/book/README.md	3	4	7	0.5789473684210527
src/libstd/nil.rs	7	2	9	0.7878787878787878
src/test/run-pass/specialization-allowed-cross-crate.rs	0	1	1	1.0
src/test/run-pass/trait-cast-generic.rs	4	2	6	0.5942028985507246
src/rt/jemalloc/src/jemalloc.c	0	5	5	0.7777777777777778
src/comp/back/x86.rs	8	6	14	0.359375
src/test/stdtest/path.rs	0	6	6	0.35714285714285715
src/test/run-pass/traits-multidispatch-infer-convert-source-and-target.rs	3	2	5	0.4909090909090909
src/test/compile-fail/issue-19086.rs	6	4	10	0.5760869565217391
src/test/run-make/issue-14698/Makefile	1	3	4	0.5945945945945946
src/rt/libuv/test/test-tcp-bind-error.c	0	1	1	1.0
src/test/run-pass/issue-17904.rs	5	3	8	0.4375
src/test/run-pass/lang-item-public.rs	15	4	19	0.40804597701149425
src/rt/libuv/test/test-pass-always.c	0	3	3	0.6
src/librustc_typeck/check/op.rs	23	5	28	0.490272373540856
src/libstd/memchr.rs	10	5	15	0.5539033457249071
src/rt/libuv/ev/ltmain.sh	0	2	2	0.5
src/test/bench/core-vec-append.rs	6	9	15	0.22807017543859648
src/test/compile-fail/borrowck-pure-scope-in-call.rs	5	5	10	0.3333333333333333
src/test/compile-fail/deriving-span-Hash-tuple-struct.rs	5	4	9	0.7111111111111111
src/libstd/comm/stream.rs	4	3	7	0.5970149253731343
src/test/run-pass/issue-3121.rs	18	4	22	0.47297297297297297
src/test/compile-fail/private-method-cross-crate.rs	7	4	11	0.5769230769230769
src/test/run-pass/reachable-unnameable-type-alias.rs	1	3	4	0.8055555555555556
src/test/run-fail/call-fn-never-arg.rs	2	5	7	0.3695652173913043
src/test/run-pass/issue-21909.rs	5	3	8	0.5873015873015873
src/test/run-pass/issue-4545.rs	8	3	11	0.5670731707317073
src/test/run-pass/issue-23958.rs	0	1	1	1.0
src/test/run-pass/anon-obj-overriding.rs	0	4	4	0.375
src/doc/trpl/src/looping.md	0	2	2	0.9
src/test/compile-fail/issue-1920-3.rs	5	3	8	0.5714285714285714
src/doc/style/features/traits/extensions.md	4	6	10	0.2111111111111111
src/test/compile-fail/bind-parameterized-args.rs	0	5	5	0.2
src/librustc/middle/trans/reflect.rs	41	1	42	0.7955764075067024
src/test/parse-fail/lex-bad-char-literals-4.rs	2	3	5	0.6285714285714286
src/librustc_trans/intrinsic.rs	23	6	29	0.43050430504305043
src/test/compile-fail/typeck-default-trait-impl-send-param.rs	5	3	8	0.5647058823529412
src/test/run-pass/borrowck-wg-borrow-mut-to-imm-3.rs	5	3	8	0.6881720430107527
src/test/compile-fail/extern-crate-visibility.rs	5	4	9	0.5573770491803278
src/rustdoc_ng/html/static/main.css	0	2	2	0.8666666666666667
src/librustc/infer/lub.rs	6	5	11	0.3403141361256545
src/test/compile-fail/native-unsafe-fn.rs	0	5	5	0.5
src/rt/libuv/src/eio/config_sunos.h	0	3	3	0.3333333333333333
src/test/compile-fail/issue-29147.rs	3	3	6	0.5285714285714286
src/test/run-pass/foreign-fn-linkname.rs	22	3	25	0.48324514991181655
src/test/run-pass/temporary-lifetime-for-conditions.rs	3	1	4	0.8695652173913043
src/rustdoc_ng/clean.rs	0	3	3	0.8372093023255814
src/test/run-pass-valgrind/dst-dtor-2.rs	5	4	9	0.49390243902439024
src/test/compile-fail/no_freeze-enum.rs	3	1	4	0.8928571428571429
src/test/compile-fail/E0205.rs	5	4	9	0.3435114503816794
src/libstd/base64.rs	23	4	27	0.5546218487394958
src/libstd/sync/rwlock.rs	38	4	42	0.4371014492753623
src/test/compile-fail/associated-types/bound-lifetime-in-return-only.rs	1	4	5	0.4318181818181818
src/rt/main0.ll.in	0	1	1	1.0
src/comp/middle/trans/common.rs	6	3	9	0.5348837209302325
src/test/codegen-units/partitioning/regular-modules.rs	3	3	6	0.6535433070866141
src/test/run-pass/unix-process-spawn-errno.rs	3	2	5	0.5492957746478874
src/test/run-pass/issue-29540.rs	1	3	4	0.575
src/test/run-pass/lint-expr-stmt-attrs-for-early-lints.rs	0	4	4	0.6666666666666666
src/test/compile-fail/unop-move-semantics.rs	4	2	6	0.580952380952381
src/test/run-pass/lib-vec-str-conversions.rs	0	6	6	0.4166666666666667
src/test/compile-fail-fulldeps/rustc-macro/define-two.rs	4	4	8	0.5694444444444444
src/test/run-pass/unique-move-temp.rs	13	3	16	0.43781094527363185
doc/README	6	3	9	0.7321428571428571
src/librustc/middle/freevars.rs	24	2	26	0.7550744248985115
src/libcore/rt/io/blocking/file.rs	0	1	1	1.0
src/libstd/io/cursor.rs	26	5	31	0.422680412371134
src/test/run-pass/issue-3109.rs	7	2	9	0.703125
src/libstd/num/int-template/i32.rs	0	2	2	0.875
src/librustc_back/mipsel.rs	10	4	14	0.3865546218487395
src/test/compile-fail/panic-runtime/bad-panic-flag2.rs	1	4	5	0.5405405405405406
src/test/run-pass-fulldeps/rustc-macro/derive-same-struct.rs	4	4	8	0.5694444444444444
src/test/run-pass/lib-vec.rs	0	6	6	0.3888888888888889
src/test/run-pass/issue-23261.rs	3	3	6	0.6739130434782609
src/test/run-pass/auxiliary/issue13507.rs	4	3	7	0.6
src/test/run-make/pretty-expanded/input.rs	4	3	7	0.38235294117647056
src/test/compile-fail/E0453.rs	2	4	6	0.34782608695652173
src/test/compile-fail/issue-22886.rs	6	4	10	0.42857142857142855
src/test/parse-fail/lex-bad-numeric-literals.rs	6	4	10	0.40336134453781514
src/test/compile-fail/stage0-clone-contravariant-lifetime.rs	2	3	5	0.4745762711864407
src/test/run-pass/associated-types-constant-type.rs	6	3	9	0.38288288288288286
src/test/debuginfo/option-like-enum.rs	18	4	22	0.49777777777777776
src/libcore/num/i32.rs	11	4	15	0.5032258064516129
src/test/auxiliary/crateresolve1-1.rs	11	4	15	0.5513513513513514
src/test/run-pass/associated-types-ref-from-struct.rs	4	3	7	0.6140350877192983
src/test/compile-fail/privacy1.rs	15	5	20	0.5779661016949152
src/test/compile-fail/removed-syntax-uniq-mut-ty.rs	9	3	12	0.5255102040816326
src/librustc_back/mips.rs	10	4	14	0.3865546218487395
src/test/rustdoc/duplicate_impls/issue-33054.rs	2	3	5	0.6341463414634146
src/libcoretest/num/u64.rs	4	2	6	0.5227272727272727
src/test/compile-fail/feature-gate-prelude_import.rs	3	3	6	0.42424242424242425
src/librustc_front/lowering.rs	16	3	19	0.6072289156626506
src/test/run-pass/trait-inheritance-simple.rs	12	3	15	0.40853658536585363
src/libstd/hash/sip.rs	10	1	11	0.8920454545454546
src/test/compile-fail/borrowck-struct-update-with-dtor.rs	9	3	12	0.7396449704142012
src/test/auxiliary/xcrate_unit_struct.rs	9	4	13	0.42160278745644597
src/test/run-pass/operator-overloading.rs	21	3	24	0.42115768463073855
src/test/run-pass/propagate-expected-type-through-block.rs	6	3	9	0.7333333333333333
src/rt/jemalloc/include/jemalloc/internal/qr.h	3	2	5	0.8
references.md	0	1	1	1.0
src/test/run-pass/aux/issue-4208-cc.rs	0	1	1	1.0
src/test/compile-fail/trait-safety-trait-impl-cc.rs	6	5	11	0.381294964028777
src/rustc/middle/last_use.rs	3	6	9	0.1935483870967742
src/test/compile-fail/fn-bare-generic-instantiate2.rs	0	2	2	0.6666666666666666
src/rt/libuv/src/unix/ev/configure.ac	0	1	1	1.0
src/test/run-make/extern-fn-struct-passing-abi/test.c	0	4	4	0.6415094339622641
src/test/run-pass/issue-3220.rs	10	5	15	0.39855072463768115
src/test/codegen-units/statics-and-consts.rs	1	3	4	0.5925925925925926
src/libcore/sync/mod.rs	0	2	2	0.5
src/etc/vim/ftplugin/rust.vim	7	2	9	0.7587939698492462
src/librustc_mir/build/scope.rs	26	4	30	0.529126213592233
src/test/compile-fail/issue-37534.rs	1	2	3	0.7272727272727273
src/test/run-pass/obj-self-2.rs	0	7	7	0.3076923076923077
src/test/compile-fail/no_share-enum.rs	11	4	15	0.5049019607843137
src/test/compile-fail/auxiliary/needs_allocator.rs	0	1	1	1.0
src/test/compile-fail/trait-impl-1.rs	9	3	12	0.42391304347826086
src/test/compile-fail/const-unsized.rs	8	4	12	0.4838709677419355
src/test/compile-fail/rfc1623.rs	2	5	7	0.4942528735632184
src/rustllvm/PassWrapper.cpp	25	4	29	0.627906976744186
src/librustc_trans/trans/intrinsic.rs	40	4	44	0.4753846153846154
src/test/run-pass/macro-attributes.rs	10	5	15	0.46060606060606063
src/test/run-pass/regions-early-bound-used-in-type-param.rs	8	3	11	0.3537117903930131
src/test/compile-fail/E0438.rs	6	4	10	0.42857142857142855
src/librustdoc/html/render.rs	101	4	105	0.521326131495623
src/test/compile-fail/dst-bad-coercions.rs	6	5	11	0.470873786407767
src/test/auxiliary/crateresolve2-3.rs	9	1	10	0.8518518518518519
src/test/run-pass/foreach-nested.rs	23	3	26	0.38108882521489973
src/test/run-pass/issue-30018-nopanic.rs	2	3	5	0.45652173913043476
src/test/run-pass/coherence-iterator-vec.rs	4	3	7	0.5866666666666667
src/test/run-pass/issue-3521.rs	0	1	1	1.0
src/test/run-pass/import2.rs	13	4	17	0.5463917525773195
src/test/run-make/debug-assertions/Makefile	4	4	8	0.40186915887850466
src/doc/nomicon/atomics.md	3	3	6	0.7413793103448276
src/rusti/rl.rs	0	1	1	1.0
src/test/rustdoc/issue-30109.rs	2	2	4	0.8
src/test/parse-fail/struct-literal-in-while.rs	9	3	12	0.6127167630057804
src/test/parse-fail/use-as-where-use-ends-with-mod-sep.rs	5	3	8	0.36619718309859156
src/libregex/testdata/repetition.dat	2	4	6	0.5686274509803921
src/test/compile-fail/issue-17431-4.rs	7	3	10	0.5307692307692308
mk/cfg/x86_64-unknown-dragonfly.mk	7	4	11	0.4608695652173913
src/rt/jemalloc/src/bitmap.c	0	5	5	0.7777777777777778
src/libstd/net_tcp.rs	34	5	39	0.4069767441860465
src/rt/arch/mips/context.cpp	2	2	4	0.85
src/test/compile-fail/issue-22037.rs	5	3	8	0.6811594202898551
src/test/compile-fail/not-panic-safe-2.rs	4	4	8	0.697841726618705
src/test/compile-fail/attrs-with-no-formal-in-generics-1.rs	3	4	7	0.5609756097560976
src/test/compile-fail/regions-bounded-method-type-parameters-trait-bound.rs	5	3	8	0.47058823529411764
src/test/run-pass/traits-issue-22655.rs	4	3	7	0.39436619718309857
src/test/auxiliary/svh-a-redundant-cfg.rs	7	4	11	0.38666666666666666
src/test/compile-fail/issue-22384.rs	7	2	9	0.5443037974683544
src/test/run-pass/pure-sum.rs	13	3	16	0.3962962962962963
src/doc/style/features/traits/common.md	5	6	11	0.4303030303030303
src/test/compile-fail/gated-simd-ffi.rs	4	4	8	0.41935483870967744
src/test/run-pass/issue-17718-parse-const.rs	3	3	6	0.37142857142857144
src/rt/rust_rng.h	3	2	5	0.8703703703703703
src/test/run-pass/self-in-mut-slot-default-method.rs	8	3	11	0.44660194174757284
src/test/bench/shootout-pfib.rs	43	4	47	0.526818515797208
src/librustc_incremental/persist/README.md	2	3	5	0.6285714285714286
src/test/incremental/struct_change_field_type_cross_crate/b.rs	3	4	7	0.4725274725274725
src/librustc_typeck/check/callee.rs	35	5	40	0.4491626794258373
src/test/run-pass/rec-tup.rs	13	3	16	0.3347107438016529
src/test/run-pass/auxiliary/augmented_assignments.rs	0	2	2	0.6666666666666666
src/libstd/sync/future.rs	19	3	22	0.3875
src/test/compile-fail/borrowck-insert-during-each.rs	13	2	15	0.6216216216216216
src/test/run-make/bootstrap-from-c-with-native/main.c	2	2	4	0.6666666666666666
vec-alloc.md	0	1	1	1.0
src/test/compile-fail/gated-bad-feature.rs	4	3	7	0.660377358490566
src/test/compile-fail/deriving-span-Hash-enum-struct-variant.rs	5	4	9	0.7111111111111111
src/test/debuginfo/method-on-enum.rs	18	4	22	0.435665914221219
src/librustc_data_structures/graph/mod.rs	11	4	15	0.5840220385674931
src/librustc/cfg/mod.rs	3	3	6	0.39655172413793105
src/test/incremental/struct_change_field_type.rs	3	4	7	0.4725274725274725
src/test/run-pass/issue-1460.rs	9	3	12	0.48314606741573035
src/test/run-pass/asm-in-out-operand.rs	8	3	11	0.4592274678111588
src/test/compile-fail-fulldeps/rustc-macro/export-macro.rs	4	4	8	0.5694444444444444
src/rt/rust_upcall.c	2	3	5	0.8
src/librustc/middle/subst.rs	41	4	45	0.5106382978723404
src/test/compile-fail/borrowck-call-sendfn.rs	8	3	11	0.4778761061946903
src/test/run-fail/borrowck-wg-fail-3.rs	5	2	7	0.8620689655172413
src/test/compile-fail/trailing-carriage-return-in-string.rs	3	4	7	0.2878787878787879
src/libstd/sys/windows/net.rs	14	4	18	0.5012658227848101
src/test/codegen-units/items-within-generic-items.rs	1	3	4	0.5925925925925926
src/libgreen/context.rs	15	2	17	0.7798165137614679
src/libstd/sys/windows/ext/process.rs	8	4	12	0.5309446254071661
src/test/compile-fail/extfmt-unsigned-space.rs	10	3	13	0.5
src/test/run-pass/auto-instantiate.rs	16	3	19	0.5797665369649806
src/test/ui/compare-method/trait-bound-on-type-parameter.stderr	1	2	3	0.6764705882352942
src/tools/compiletest/src/main.rs	15	7	22	0.4179389312977099
src/rt/libuv/src/unix/eio/eio.c	0	2	2	0.75
src/libstd/sys/unix/process.rs	41	4	45	0.40455531453362253
src/libsyntax/ext/ident_to_str.rs	3	5	8	0.3076923076923077
mk/libuv/ia32/unix/src/rt/libuv/uv.target.mk	0	2	2	0.5
src/librustc_trans/back/linker.rs	22	4	26	0.5356695869837297
src/test/compile-fail/issue-16465.rs	4	3	7	0.4714285714285714
src/libstd/os/android/mod.rs	5	3	8	0.6602564102564102
src/librand/reseeding.rs	24	3	27	0.4252988047808765
src/test/run-pass/arith-0.rs	12	4	16	0.528
src/test/auxiliary/svh-uta-change-use-trait.rs	5	4	9	0.4552238805970149
src/test/run-pass/expr-match-generic-box2.rs	8	2	10	0.8580645161290322
src/test/compile-fail/issue-10545.rs	4	3	7	0.6851851851851852
src/libcore/cast.rs	15	3	18	0.6467661691542289
src/test/run-pass/enum-clike-ffi-as-int.rs	8	4	12	0.435
src/comp/syntax/ext/expand.rs	6	6	12	0.22950819672131148
src/test/codegen/static-method-call-multi.rs	5	3	8	0.5855855855855856
src/test/compile-fail/issue-18389.rs	11	5	16	0.4
src/test/run-pass/class-cast-to-iface-cross-crate-2.rs	0	7	7	0.2
src/test/compile-fail/dep-graph-trait-impl-two-traits-same-method.rs	4	3	7	0.532258064516129
src/test/compile-fail/E0054.rs	0	4	4	0.45652173913043476
src/test/run-pass/aux/extern_mod_ordering_lib.rs	0	1	1	1.0
src/test/compile-fail/associated-const-private-impl.rs	6	5	11	0.4936708860759494
src/test/run-pass/associated-const-match-patterns.rs	7	4	11	0.4965986394557823
src/test/run-pass/regions-assoc-type-static-bound.rs	5	4	9	0.3404255319148936
src/test/run-pass-fulldeps/macro-crate-multi-decorator.rs	2	4	6	0.5882352941176471
src/doc/trpl/lifetimes.md	16	3	19	0.6129666011787819
src/test/compile-fail/empty-struct-unit-expr.rs	3	3	6	0.6617647058823529
src/test/compile-fail/lint-unknown-lint.rs	4	3	7	0.7368421052631579
src/test/rustdoc/issue-34928.rs	3	5	8	0.45454545454545453
src/libsyntax/ext/placeholders.rs	5	5	10	0.5365853658536586
src/test/compile-fail/issue-23122-1.rs	1	5	6	0.525
src/libstd/old_io/comm_adapters.rs	7	3	10	0.3871951219512195
src/libcoretest/num/dec2flt/mod.rs	7	2	9	0.7818181818181819
src/test/run-pass/never_coercions.rs	0	1	1	1.0
src/test/compile-fail/tag-exports-2.rs	0	5	5	0.3333333333333333
src/test/run-pass/coherence-bigint-int.rs	4	3	7	0.6091954022988506
src/libcore/semver.rs	0	1	1	1.0
src/rt/libuv/src/ares/ares__close_sockets.c	0	3	3	0.6
src/test/run-pass/issue-24227.rs	2	3	5	0.6
src/test/run-pass/generic-extern-mangle.rs	8	3	11	0.4121212121212121
src/test/compile-fail/ufcs-qpath-self-mismatch.rs	11	3	14	0.39226519337016574
src/test/run-pass/tydesc-name.rs	9	3	12	0.46502057613168724
src/bootstrap/dist.rs	10	3	13	0.5
src/test/compile-fail/regions-free-region-ordering-incorrect.rs	5	2	7	0.7941176470588235
src/test/compile-fail/unresolved-import-recovery.rs	3	5	8	0.425531914893617
src/test/bench/rt/msgsend-ring-rw-arcs.rs	0	2	2	0.8888888888888888
src/doc/style/changing/unclear.md	4	4	8	0.4307692307692308
src/test/run-pass/privacy1.rs	3	3	6	0.5
src/libstd/num/mod.rs	44	3	47	0.5202558635394456
src/test/run-pass/intrinsic-atomics.rs	21	3	24	0.5195530726256983
src/test/compile-fail/gated-unsafe-destructor.rs	4	3	7	0.42990654205607476
src/test/run-make/extern-flag-disambiguates/b.rs	3	3	6	0.7142857142857143
src/test/run-pass/unboxed-closures-sugar-1.rs	0	4	4	0.4166666666666667
src/test/run-pass/issue-2190-1.rs	14	6	20	0.46352941176470586
src/libstd/primitive_docs.rs	21	4	25	0.5159313725490197
src/test/run-pass/alt-tag.rs	9	4	13	0.4852941176470588
src/libstd/uint.rs	0	1	1	1.0
src/doc/trpl/syntax-and-semantics.md	3	4	7	0.5054945054945055
src/doc/nomicon/unwinding.md	1	3	4	0.6530612244897959
src/test/run-pass/associated-types-ref-in-struct-literal.rs	5	3	8	0.3503184713375796
src/test/compile-fail/auxiliary/variant-namespacing.rs	0	1	1	1.0
src/rt/jemalloc/include/msvc_compat/inttypes.h	3	2	5	0.8
src/test/compile-fail/issue-2163.rs	0	3	3	0.5
src/librustpkg/messages.rs	9	1	10	0.85
src/test/run-pass/expr-block-slot.rs	11	3	14	0.30303030303030304
src/test/compile-fail-fulldeps/proc-macro/cannot-link.rs	0	3	3	0.3333333333333333
src/libcoretest/atomics.rs	2	2	4	0.7428571428571429
src/test/run-pass/repeat-expr-in-static.rs	7	3	10	0.47474747474747475
src/test/run-fail/overflowing-rsh-2.rs	14	5	19	0.3288590604026846
src/libstd/os/dragonfly/mod.rs	4	4	8	0.5689655172413793
src/librustsyntax/ext/expand.rs	0	9	9	0.3333333333333333
src/rt/libuv/src/ares/config_linux/ares_config.h	0	4	4	0.5
src/librustrt/args.rs	11	3	14	0.6011396011396012
src/test/bench/shootout/shootout-fannkuch-redux.rs	0	2	2	0.8888888888888888
doc/lib/codemirror-rust.js	5	4	9	0.4074074074074074
src/test/run-fail/unique-panic.rs	7	4	11	0.44761904761904764
src/test/compile-fail/associated-types-binding-to-type-defined-in-supertrait.rs	2	2	4	0.82
src/libcore/clone.rs	32	4	36	0.47692307692307695
src/Cargo.toml	4	4	8	0.45
src/librustc_back/target/x86_64_sun_solaris.rs	10	4	14	0.5666666666666667
src/test/compile-fail/E0442.rs	1	4	5	0.39655172413793105
src/test/compile-fail/object-does-not-impl-trait.rs	10	3	13	0.5251396648044693
src/test/compile-fail/issue13359.rs	3	2	5	0.8548387096774194
src/libstd/thread/scoped.rs	0	3	3	0.3548387096774194
src/test/auxiliary/static-function-pointer-aux.rs	7	4	11	0.5833333333333334
mk/libuv/mips/unix/linux/src/libuv/uv.Makefile	0	3	3	0.8
src/test/parse-fail/trait-pub-assoc-const.rs	4	3	7	0.5
src/etc/gdb_load_rust_pretty_printers.py	3	2	5	0.75
src/test/compile-fail/associated-types-in-ambiguous-context.rs	9	5	14	0.35384615384615387
src/test/incremental/struct_change_field_name.rs	8	4	12	0.46153846153846156
doc/guide-ffi.md	5	2	7	0.8333333333333334
src/doc/guide-strings.md	11	3	14	0.5364431486880467
src/doc/trpl/dining-philosophers.md	17	3	20	0.6005025125628141
src/rustc/middle/typeck/regionck.rs	0	1	1	1.0
src/test/auxiliary/fn-abi.rs	3	3	6	0.45454545454545453
doc/po/ja/index.md.po	2	1	3	0.9090909090909091
src/test/run-pass/anon-extern-mod.rs	12	2	14	0.5972222222222222
src/libcollections/enum_set.rs	34	3	37	0.4344209852847089
src/etc/latest-unix-snaps.py	12	3	15	0.5384615384615384
src/test/compile-fail/debug-correct-span.rs	0	2	2	0.9166666666666666
src/test/compile-fail/fully-qualified-type-name3.rs	9	4	13	0.49122807017543857
src/test/compile-fail/aux/stability_cfg2.rs	0	1	1	1.0
src/test/run-pass/issue-3860.rs	9	2	11	0.7559055118110236
src/test/compile-fail/borrowck-borrow-mut-base-ptr-in-aliasable-loc.rs	11	2	13	0.5058139534883721
src/test/run-pass/issue-13494.rs	12	3	15	0.42757009345794394
src/test/run-pass/issue-16264.rs	3	2	5	0.782608695652174
src/test/run-pass/issue-2472.rs	6	4	10	0.3888888888888889
src/librustc/middle/trans/reachable.rs	14	4	18	0.625
src/librustdoc/passes/strip_priv_imports.rs	4	4	8	0.36507936507936506
src/test/auxiliary/static_fn_inline_xc_aux.rs	10	4	14	0.45121951219512196
src/test/run-pass-fulldeps/rustc_encodable_hygiene.rs	2	3	5	0.44642857142857145
src/librustc/middle/infer/higher_ranked/doc.rs	6	3	9	0.47333333333333333
src/test/run-pass/anon-obj-backwarding-2.rs	0	3	3	0.4
src/test/auxiliary/issue_3882.rs	1	5	6	0.7352941176470589
src/libcore/num/float.rs	15	2	17	0.7072368421052632
src/test/bench/shootout-spectralnorm.rs	50	3	53	0.5772482705611068
src/lib/uv.rs	0	3	3	0.3333333333333333
src/libstd/sys/unix/args.rs	3	5	8	0.5641025641025641
src/test/auxiliary/svh-a-change-type-static.rs	7	4	11	0.38666666666666666
src/test/run-pass/multiple-trait-bounds.rs	10	3	13	0.4444444444444444
src/test/compile-fail/regions-close-over-borrowed-ref-in-obj.rs	4	3	7	0.4342105263157895
src/test/auxiliary/struct_field_privacy.rs	5	4	9	0.43089430894308944
src/test/run-pass/issue-10031.rs	5	3	8	0.42028985507246375
src/test/run-pass/issue-25916.rs	2	3	5	0.7058823529411765
src/test/compile-fail/aux/issue-21146-inc.rs	0	1	1	1.0
src/libstd/os/haiku/mod.rs	4	4	8	0.40384615384615385
src/librustc/ty/error.rs	11	6	17	0.3881578947368421
src/test/run-pass/issue-1866.rs	10	4	14	0.375
src/test/run-pass/expr-if-fail.rs	14	2	16	0.6428571428571429
src/libextra/json.rs	31	1	32	0.8220588235294117
src/test/run-pass/impl-trait/equality.rs	1	3	4	0.3870967741935484
src/test/run-pass/default-method-parsing.rs	4	3	7	0.4105263157894737
src/test/compile-fail/regions-ret.rs	7	3	10	0.7142857142857143
src/cargo.rs	0	2	2	0.5
src/test/run-pass/issue-980.rs	6	4	10	0.7241379310344828
src/test/run-pass/anon-obj-degenerate.rs	0	5	5	0.4444444444444444
src/librustsyntax/parse.rs	0	7	7	0.29411764705882354
src/comp/middle/mut.rs	4	5	9	0.44776119402985076
src/libstd/io/fs.rs	44	2	46	0.5667915106117354
src/test/run-pass/crateresolve4.rs	10	1	11	0.7662337662337663
src/test/rustdoc/trait-self-link.rs	3	2	5	0.675
src/test/run-pass/lint-structural-records.rs	2	5	7	0.5416666666666666
src/test/compile-fail/bad-tag-export-3.rs	0	5	5	0.375
src/test/compile-fail/missing-return.rs	8	4	12	0.575
src/test/run-pass/private-class-field.rs	13	3	16	0.3346456692913386
src/test/run-pass/auxiliary/cgu_test_a.rs	0	3	3	0.5
src/test/compile-fail/unsupported-cast.rs	17	5	22	0.6260162601626016
src/test/compile-fail/svh-change-type-ret.rs	9	3	12	0.6422764227642277
src/libcollectionstest/enum_set.rs	9	3	12	0.437125748502994
src/test/rustdoc/inline_cross/issue-28480.rs	3	2	5	0.7741935483870968
src/doc/book/nightly-rust.md	3	5	8	0.47368421052631576
src/test/compile-fail/issue-3702-2.rs	10	3	13	0.49586776859504134
src/test/run-pass/issue-9951.rs	4	3	7	0.47540983606557374
src/librustc/cfg/construct.rs	12	5	17	0.44493392070484583
src/test/compile-fail/keyword-let-as-identifier.rs	2	3	5	0.3275862068965517
src/librustc_back/target/x86_64_unknown_bitrig.rs	15	4	19	0.47305389221556887
src/test/ui/codemap_tests/one_line.rs	2	5	7	0.41333333333333333
src/test/compile-fail/name-clash-nullary.rs	14	5	19	0.5128205128205128
src/test/run-pass/extoption_env-not-defined.rs	5	3	8	0.48412698412698413
src/test/run-pass/first-class-method.rs	0	4	4	0.625
src/test/run-pass-fulldeps/rustc-macro/expand-with-a-macro.rs	4	4	8	0.5882352941176471
src/test/run-pass/issue-4387.rs	8	3	11	0.45652173913043476
src/test/ui/codemap_tests/empty_span.rs	4	4	8	0.4268292682926829
src/test/run-pass/coerce-expect-unsized-ascribed.rs	0	2	2	0.6666666666666666
src/test/run-pass/extern-call-direct.rs	4	3	7	0.4338235294117647
src/test/run-pass/expr-match-fail.rs	6	2	8	0.7211538461538461
src/libcollections/macros.rs	19	4	23	0.42585551330798477
mk/cfg/i686-unknown-linux-gnu.mk	6	5	11	0.5813953488372093
src/comp/front/ast.rs	8	6	14	0.2814814814814815
src/test/run-pass/issue-36075.rs	3	3	6	0.5
src/test/compile-fail/extenv-not-string-literal.rs	9	3	12	0.3870967741935484
src/rustdoc/unindent_pass.rs	8	5	13	0.37777777777777777
src/test/run-pass/aux/moves_based_on_type_lib.rs	0	1	1	1.0
src/test/run-pass/regions-close-over-type-parameter-successfully.rs	5	3	8	0.3925925925925926
src/test/compile-fail/mutable-enum.rs	4	1	5	0.8695652173913043
src/test/compile-fail/E0029.rs	5	3	8	0.4166666666666667
src/test/run-pass/issue-24956.rs	3	3	6	0.8
src/test/run-pass/vec-alloc-append.rs	0	7	7	0.4666666666666667
src/test/run-pass/specialization-on-projection.rs	0	1	1	1.0
src/libstd/either.rs	14	2	16	0.8210526315789474
src/doc/nomicon/unbounded-lifetimes.md	2	3	5	0.6025641025641025
src/librustdoc/attr_parser.rs	16	3	19	0.6265560165975104
src/libsyntax/util/lev_distance.rs	4	3	7	0.3611111111111111
doc/guide-rustpkg.md	3	1	4	0.88
src/test/run-make/emit/Makefile	4	3	7	0.6292134831460674
src/librustc/infer/unify_key.rs	0	5	5	0.4897959183673469
src/test/run-pass/auxiliary/issue-11225-2.rs	0	1	1	1.0
src/test/rustdoc/inline_local/hidden-use.rs	1	5	6	0.5641025641025641
src/test/run-pass/issue-25180.rs	2	3	5	0.7407407407407407
mk/libuv/arm/unix/android/src/libuv/uv.target.mk	0	7	7	0.4375
src/doc/trpl/lol.txt	0	1	1	1.0
src/test/run-pass/traits-default-method-trivial.rs	13	3	16	0.4892086330935252
src/test/rustdoc/aux/rustdoc-extern-method.rs	0	1	1	1.0
src/test/run-make/sepcomp-cci-copies/cci_lib.rs	3	3	6	0.5421686746987951
src/test/run-make/rustdoc-viewpath-self/Makefile	3	3	6	0.34615384615384615
src/test/compile-fail/aux/privacy_tuple_struct.rs	0	1	1	1.0
src/rt/sundown/Makefile	1	2	3	0.918918918918919
src/test/run-make/issue-14500/bar.rs	0	3	3	0.75
src/test/compile-fail/lifetime-underscore.rs	5	4	9	0.6451612903225806
src/test/compile-fail/issue-11771.rs	7	3	10	0.44
src/doc/book/slice-patterns.md	4	3	7	0.5365853658536586
src/test/run-pass/log-str.rs	10	4	14	0.5529411764705883
src/libstd/io/impls.rs	11	4	15	0.45401174168297453
src/librand/chacha.rs	26	3	29	0.4554913294797688
src/test/compile-fail/issue-2149.rs	27	3	30	0.5228346456692914
src/test/rustdoc/issue-32395.rs	2	4	6	0.3968253968253968
src/libcore/int-template/intb.rs	0	1	1	1.0
src/test/compile-fail/issue-35139.rs	3	5	8	0.36
src/cargo/pgp.rs	6	8	14	0.17647058823529413
src/test/rustdoc/aux/issue-15318.rs	0	1	1	1.0
src/test/auxiliary/issue-18913-1.rs	4	3	7	0.47058823529411764
src/test/run-pass/impl-privacy-xc-1.rs	10	3	13	0.5339805825242718
src/test/run-make/lto-no-link-whole-rlib/lib2.rs	3	2	5	0.8235294117647058
src/test/compile-fail/single-primitive-inherent-impl.rs	4	4	8	0.49122807017543857
src/libstd/collections/hashmap/mod.rs	2	2	4	0.5979381443298969
src/test/compile-fail/macro-expanded-include/foo/mod.rs	6	3	9	0.5238095238095238
src/test/compile-fail/no-unsafe-self.rs	3	3	6	0.3584905660377358
src/test/compile-fail/default_ty_param_type_alias.rs	0	1	1	1.0
src/test/run-make/pretty-print-path-suffix/foo_method.pp	6	4	10	0.43434343434343436
src/test/compile-fail/E0441.rs	1	4	5	0.39655172413793105
src/test/run-pass/export-glob-imports-target.rs	11	3	14	0.4457831325301205
src/test/run-pass/new-style-fixed-length-vec.rs	9	3	12	0.5664335664335665
src/test/compile-fail/derived-errors/issue-31997.rs	2	3	5	0.625
src/librustc/middle/ty/item_path.rs	2	3	5	0.5333333333333333
src/libstd/rt/uv/timer.rs	6	1	7	0.8983050847457628
src/test/run-pass/while.rs	7	3	10	0.5578947368421052
src/test/run-fail/assert-approx-eq-eps-macro-fail.rs	3	1	4	0.9130434782608695
src/test/run-pass/obj-self.rs	0	7	7	0.3
src/test/compile-fail/attempted-access-non-fatal.rs	12	3	15	0.5377358490566038
mk/libuv/ia32/mac/Makefile-e	0	3	3	0.3333333333333333
src/test/compile-fail/liveness-move-call-arg.rs	3	2	5	0.7352941176470589
src/test/run-pass/bind-native-printf.rs	0	2	2	0.6666666666666666
src/test/compile-fail/issue-2370.rs	5	2	7	0.7818181818181819
src/libcollections/ringbuf.rs	26	2	28	0.724188790560472
src/test/run-pass/vec-dst.rs	11	3	14	0.4713375796178344
src/test/compile-fail/main-wrong-type-2.rs	13	4	17	0.40816326530612246
src/libstd/sys/common/unwind/seh.rs	4	3	7	0.5555555555555556
src/libcore/borrow.rs	15	5	20	0.34355828220858897
src/test/compile-fail/E0504.rs	1	4	5	0.3269230769230769
src/test/run-pass/extern-pass-TwoU16s.rs	12	3	15	0.6245487364620939
src/rt/rustrt.def.in	44	2	46	0.5284780578898226
src/test/run-pass/invoke-external-native.rs	0	4	4	0.2857142857142857
src/test/compile-fail/coherence-all-remote.rs	4	3	7	0.472
src/test/debuginfo/by-value-non-immediate-argument.rs	12	4	16	0.46
src/test/compile-fail/lex-int-lit-too-large.rs	3	1	4	0.926829268292683
src/librustc_metadata/decoder.rs	34	6	40	0.47361729179911
src/libstd/rand/distributions/exponential.rs	5	1	6	0.9
src/test/compile-fail/no-warn-on-field-replace-issue-34101.rs	2	5	7	0.5128205128205128
src/librustdoc/unindent_pass.rs	16	2	18	0.6630434782608695
src/etc/test-float-parse/long-fractions.rs	4	1	5	0.8518518518518519
src/test/compile-fail/send-is-not-static-std-sync.rs	4	4	8	0.3953488372093023
src/test/compile-fail/export-import.rs	6	6	12	0.358974358974359
src/test/compile-fail/issue-4366.rs	8	2	10	0.6886792452830188
src/doc/book/unsized-types.md	1	5	6	0.45161290322580644
src/doc/tarpl/vec.md	0	3	3	0.725
src/test/run-pass/aux/issue-13620-2.rs	0	1	1	1.0
src/test/compile-fail/borrowck/borrowck-vec-pattern-nesting.rs	12	4	16	0.5454545454545454
src/test/compile-fail/issue28498-reject-trait-bound.rs	4	4	8	0.6875
src/test/run-pass/coherence-cow-1.rs	2	3	5	0.5566037735849056
src/test/compile-fail/issue-20711.rs	5	3	8	0.3951612903225806
src/test/parse-fail/macro-repeat.rs	0	3	3	0.875
src/test/run-pass/issue22008.rs	5	2	7	0.45098039215686275
src/test/compile-fail/issue-34028.rs	3	4	7	0.4791666666666667
src/doc/trpl/intrinsics.md	4	4	8	0.4393063583815029
src/boot/me/effect.ml	3	1	4	0.9
src/librustc/middle/ty_fold.rs	27	3	30	0.49803343166175024
src/libcollections/binary_heap.rs	48	3	51	0.4473257698541329
src/test/debuginfo/lexical-scope-in-while.rs	10	3	13	0.5276381909547738
src/test/run-make/symbols-are-reasonable/lib.rs	7	3	10	0.3532110091743119
src/librustc_data_structures/control_flow_graph/reachable/test.rs	7	4	11	0.4318181818181818
src/test/run-pass/aux/coherence_lib.rs	0	1	1	1.0
src/test/compile-fail/inaccessible-test-modules.rs	4	1	5	0.8780487804878049
src/test/run-pass/nested-matchs.rs	8	3	11	0.66
src/test/compile-fail/dst-bad-coerce2.rs	6	3	9	0.40625
src/test/compile-fail/borrowck-move-out-of-overloaded-deref.rs	7	2	9	0.7311827956989247
src/test/compile-fail/issue-15034.rs	5	2	7	0.5784313725490197
src/test/run-pass/large-thread-local-data.rs	0	2	2	0.8333333333333334
src/libcore/cleanup.rs	13	4	17	0.587378640776699
src/rt/libuv/src/ev/missing	0	2	2	0.5
src/test/compile-fail/issue-12612.rs	9	5	14	0.5
src/test/run-pass/specialization/specialization-translate-projections.rs	2	3	5	0.75
src/test/run-pass/macro-use-all.rs	4	3	7	0.5555555555555556
src/librustc/middle/trans/inline.rs	26	2	28	0.7540372670807454
src/librustc_typeck/check/regionmanip.rs	7	3	10	0.4784688995215311
src/test/parse-fail/keyword-return-as-identifier.rs	6	3	9	0.5333333333333333
src/test/run-pass/explicit-self.rs	18	3	21	0.5203252032520326
src/test/run-pass/unique-in-vec.rs	17	3	20	0.5104895104895105
src/test/debuginfo/function-prologue-stepping-no-stack-check.rs	16	4	20	0.39748953974895396
src/librustuv/net.rs	19	2	21	0.8281461434370772
src/test/compile-fail/macro-use-scope.rs	2	7	9	0.4666666666666667
src/test/run-pass/borrowck-macro-interaction-issue-6304.rs	12	3	15	0.49137931034482757
src/test/run-pass/static-method-in-trait-with-tps-intracrate.rs	12	3	15	0.39634146341463417
src/test/compile-fail/missing-main.rs	6	2	8	0.7
src/librustc/middle/infer/mod.rs	25	4	29	0.46810870770937324
src/doc/tutorial.md	66	2	68	0.811284046692607
src/test/run-pass/issue-19129-1.rs	6	3	9	0.7254901960784313
src/test/run-pass/estr-shared.rs	7	3	10	0.6511627906976745
src/test/compile-fail/bad-record-pat.rs	0	8	8	0.35294117647058826
src/libstd/thread/scoped_tls.rs	12	4	16	0.5594541910331384
src/libstd/os/fuchsia/fs.rs	3	3	6	0.6341463414634146
src/libstd/io/extensions.rs	27	2	29	0.6145833333333334
src/test/bench/shootout-pidigits.rs	10	2	12	0.8360655737704918
src/test/compile-fail-fulldeps/syntax-extension-regex-unused-static.rs	7	2	9	0.7532467532467533
src/test/run-pass/drop-parametric-closure-with-bound-box.rs	0	9	9	0.17647058823529413
src/libbacktrace/fileline.c	9	4	13	0.6176470588235294
src/test/compile-fail/deriving-span-Rand-tuple-struct.rs	6	2	8	0.7192982456140351
src/test/run-pass/module-qualified-struct-destructure.rs	9	3	12	0.4434782608695652
src/test/run-pass/aux/cci_class_6.rs	0	1	1	1.0
src/librustc_trans/diagnostics.rs	4	4	8	0.542997542997543
src/libcollections/btree/search.rs	2	3	5	0.5945945945945946
src/test/run-pass/let-assignability.rs	12	3	15	0.5706214689265536
src/test/run-pass/panic-runtime/abort-link-to-unwinding-crates.rs	4	4	8	0.5121951219512195
src/test/compile-fail/extfmt-not-enough-args.rs	8	2	10	0.6304347826086957
src/test/run-pass/issue-25343.rs	3	3	6	0.4368932038834951
src/test/run-make/prune-link-args/empty.rs	3	1	4	0.8636363636363636
src/test/compile-fail/struct-fields-dupe.rs	4	4	8	0.6
src/test/compile-fail/issue-3099-b.rs	17	1	18	0.6413043478260869
src/test/compile-fail/aux/trait_bounds_on_structs_and_enums_xc.rs	0	1	1	1.0
src/test/run-pass/issue-2904.rs	29	2	31	0.6102117061021171
src/test/run-pass/aux/crate-attributes-using-cfg_attr.rs	0	1	1	1.0
src/test/compile-fail/rfc1445/match-requires-both-partialeq-and-eq.rs	2	3	5	0.4
src/test/run-pass/extern-1.rs	5	4	9	0.48214285714285715
src/test/run-pass/fn-constraint.rs	3	6	9	0.25
src/test/compile-fail/cap-clause-move-upvar.rs	5	4	9	0.30434782608695654
src/test/compile-fail/binop-mul-bool.rs	0	8	8	0.5
src/test/run-make/target-specs/x86_64-unknown-linux-gnu.json	6	3	9	0.5
src/test/rustdoc/rustc-macro-crate.rs	1	5	6	0.46153846153846156
src/etc/third-party/COPYING3	0	3	3	0.8333333333333334
src/libnative/bookkeeping.rs	0	3	3	0.8461538461538461
src/librustrt/local.rs	5	3	8	0.5771428571428572
src/test/run-make/extern-fn-mangle/test.rs	3	1	4	0.8571428571428571
src/rustc/middle/pairwise.rs	0	3	3	0.5
src/test/compile-fail/log-syntax-gate2.rs	5	2	7	0.575
src/libstd/io/option.rs	1	2	3	0.8604651162790697
src/test/compile-fail/wf-trait-associated-type-bound.rs	4	2	6	0.7666666666666667
src/test/compile-fail/issue-21546.rs	6	3	9	0.6076923076923076
src/test/compile-fail/wf-static-type.rs	1	2	3	0.8571428571428571
src/lib/u64.rs	0	9	9	0.2857142857142857
src/test/run-fail/morestack1.rs	4	3	7	0.717948717948718
src/test/compile-fail/auto-ref-slice-plus-ref.rs	17	2	19	0.562015503875969
src/test/run-pass/issue-3907-2.rs	2	1	3	0.9047619047619048
src/librustc_back/target/mipsel_unknown_linux_musl.rs	9	5	14	0.5256410256410257
src/test/compile-fail/resolve_self_super_hint.rs	5	3	8	0.4473684210526316
src/test/compile-fail/regions-assoc-type-static-bound-in-trait-not-met.rs	5	4	9	0.3333333333333333
src/libcollections/btree/mod.rs	5	3	8	0.5818181818181818
src/test/compile-fail/issue-18118-2.rs	3	3	6	0.5735294117647058
src/test/run-make/metadata-flag-frobs-symbols/bar.rs	0	3	3	0.6363636363636364
src/doc/trpl/if-let.md	6	3	9	0.6217948717948718
src/test/rustdoc/inline_local/please_inline.rs	2	3	5	0.696969696969697
src/libcore/local_data.rs	0	5	5	0.7058823529411765
src/test/compile-fail/numeric-fields.rs	6	5	11	0.4025157232704403
src/librustc_back/target/x86_64_unknown_haiku.rs	6	4	10	0.39325842696629215
src/test/bench/shootout/shootout-k-nucleotide.rs	0	2	2	0.8888888888888888
src/test/run-make/rustdoc-smoke/verify.sh	4	3	7	0.375
src/test/compile-fail/issue-14303-fn-def.rs	3	3	6	0.4523809523809524
src/test/debug-info/destructured-fn-argument.rs	12	1	13	0.9044943820224719
src/test/run-pass/generic-tag-corruption.rs	14	3	17	0.5389221556886228
src/test/compile-fail/feature-gate-try-operator.rs	6	5	11	0.5138888888888888
src/test/run-pass/conditional-compile-arch.rs	13	4	17	0.5234042553191489
src/test/run-pass/aux/issue-18913-2.rs	0	1	1	1.0
src/test/run-make/graphviz-flowgraph/f24.dot-expected.dot	11	2	13	0.4682080924855491
src/test/compile-fail/augmented-assignments-feature-gate.rs	4	3	7	0.7280701754385965
src/rustc/front/attr.rs	0	6	6	0.3157894736842105
src/test/run-pass/new-impl-syntax.rs	16	3	19	0.5826086956521739
src/test/compile-fail/syntax-extension-bytes-non-literal.rs	4	2	6	0.8048780487804879
src/test/run-pass/char.rs	10	3	13	0.3177570093457944
src/test/run-pass/issue-2718.rs	40	3	43	0.5212660731948566
src/librustdoc/html/static/main.js	57	4	61	0.5351872871736663
src/libstd/os/solaris/raw.rs	2	5	7	0.6120689655172413
src/test/mir-opt/storage_ranges.rs	10	3	13	0.4146341463414634
src/test/auxiliary/typeid-intrinsic2.rs	8	5	13	0.3319672131147541
src/test/auxiliary/pub_use_xcrate1.rs	7	4	11	0.3333333333333333
src/test/run-pass/const-fields-and-indexing.rs	16	3	19	0.6266094420600858
src/doc/style/safety/unsafe.md	4	6	10	0.2111111111111111
src/test/run-pass/operator-associativity.rs	11	3	14	0.463855421686747
src/test/compile-fail/trait-bounds-on-structs-and-enums.rs	12	3	15	0.5386996904024768
src/libstd/io/mod.rs	101	4	105	0.5172723194257515
src/test/run-pass/associated-types-method.rs	2	3	5	0.8421052631578947
src/boot/me/resolve.ml	1	3	4	0.7115384615384616
src/test/run-pass/issue-1926.rs	0	4	4	0.4
src/test/auxiliary/issue_2316_b.rs	12	4	16	0.5865921787709497
src/test/parse-fail/keyword-as-as-identifier.rs	6	3	9	0.5333333333333333
src/test/compile-fail/pat-tuple-bad-type.rs	3	3	6	0.4915254237288136
src/test/compile-fail/oversized-struct.rs	0	1	1	1.0
src/test/compile-fail/unboxed-closures-fnmut-as-fn.rs	9	3	12	0.3723404255319149
src/libstd/sys/windows/ext.rs	7	4	11	0.3608058608058608
src/rt/libuv/src/eio/demo.c	0	3	3	0.3333333333333333
src/libstd/comm/mod.rs	20	2	22	0.6114819759679573
src/test/run-pass/issue-4036.rs	13	3	16	0.6106194690265486
src/rt/rust_android_dummy.c	5	3	8	0.574468085106383
src/test/parse-fail/keyword-mod-as-identifier.rs	6	3	9	0.5333333333333333
src/test/compile-fail/regions-free-region-ordering-caller.rs	6	2	8	0.801980198019802
src/librustc_mir/transform/type_check.rs	20	6	26	0.4560975609756098
src/doc/tarpl/exception-safety.md	0	3	3	0.6981132075471698
src/test/run-pass/unfoldr-cross-crate.rs	6	1	7	0.8356164383561644
src/librustpkg/testsuite/pass/src/hello-world/src/main.rs	0	3	3	0.8333333333333334
src/rustc/middle/mutbl.rs	1	6	7	0.2857142857142857
src/test/compile-fail/bad-lit-suffixes.rs	3	4	7	0.32857142857142857
src/test/compile-fail/dst-index.rs	11	3	14	0.5222929936305732
src/librustc_back/target/mod.rs	68	4	72	0.44821940237413016
src/test/run-pass/module-polymorphism2-files/float-template/inst_f32.rs	0	2	2	0.8571428571428571
src/test/parse-fail/keyword-priv-as-identifier.rs	7	3	10	0.5714285714285714
src/test/compile-fail/moves-based-on-type-exprs.rs	22	2	24	0.6271929824561403
src/rt/libuv/test/runner.c	0	3	3	0.6666666666666666
src/rt/libuv/src/ev/depcomp	0	2	2	0.5
src/test/debug-info/method-on-generic-struct.rs	9	1	10	0.9142857142857143
src/test/compile-fail/private-struct-field-pattern.rs	9	2	11	0.7115384615384616
src/test/rustdoc/issue-33069.rs	3	3	6	0.6764705882352942
src/librustc_trans/debuginfo/namespace.rs	10	4	14	0.4409090909090909
src/doc/nomicon/obrm.md	0	3	3	0.6923076923076923
src/librustc_trans/trans/link_guard.rs	0	2	2	0.6666666666666666
src/test/run-pass/issue-14589.rs	6	3	9	0.3472222222222222
src/test/compile-fail/bind-unique-closure.rs	0	1	1	1.0
src/test/run-pass/cfg-family.rs	4	5	9	0.46551724137931033
src/test/debuginfo/by-value-self-argument-in-trait-impl.rs	10	3	13	0.4806201550387597
src/test/run-make/dep-info-no-analysis/input.dd	2	4	6	0.5268817204301075
src/test/run-pass-fulldeps/aux/custom_derive_plugin_attr.rs	0	1	1	1.0
src/doc/guide-unsafe.md	23	2	25	0.6268882175226587
src/test/debug-info/struct-with-destructor.rs	9	2	11	0.88
src/test/debuginfo/function-prologue-stepping-no-split-stack.rs	3	2	5	0.8888888888888888
src/test/run-pass-fulldeps/rustc-macro/auxiliary/derive-same-struct.rs	4	4	8	0.5694444444444444
src/librustc/middle/borrowck/gather_loans/mod.rs	29	2	31	0.7491803278688525
src/librustc_const_eval/err.rs	1	3	4	0.6458333333333334
src/test/run-make/rustdoc-hidden-line/Makefile	7	4	11	0.4588235294117647
src/libcore/num/int-template/i32.rs	2	3	5	0.7317073170731707
src/rt/rust_exchange_alloc.h	2	3	5	0.8222222222222222
src/test/run-pass/pred-not-bool.rs	12	4	16	0.3717948717948718
src/test/compile-fail/lint-non-camel-case-variant.rs	0	1	1	1.0
src/test/compile-fail/wf-trait-superbound.rs	4	2	6	0.7666666666666667
src/rustc/libc_shim/build.rs	4	2	6	0.5
src/test/ui/dropck/auxiliary/dropck_eyepatch_extern_crate.rs	3	3	6	0.45652173913043476
src/libcoretest/char.rs	33	3	36	0.4948186528497409
src/librustpkg/testsuite/pass/commands.txt	4	1	5	0.8666666666666667
src/test/auxiliary/macro_reexport_2_no_use.rs	5	4	9	0.33620689655172414
src/test/run-pass/issue-29166.rs	1	2	3	0.7878787878787878
src/librustc/metadata/mod.rs	13	4	17	0.4303030303030303
src/test/run-pass/import-crate-with-invalid-spans.rs	6	4	10	0.2857142857142857
src/etc/platform-intrinsics/x86/sse41.json	6	3	9	0.6052631578947368
src/test/run-make/rustdoc-json/foo.rs	6	3	9	0.5909090909090909
src/test/run-pass-fulldeps/aux/lto-syntax-extension-lib.rs	0	1	1	1.0
src/rt/jemalloc/test/allocm.c	0	5	5	0.7777777777777778
src/rustc/syntax/ext/auto_serialize.rs	0	3	3	0.5
src/test/compile-fail/feature-gate-allow-internal-unstable-struct.rs	1	3	4	0.6388888888888888
src/test/run-pass/issue-3979-generics.rs	13	3	16	0.4943820224719101
src/test/run-pass/block-iter-2.rs	23	4	27	0.5185185185185185
src/libsyntax/parse/lexer/comments.rs	39	4	43	0.4012623985572588
src/test/run-pass/aux/i8.rs	0	1	1	1.0
src/test/run-pass/issue-18845.rs	2	2	4	0.8125
src/librustc_borrowck/borrowck/gather_loans/lifetime.rs	13	6	19	0.375
src/test/compile-fail/issue-3021-b.rs	19	3	22	0.6193548387096774
src/test/compile-fail-fulldeps/qquote.rs	13	4	17	0.5109717868338558
src/rt/arch/x86_64/context.cpp	4	3	7	0.6451612903225806
src/test/auxiliary/traitimpl.rs	5	4	9	0.34545454545454546
src/test/compile-fail/region-object-lifetime-4.rs	4	3	7	0.6559139784946236
src/test/ui/dropck/dropck-eyepatch-reorder.stderr	3	5	8	0.3684210526315789
src/test/debug-info/lexical-scope-in-parameterless-closure.rs	7	1	8	0.9047619047619048
src/rt/libuv/test/runner-win.c	0	3	3	0.6666666666666666
src/libstd/sys/windows/pipe.rs	18	4	22	0.41368078175895767
src/test/run-pass/guards-not-exhaustive.rs	13	4	17	0.35271317829457366
src/test/run-pass-fulldeps/llvm-pass-plugin.rs	4	2	6	0.48717948717948717
src/test/auxiliary/method_self_arg1.rs	7	4	11	0.373134328358209
src/test/pretty/closure-reform-pretty.rs	9	4	13	0.39814814814814814
src/test/run-pass/move-arg-2-unique.rs	22	3	25	0.5152542372881356
src/rt/jemalloc/test/jemalloc_test.h.in	0	5	5	0.7777777777777778
src/test/auxiliary/cgu_generic_function.rs	3	3	6	0.4965034965034965
src/test/run-pass/match-pattern-drop.rs	3	2	5	0.8933333333333333
src/test/run-pass/issue-3574.rs	9	3	12	0.6082474226804123
src/test/run-pass/trait-bounds-impl-comparison-duplicates.rs	6	3	9	0.39316239316239315
src/librustc/middle/ty/trait_def.rs	5	3	8	0.59375
mk/cfg/i586-pc-windows-msvc.mk	2	3	5	0.5915492957746479
src/test/run-pass/numeric-method-autoexport.rs	26	3	29	0.3994910941475827
src/test/compile-fail/issue-9814.rs	6	4	10	0.45454545454545453
src/test/auxiliary/empty.rs	3	3	6	0.5046728971962616
src/test/compile-fail/feature-gate-repr-simd.rs	0	3	3	0.7777777777777778
src/test/run-pass/issue-22777.rs	4	3	7	0.43902439024390244
src/test/run-pass/wait-forked-but-failed-child.rs	13	4	17	0.33266533066132264
src/boot/fe/parser.ml	0	2	2	0.9285714285714286
src/rustdoc_ng/html/static/main.js	0	2	2	0.8666666666666667
src/rt/rust_builtin.c	22	4	26	0.5167682926829268
src/librustc_incremental/Cargo.toml	7	6	13	0.39855072463768115
mk/cfg/aarch64-unknown-linux-gnu.mk	5	3	8	0.6491228070175439
src/test/run-pass/issue-14393.rs	7	3	10	0.4260869565217391
src/test/run-pass/issue-16648.rs	12	3	15	0.40350877192982454
src/test/run-pass/type-param.rs	9	7	16	0.3698630136986301
src/libbacktrace/unknown.c	9	4	13	0.6176470588235294
src/test/run-pass/sized-borrowed-pointer	2	3	5	0.7142857142857143
src/libsyntax/diagnostic_list.rs	4	5	9	0.46308724832214765
src/test/codegen/extern-functions.rs	4	3	7	0.6162790697674418
src/test/compile-fail/E0455.rs	0	1	1	1.0
src/test/run-pass/generic-obj-with-derived-type.rs	3	5	8	0.2916666666666667
src/test/run-pass/issue-2633.rs	13	3	16	0.5504587155963303
src/rt/rust_env.h	6	3	9	0.6973684210526315
src/test/auxiliary/deprecation-lint.rs	3	3	6	0.44339622641509435
src/test/compile-fail/E0079.rs	3	5	8	0.3387096774193548
src/test/run-fail/unwind-partial-unique.rs	10	2	12	0.8109756097560976
src/test/run-pass/supported-cast.rs	17	3	20	0.5152542372881356
src/etc/pkg/rust.iss	8	3	11	0.61328125
src/librustc_trans/save/span_utils.rs	18	4	22	0.38095238095238093
src/test/compile-fail/unboxed-closure-sugar-nonexistent-trait.rs	15	3	18	0.4908256880733945
src/test/run-pass/issue-22992-2.rs	1	2	3	0.84375
src/test/compile-fail/alt-arrows-block-then-binop.rs	3	4	7	0.6428571428571429
src/test/compile-fail/internal-unstable.rs	7	4	11	0.35333333333333333
src/libcoretest/fmt/builders.rs	6	3	9	0.5
src/doc/po/ja/guide-runtime.md.po	3	1	4	0.9
src/test/run-pass/newtype-struct-with-dtor.rs	11	3	14	0.6210045662100456
src/doc/trpl/nightly-rust.md	8	4	12	0.5846153846153846
src/librustpkg/testsuite/fail/src/no-inferred-crates/src/zzyzx.rs	5	1	6	0.8636363636363636
src/test/compile-fail/issue-28472.rs	3	4	7	0.6862745098039216
src/test/compile-fail/issue-32119.rs	0	5	5	0.375
src/test/run-pass/unboxed-closures-call-sugar-autoderef.rs	9	4	13	0.34210526315789475
src/test/compile-fail/redundant-link-args.rs	10	2	12	0.6891891891891891
src/test/run-fail/borrowck-wg-one-mut-one-imm-slice-method.rs	4	2	6	0.8969072164948454
doc/tutorial/ffi.md	0	6	6	0.5333333333333333
src/test/run-fail/overflowing-mul.rs	15	5	20	0.3660130718954248
src/test/ui/codemap_tests/huge_multispan_highlight.rs	4	4	8	0.4268292682926829
src/libsyntax/fold.rs	98	3	101	0.5644815766923736
src/test/compile-fail/recursive-reexports.rs	3	3	6	0.5714285714285714
src/librustc_passes/lib.rs	10	6	16	0.48764044943820223
src/test/run-pass-fulldeps/aux/issue-13560-2.rs	0	1	1	1.0
src/test/compile-fail/unboxed-closure-sugar-wrong-number-number-type-parameters-3.rs	5	3	8	0.40522875816993464
src/test/run-pass/capture_nil.rs	12	2	14	0.7687074829931972
src/test/run-pass/swap-1.rs	15	3	18	0.542713567839196
src/bootstrap/job.rs	0	1	1	1.0
src/test/compile-fail/sync-rwlock-write-mode-cond-shouldnt-escape.rs	10	2	12	0.7727272727272727
src/librustc_trans/assert_module_sources.rs	8	4	12	0.391304347826087
src/test/run-pass/issue-14229.rs	2	3	5	0.4528301886792453
src/test/run-pass/boxed-class-type-substitution.rs	8	3	11	0.7413793103448276
src/test/compile-fail/allocator-rust-dylib-is-jemalloc.rs	8	3	11	0.6622807017543859
src/doc/style/features/README.md	4	6	10	0.2111111111111111
src/test/run-make/mixing-deps/both.rs	3	3	6	0.56
src/librustdoc/html/escape.rs	11	4	15	0.5141955835962145
src/test/compile-fail/mutable-huh-variance-vec4.rs	4	7	11	0.3235294117647059
src/test/run-make/rustdoc-search-index/index.rs	6	4	10	0.29608938547486036
src/test/run-pass/inferred-suffix-in-pattern-range.rs	14	3	17	0.5153061224489796
src/test/rustdoc/playground-empty.rs	3	3	6	0.38461538461538464
src/test/run-pass/import-glob-circular.rs	0	7	7	0.4
src/test/compile-fail/method-missing-call.rs	9	3	12	0.5080645161290323
src/test/run-pass/foreach-external-iterators-hashmap.rs	9	3	12	0.4972677595628415
src/librustc_typeck/check/compare_method.rs	38	5	43	0.39349701393497016
src/libstd/macos_os.rs	6	5	11	0.23809523809523808
src/test/auxiliary/issue_2472_b.rs	9	4	13	0.549618320610687
src/test/compile-fail/empty-struct-with-braces-3.rs	1	3	4	0.6216216216216216
src/test/compile-fail/issue-5806.rs	8	3	11	0.4878048780487805
src/test/compile-fail/use-from-trait-xc.rs	16	3	19	0.6377358490566037
src/libsync/comm/select.rs	4	2	6	0.5662650602409639
src/test/compile-fail/E0389.rs	3	4	7	0.3
src/libstd/num/i32.rs	17	3	20	0.7060041407867494
src/doc/trpl/src/functions.md	0	2	2	0.9
src/test/compile-fail/regions-iface-3.rs	0	7	7	0.2857142857142857
src/test/compile-fail/generic-no-mangle.rs	6	4	10	0.6206896551724138
src/libcore/private/finally.rs	5	4	9	0.5576923076923077
src/test/run-pass/issue-933.rs	0	4	4	0.4
src/test/compile-fail/uninhabited-enum-cast.rs	7	2	9	0.8607594936708861
src/test/compile-fail-fulldeps/aux/rlib_crate_test.rs	0	1	1	1.0
src/test/run-pass/simd-intrinsic-generic-cast.rs	7	5	12	0.5279503105590062
src/rt/libuv/src/eio/config_cygwin.h	0	3	3	0.3333333333333333
src/test/compile-fail/liveness-missing-ret2.rs	5	3	8	0.4146341463414634
src/test/auxiliary/issue-22025.rs	6	3	9	0.3458646616541353
src/test/auxiliary/struct_variant_xc_aux.rs	13	4	17	0.6264150943396226
src/libstd/sync/mpsc/stream.rs	18	3	21	0.44106463878326996
src/libstd/collections/hashmap/table.rs	6	2	8	0.48598130841121495
src/test/compile-fail/E0513.rs	3	4	7	0.38461538461538464
src/test/compile-fail/aux/allocator2.rs	0	1	1	1.0
src/test/run-fail/unwind-resource-fail2.rs	14	4	18	0.6744186046511628
src/fuzzer/ast_match.rs	4	9	13	0.26666666666666666
src/test/run-pass/issue-36744-without-calls.rs	4	3	7	0.3333333333333333
src/libcoretest/str.rs	14	3	17	0.3471337579617834
src/test/compile-fail/issue-15896.rs	7	5	12	0.5567567567567567
src/rt/libuv/src/ares/ares_getopt.c	0	3	3	0.6
src/test/run-pass/issue-8709.rs	7	3	10	0.4230769230769231
src/test/run-pass/guards.rs	15	3	18	0.42567567567567566
src/test/run-pass/coerce-reborrow-imm-vec-rcvr.rs	19	3	22	0.4173441734417344
src/test/ui/dropck/dropck-eyepatch-extern-crate.rs	3	3	6	0.45652173913043476
src/test/run-fail/panic-set-handler.rs	4	4	8	0.5760869565217391
src/test/run-pass/unsized2.rs	18	3	21	0.4412470023980815
src/test/compile-fail/issue-19244-2.rs	11	4	15	0.34517766497461927
src/libstd/rt/io/net/http.rs	0	2	2	0.9444444444444444
src/test/run-pass/fn-pattern-expected-type-2.rs	11	4	15	0.503448275862069
src/librustc_metadata/csearch.rs	19	6	25	0.49411764705882355
src/etc/mingw-fix-include/README.txt	5	4	9	0.5729166666666666
src/test/compile-fail/bad-lint-cap2.rs	1	3	4	0.5714285714285714
src/error_index_generator/main.rs	1	3	4	0.627906976744186
src/test/ui/span/E0536.stderr	2	4	6	0.48
src/test/compile-fail/sync-rwlock-read-mode-shouldnt-escape.rs	11	1	12	0.7789473684210526
src/rt/libuv/src/ares/ares_nowarn.c	0	4	4	0.5
src/test/run-pass/foreign-dupe.rs	20	4	24	0.6085790884718498
src/test/compile-fail/issue-15381.rs	10	4	14	0.4921875
src/test/compile-fail-fulldeps/rustc-macro/expand-to-unstable-2.rs	6	4	10	0.5462962962962963
src/test/run-pass/issue-2487-a.rs	12	5	17	0.3876651982378855
src/test/run-pass/issue-22463.rs	4	2	6	0.6538461538461539
src/libcore/rl.rs	0	1	1	1.0
src/etc/tidy.py	22	4	26	0.47704918032786886
src/test/run-pass/issue36260.rs	4	4	8	0.5813953488372093
src/libstd/option.rs	36	1	37	0.841081081081081
src/test/compile-fail/asm-src-loc-codegen-units.rs	4	3	7	0.6103896103896104
src/rt/libuv/src/unix/ev/README	0	1	1	1.0
src/test/compile-fail/issue-12187-2.rs	9	4	13	0.49222797927461137
src/test/compile-fail/privacy/restricted/lookup-ignores-private.rs	2	3	5	0.574468085106383
src/test/compile-fail/range_traits-2.rs	1	5	6	0.4857142857142857
src/test/bench/99-bottles/99bob-simple.rs	0	6	6	0.36363636363636365
src/rt/circular_buffer.h	3	6	9	0.2413793103448276
src/librustpkg/package_id.rs	13	1	14	0.8326530612244898
src/rt/libuv/src/unix/ev/install-sh	0	1	1	1.0
src/test/run-pass/box-compare.rs	11	3	14	0.6974789915966386
src/libsyntax/ext/concat_idents.rs	34	3	37	0.579556412729026
src/test/run-pass/issue-18412.rs	5	4	9	0.4431818181818182
vec-layout.md	0	1	1	1.0
src/librustc/middle/typeck/infer/combine.rs	32	2	34	0.7373899119295436
src/test/rustdoc/inline_cross/aux/rustdoc-hidden-sig.rs	0	1	1	1.0
src/test/run-pass/traits-impl-object-overlap-issue-23853.rs	5	2	7	0.5454545454545454
src/test/run-pass/hygienic-labels-in-let.rs	15	4	19	0.43190661478599224
src/test/compile-fail/no-std-inject.rs	4	3	7	0.6904761904761905
src/test/compile-fail/issue-17518.rs	5	3	8	0.6825396825396826
src/test/compile-fail/coherence-trait-polarity-mising-default-implementation.rs	0	1	1	1.0
src/test/compile-fail/shadowed-use-visibility.rs	3	3	6	0.7191011235955056
src/test/compile-fail/E0030.rs	2	5	7	0.34234234234234234
src/test/run-pass/aux/two_macros.rs	0	1	1	1.0
src/librustc_borrowck/borrowck/mir/dataflow/graphviz.rs	7	6	13	0.4419889502762431
src/test/compile-fail/deriving-span-Show-enum.rs	8	2	10	0.6410256410256411
src/test/compile-fail/issue-7575.rs	14	3	17	0.5149501661129569
src/test/run-pass/if-let.rs	11	4	15	0.34591194968553457
src/test/incremental/change_private_fn/struct_point.rs	1	3	4	0.4722222222222222
src/libpanic_abort/Cargo.toml	3	3	6	0.43373493975903615
src/libstd/os/nacl/fs.rs	3	2	5	0.8
src/tools/error_index_generator/Cargo.lock	5	4	9	0.5
src/test/compile-fail/regions-infer-bound-from-trait.rs	3	2	5	0.65
src/test/compile-fail/bind-by-move-no-guards.rs	11	2	13	0.5389221556886228
src/test/run-fail/issue-2156.rs	11	2	13	0.6310679611650486
src/test/run-pass/bare-fn-implements-fn-mut.rs	13	3	16	0.47305389221556887
src/test/bench/shootout/fibo.rs	0	3	3	0.5
src/test/compile-fail/issue-12369.rs	10	4	14	0.49122807017543857
src/test/compile-fail/issue-19521.rs	10	4	14	0.6091954022988506
src/test/parse-fail/bad-name.rs	3	4	7	0.4117647058823529
src/test/compile-fail/issue-20005.rs	10	4	14	0.5233160621761658
src/test/compile-fail/transmute-imut-to-mut.rs	4	3	7	0.5952380952380952
src/test/run-pass/move-scalar.rs	13	3	16	0.31386861313868614
src/test/auxiliary/issue-19340-1.rs	6	3	9	0.45977011494252873
src/test/run-pass/blind-item-mixed-use-item.rs	5	4	9	0.43283582089552236
src/rt/libuv/src/ares/bitncmp.c	0	3	3	0.6
src/test/run-pass/big-literals.rs	14	3	17	0.4190871369294606
src/libstd/sys/windows/stack_overflow.rs	9	4	13	0.44096385542168676
src/test/run-pass/pat-tuple-3.rs	3	3	6	0.4915254237288136
src/test/debuginfo/managed-pointer-within-unique.rs	4	2	6	0.8260869565217391
src/librustc_trans/trans/basic_block.rs	9	5	14	0.38652482269503546
src/test/run-pass/const-fn.rs	4	3	7	0.734375
src/test/ui/span/move-closure.stderr	2	3	5	0.4166666666666667
src/test/compile-fail/enum-variant-type.rs	2	3	5	0.5
src/test/run-pass/aux/issue_3136_a.rs	0	1	1	1.0
src/rustllvm/include/llvm-c/Object.h	0	2	2	0.5
src/libstd/comm/select.rs	11	2	13	0.6817102137767221
src/lib/macos_OS.rs	0	3	3	0.5
src/test/run-make/rlib-chain/m1.rs	4	1	5	0.8947368421052632
src/rt/libuv/ev/libev.m4	0	2	2	0.5
src/test/compile-fail/issue-1802-1.rs	7	3	10	0.40425531914893614
mk/cfg/mipsel-unknown-linux-gnu.mk	5	3	8	0.5954198473282443
src/test/compile-fail/non-const.rs	8	4	12	0.423728813559322
src/test/run-pass/write-guard.rs	0	2	2	0.6
src/test/run-pass/aux/macro-include-items-expr.rs	0	1	1	1.0
src/libextra/net/ip.rs	4	2	6	0.8367346938775511
src/librustc/back/x86.rs	15	1	16	0.795
src/test/run-fail/fmt-panic.rs	0	2	2	0.5
src/test/run-pass/borrowed-ptr-pattern-option.rs	11	3	14	0.40764331210191085
src/test/run-pass/ret-bang.rs	16	3	19	0.4767025089605735
src/test/rustdoc/issue-33302.rs	7	4	11	0.5247524752475248
src/test/run-pass/allocator-jemalloc.rs	5	3	8	0.6612903225806451
src/test/compile-fail/issue-24805-dropck-trait-has-items.rs	7	4	11	0.6
src/librustc/middle/def_id.rs	5	3	8	0.5329949238578681
src/libstd/reflect_stage0.rs	0	2	2	0.9333333333333333
src/test/compile-fail/issue-28568.rs	5	5	10	0.5
src/test/compile-fail/bad-env-capture3.rs	9	4	13	0.5348837209302325
src/test/compile-fail/issue-10465.rs	4	2	6	0.7045454545454546
src/test/compile-fail/never-fallback.rs	1	4	5	0.5714285714285714
src/test/debug-info/borrowed-basic.rs	10	1	11	0.9090909090909091
src/test/compile-fail/method-ambig-two-traits-cross-crate.rs	5	3	8	0.375
src/test/run-fail/bug-2470-bounds-check-overflow-3.rs	17	3	20	0.49809885931558934
src/test/run-pass/struct-order-of-eval-3.rs	6	4	10	0.39751552795031053
src/test/compile-fail/mir-unpretty.rs	2	3	5	0.6666666666666666
src/libcore/i32.rs	0	5	5	0.5833333333333334
src/test/run-pass/objects-owned-object-borrowed-method-headerless.rs	13	3	16	0.35570469798657717
src/etc/vim/compiler/rustc.vim	3	2	5	0.5416666666666666
src/test/run-pass/mir_trans_array_2.rs	3	5	8	0.4931506849315068
src/librustc_back/target/i386_apple_ios.rs	19	3	22	0.5048543689320388
src/test/compile-fail/impl-trait/loan-extend.rs	5	4	9	0.4198473282442748
src/test/run-make/issue-28766/Makefile	2	3	5	0.5945945945945946
src/test/compile-fail/multiple-main-3.rs	8	3	11	0.35353535353535354
src/libstd/rt/env.rs	6	1	7	0.8666666666666667
src/test/run-pass/issue-19479.rs	6	3	9	0.5135135135135135
src/test/parse-fail/keyword-mut-as-identifier.rs	6	3	9	0.5333333333333333
src/doc/nomicon/vec-insert-remove.md	2	4	6	0.5614035087719298
src/test/parse-fail/trait-keyword.rs	4	3	7	0.6153846153846154
src/test/incremental/change_private_fn_cc/auxiliary/point.rs	1	3	4	0.4722222222222222
src/test/run-pass/conditional-debug-macro-on.rs	8	2	10	0.7208121827411168
src/rt/libuv/src/ares/AUTHORS	0	3	3	0.6
src/test/compile-fail/opt-out-copy-bad.rs	4	3	7	0.43
doc/po/ja/tutorial-container.md.po	4	1	5	0.8936170212765957
src/libcore/option.rs	80	3	83	0.45807504078303424
src/test/run-pass/aux/msvc-data-only-lib.rs	0	1	1	1.0
src/librustc/middle/check_rvalues.rs	17	4	21	0.5355191256830601
src/libextra/extra.rs	13	1	14	0.8648648648648649
src/test/run-pass/specialization/specialization-cross-crate-no-gate.rs	2	3	5	0.75
src/librustc_data_structures/control_flow_graph/dominators/test.rs	7	4	11	0.4318181818181818
src/test/auxiliary/issue-21092.rs	6	3	9	0.3548387096774194
src/test/codegen-units/item-collection/items-within-generic-items.rs	0	2	2	0.5
src/test/compile-fail/traits-multidispatch-convert-ambig-dest.rs	9	5	14	0.36796536796536794
src/test/compile-fail/where-clauses-no-bounds-or-predicates.rs	3	3	6	0.328125
src/test/compile-fail/variant-size-differences.rs	3	3	6	0.6756756756756757
src/test/run-make/many-crates-but-no-match/crateA2.rs	3	1	4	0.896551724137931
src/test/run-pass/issue-13867.rs	8	4	12	0.4375
src/test/run-pass/issue-5239-2.rs	9	3	12	0.4482758620689655
src/test/run-pass/match-var-hygiene.rs	4	3	7	0.6875
src/test/compile-fail/borrowck-call-method-from-mut-aliasable.rs	11	4	15	0.6379310344827587
src/test/debug-info/generic-function.rs	8	1	9	0.9159663865546218
src/doc/style/features/traits/README.md	4	6	10	0.2111111111111111
src/lib/Util.rs	0	1	1	1.0
src/test/run-make/issue-28595/b.rs	1	3	4	0.7272727272727273
src/test/compile-fail/break-outside-loop.rs	15	2	17	0.4628099173553719
src/test/compile-fail/issue-28308.rs	4	4	8	0.46153846153846156
src/fuzzer/cycles.rs	6	7	13	0.14285714285714285
src/test/parse-fail/removed-syntax-mut-vec-expr.rs	7	3	10	0.5645161290322581
src/test/compile-fail/associated-types-project-from-hrtb-in-trait-method.rs	4	2	6	0.6567164179104478
src/librustc/front/test.rs	41	1	42	0.7680660701995871
src/rt/rust_env.cpp	10	2	12	0.684931506849315
src/doc/po/ja/guide-testing.md.po	3	1	4	0.8961038961038961
src/libcore/mutable.rs	13	5	18	0.43478260869565216
src/test/run-pass/task-comm-2.rs	2	7	9	0.3055555555555556
src/test/compile-fail/export-boot.rs	0	3	3	0.5
src/test/compile-fail/coherence-overlap-messages.rs	2	3	5	0.6470588235294118
src/test/compile-fail/union/union-empty.rs	1	3	4	0.5365853658536586
src/libstd/stackwalk.rs	6	1	7	0.8409090909090909
src/libsyntax/ext/qquote.rs	6	7	13	0.31868131868131866
src/test/stdtest/comm.rs	3	4	7	0.47619047619047616
src/libstd/rt/uv/tty.rs	0	2	2	0.8695652173913043
src/test/run-pass/issue-36816.rs	3	4	7	0.40816326530612246
src/test/compile-fail/forget-init-unsafe.rs	5	3	8	0.7368421052631579
src/test/compile-fail/borrowck/borrowck-loan-vec-content.rs	2	4	6	0.40476190476190477
src/libserialize/collection_impls_stage0.rs	0	2	2	0.7833333333333333
src/test/run-make/rustdoc-extern-default-method/lib.rs	2	2	4	0.6
src/rt/jemalloc/bin/jemalloc.sh	0	5	5	0.7777777777777778
src/test/compile-fail/borrowck-loan-rcvr-overloaded-op.rs	21	2	23	0.4907161803713528
src/test/compile-fail/borrowck-closures-use-after-free.rs	9	3	12	0.47317073170731705
src/test/run-pass/capture-clauses-unboxed-closures.rs	14	3	17	0.3674698795180723
src/libstd/sys/unix/mutex.rs	9	5	14	0.48577680525164113
src/test/compile-fail/issue-26548.rs	5	5	10	0.41452991452991456
src/test/codegen-units/item-collection/impl-in-non-instantiated-generic.rs	2	3	5	0.6
src/test/auxiliary/issue13213aux.rs	9	4	13	0.47478991596638653
src/librustpkg/crate.rs	6	1	7	0.8125
src/test/compile-fail/aux/trait_superkinds_in_metadata.rs	0	1	1	1.0
src/libcore/Cargo.toml	5	4	9	0.4692737430167598
src/test/compile-fail/issue-10636-2.rs	7	4	11	0.6311475409836066
src/librustc/front/check_attr.rs	5	3	8	0.5961538461538461
src/test/compile-fail/struct-fields-hints.rs	10	5	15	0.4896551724137931
src/rt/jemalloc/src/zone.c	0	5	5	0.7777777777777778
src/test/auxiliary/newtype_struct_xc.rs	8	4	12	0.5123456790123457
src/test/compile-fail/ret-by-reference-local-value.rs	0	1	1	1.0
src/test/run-pass/class-dtor.rs	13	4	17	0.33668341708542715
src/etc/check-links.pl	8	2	10	0.48
src/test/run-pass/alloca-from-derived-tydesc.rs	9	5	14	0.32432432432432434
src/test/compile-fail/symbol-names/impl1.rs	2	4	6	0.38613861386138615
src/test/compile-fail/mod_file_not_owning.rs	3	4	7	0.4868421052631579
src/test/run-make/link-path-order/Makefile	4	4	8	0.43956043956043955
src/test/ui/codemap_tests/tab.rs	4	4	8	0.4125
ownership.md	0	1	1	1.0
src/configure.sh	0	2	2	0.75
src/test/compile-fail/type-params-in-different-spaces-2.rs	9	3	12	0.5797872340425532
src/test/run-pass/associated-types-enum-field-named.rs	5	3	8	0.5035971223021583
src/test/run-pass/issue_26873_multifile/A/B.rs	4	2	6	0.6756756756756757
src/comp/fe/lexer.rs	1	2	3	0.875
src/libcore/num/num.rs	9	3	12	0.6363636363636364
src/test/compile-fail/import-shadow-5.rs	4	2	6	0.625
src/rt/yield_glue.s	0	2	2	0.5
src/test/run-pass/attr-no-drop-flag-size.rs	15	3	18	0.46853146853146854
src/test/run-pass/mlist-cycle.rs	6	5	11	0.5392156862745098
src/test/run-fail/while-body-fails.rs	14	2	16	0.7050359712230215
src/rt/libuv/ev/configure	0	2	2	0.5
src/test/compile-fail/unique-object-noncopyable.rs	15	2	17	0.7380952380952381
src/test/run-pass/issue-11085.rs	8	4	12	0.5
src/test/run-pass/issue-34932.rs	7	4	11	0.3488372093023256
src/test/compile-fail/multi-plugin-attr.rs	2	3	5	0.55
src/rt/sundown/src/html_blocks.h	0	2	2	0.9310344827586207
src/test/auxiliary/static_mut_xc.rs	7	4	11	0.4108527131782946
src/test/compile-fail/trait-bounds-not-on-bare-trait.rs	15	3	18	0.5110294117647058
src/test/run-pass/logging_before_rt_started.rs	6	3	9	0.5858585858585859
src/test/run-pass/companionmod-src/b.rs	0	2	2	0.8571428571428571
src/test/compile-fail-fulldeps/auxiliary/lint_group_plugin_test.rs	1	3	4	0.38461538461538464
src/test/run-pass/no-std-2.rs	2	3	5	0.7083333333333334
src/test/run-pass/inconsistent-lifetime-mismatch.rs	5	3	8	0.6159420289855072
src/test/compile-fail/lint-misplaced-attr.rs	5	2	7	0.7166666666666667
src/libcore/unstable/uvll.rs	0	2	2	0.8695652173913043
src/libcore/newcomm.rs	0	5	5	0.4166666666666667
src/rt/rust_timer.cpp	0	8	8	0.3888888888888889
src/test/compile-fail/dupe-symbols-2.rs	2	4	6	0.5806451612903226
checked-uninit.md	0	1	1	1.0
src/test/compile-fail-fulldeps/proc-macro/feature-gate-5.rs	0	3	3	0.3333333333333333
src/test/compile-fail/binop-sub-obj.rs	0	3	3	0.5714285714285714
src/test/run-pass/lib-int.rs	0	6	6	0.47058823529411764
src/rt/libuv/src/ares/inet_net_pton.c	0	4	4	0.5
src/test/parse-fail/issue-19398.rs	3	4	7	0.4117647058823529
doc/tutorial/lib/codemirror-node.js	0	1	1	1.0
src/test/auxiliary/extern-take-value.rs	3	3	6	0.3950617283950617
src/libflate/Cargo.toml	6	4	10	0.5797101449275363
src/test/compile-fail/tag-exports.rs	0	5	5	0.3333333333333333
src/librustc_data_structures/control_flow_graph/mod.rs	7	4	11	0.4318181818181818
src/libstd/num/u32.rs	15	4	19	0.6666666666666666
src/librustc_save_analysis/data.rs	11	5	16	0.4509283819628647
src/comp/metadata/cstore.rs	7	7	14	0.3333333333333333
src/test/run-pass/ret-none.rs	10	5	15	0.30935251798561153
src/librustc/middle/traits/mod.rs	24	4	28	0.4177215189873418
src/test/compile-fail/wf-inherent-impl-where-clause.rs	4	2	6	0.7666666666666667
src/libsyntax_ext/concat_idents.rs	12	6	18	0.4394904458598726
src/test/compile-fail/auto-deref-bind.rs	0	6	6	0.2857142857142857
src/test/parse-fail/removed-syntax-field-let.rs	5	3	8	0.36764705882352944
src/test/run-make/no-duplicate-libs/foo.rs	10	3	13	0.5681159420289855
src/librustc/hir/map/mod.rs	15	5	20	0.4
src/test/compile-fail/method-ambig-two-traits-from-bounds.rs	0	2	2	0.5
src/test/compile-fail/E0184.rs	3	4	7	0.49056603773584906
src/test/rustdoc/hidden-line.rs	5	2	7	0.8333333333333334
src/libcore/rt/thread_local_storage.rs	6	2	8	0.775
src/test/run-pass/hygiene.rs	4	6	10	0.47058823529411764
src/libstd/trie.rs	29	1	30	0.8104089219330854
src/test/parse-fail/lex-bad-token.rs	3	4	7	0.4117647058823529
src/test/run-pass/macro-doc-comments.rs	3	2	5	0.5576923076923077
src/test/compile-fail/terr-sorts.rs	15	4	19	0.6122448979591837
src/test/run-make/rustdoc-where/verify.sh	4	3	7	0.42857142857142855
src/libcollections/bench.rs	7	4	11	0.4294294294294294
src/doc/book/borrow-and-asref.md	2	3	5	0.5283018867924528
src/libcore/num/bignum.rs	11	5	16	0.48201438848920863
src/rt/test/rust_test_harness.cpp	0	4	4	0.25
src/libsync/one.rs	7	2	9	0.6763005780346821
src/test/run-pass/u8-incr.rs	12	3	15	0.35428571428571426
src/test/run-pass/issue-23435.rs	4	3	7	0.48333333333333334
src/libstd/sync/mutex.rs	41	4	45	0.4403292181069959
src/libstd/float.rs	0	2	2	0.5
src/librustc/session/search_paths.rs	14	4	18	0.3702970297029703
src/test/run-pass/issue-20676.rs	8	4	12	0.43636363636363634
src/test/compile-fail/iface-cast.rs	0	4	4	0.5
src/test/compile-fail-fulldeps/aux/attr_plugin_test.rs	0	1	1	1.0
src/test/debuginfo/generic-trait-generic-static-default-method.rs	4	3	7	0.4225352112676056
src/test/compile-fail/union-borrow-nested.rs	0	1	1	1.0
doc/index.md	7	2	9	0.8181818181818182
src/librustc/middle/region.rs	67	3	70	0.56049766718507
src/test/run-make/rustdoc-src-links/foo.rs	2	3	5	0.47058823529411764
src/test/compile-fail/issue-19121.rs	4	2	6	0.7926829268292683
src/test/run-pass/match-ref-binding.rs	3	3	6	0.38
src/test/run-make/extra-filename-with-temp-outputs/Makefile	2	4	6	0.7068965517241379
src/librustpkg/testsuite/pass/src/fancy-lib/fancy-lib.rs	0	4	4	0.7692307692307693
src/libsemver/lib.rs	12	1	13	0.8805620608899297
src/test/run-make/output-with-hyphens/foo-bar.rs	0	3	3	0.3333333333333333
src/test/parse-fail/keyword-super.rs	7	4	11	0.43902439024390244
src/test/run-pass/issue-2936.rs	9	3	12	0.38513513513513514
src/test/compile-fail/issue-31511.rs	3	2	5	0.76
src/doc/po/ja/guide-tasks.md.po	3	1	4	0.8955223880597015
src/libtest/stats.rs	35	3	38	0.4725184577522559
src/test/parse-fail/issue-33262.rs	2	3	5	0.36923076923076925
src/test/run-fail/mir_drop_panics.rs	3	5	8	0.6
src/test/parse-fail/keyword-let-as-identifier.rs	6	3	9	0.5333333333333333
src/test/run-pass/liveness-move-in-loop.rs	14	3	17	0.425531914893617
src/libextra/sync/one.rs	0	3	3	0.8
src/test/run-make/c-set-crate-map-manually/lib.rs	0	2	2	0.9090909090909091
src/test/compile-fail/trace_macros-gate.rs	9	5	14	0.44966442953020136
src/test/run-pass/aux/issue_10031_aux.rs	0	1	1	1.0
src/snapshots.txt	52	4	56	0.5128856624319419
src/test/run-pass/xcrate-associated-type-defaults.rs	5	3	8	0.5833333333333334
src/test/run-pass/segfault-no-out-of-stack.rs	11	5	16	0.3287671232876712
src/grammar/verify.rs	28	4	32	0.42945544554455445
src/test/run-pass/issue-25185.rs	3	3	6	0.5588235294117647
src/test/run-make/graphviz-flowgraph/f09.dot-expected.dot	8	2	10	0.5217391304347826
src/serializer/serializer.rc	0	2	2	0.6666666666666666
doc/po/ja/complement-project-faq.md.po	2	1	3	0.9090909090909091
src/test/compile-fail/const-block-non-item-statement.rs	11	3	14	0.43018867924528303
src/test/parse-fail/issue-32446.rs	2	3	5	0.5882352941176471
src/test/compile-fail/borrowck-ref-into-rvalue.rs	14	3	17	0.6789473684210526
src/test/compile-fail/associated-types-ICE-when-projecting-out-of-err.rs	12	5	17	0.4263157894736842
src/rustc/middle/trans/native.rs	4	8	12	0.2222222222222222
src/test/run-pass/func-arg-ref-pattern.rs	7	3	10	0.44583333333333336
src/rt/rust_stack.cpp	7	2	9	0.6547619047619048
src/libsyntax/ext/deriving/show.rs	27	3	30	0.5686274509803921
src/test/auxiliary/issue-13872-1.rs	4	3	7	0.4819277108433735
src/test/run-pass/regions-self-in-enums.rs	13	4	17	0.6405529953917051
src/doc/style/changing/post-1-0.md	4	4	8	0.4307692307692308
src/test/run-pass/yield2.rs	14	4	18	0.5153061224489796
src/test/run-pass/const-block-cross-crate-fn.rs	4	3	7	0.3595505617977528
src/test/run-pass/aux/cci_const_block.rs	0	1	1	1.0
src/libstd/sys/common/memchr.rs	3	4	7	0.42105263157894735
src/libdebug/repr.rs	14	2	16	0.7777777777777778
src/test/run-pass/placement-in-syntax.rs	2	3	5	0.5777777777777777
src/test/run-pass/sleep.rs	2	6	8	0.34210526315789475
src/librustc_trans/back/lto.rs	24	4	28	0.39728353140916806
src/test/run-pass/aux/issue-9906.rs	0	1	1	1.0
src/test/run-fail/issue-5500.rs	1	2	3	0.5428571428571428
src/librustc_mir/transform/deaggregator.rs	7	4	11	0.36885245901639346
src/test/compile-fail/liveness-init-in-called-fn-expr.rs	5	3	8	0.7636363636363637
src/test/compile-fail/regions-name-static.rs	6	3	9	0.734375
src/libsync/sync/mpsc_intrusive.rs	0	2	2	0.9230769230769231
src/librustc/driver/pretty.rs	8	3	11	0.49557522123893805
src/test/compile-fail/regions-infer-invariance-due-to-arg-and-ret.rs	3	4	7	0.6363636363636364
src/librustc/middle/trans/uniq.rs	15	2	17	0.7526315789473684
src/test/compile-fail/empty-record-type.rs	4	4	8	0.6296296296296297
src/test/run-pass/unique-assign.rs	11	3	14	0.4427083333333333
src/libstd/collections/hash/map_stage0.rs	0	3	3	0.5
src/test/run-pass/issue-19850.rs	5	3	8	0.5833333333333334
src/test/compile-fail/panic-runtime/auxiliary/panic-runtime-abort.rs	1	4	5	0.5405405405405406
src/libcore/unicode.rs	16	2	18	0.6710526315789473
src/test/compile-fail/mutable-huh-variance-unique.rs	2	6	8	0.39285714285714285
src/test/parse-fail/multitrait.rs	7	3	10	0.4672131147540984
doc/tutorial/web/default.css	0	1	1	1.0
src/doc/trpl/custom-allocators.md	5	2	7	0.7717391304347826
src/test/parse-fail/macro-attribute.rs	4	4	8	0.39285714285714285
src/doc/book/strings.md	11	3	14	0.5598455598455598
src/test/debug-info/borrowed-enum.rs	10	1	11	0.9047619047619048
src/test/compile-fail/aux/coherence_orphan_lib.rs	0	1	1	1.0
src/test/debuginfo/generic-static-method-on-struct-and-enum.rs	13	3	16	0.42105263157894735
src/rt/libuv/uv-win.h	0	2	2	0.5
src/test/run-pass/issue-16256.rs	5	3	8	0.5035971223021583
src/libsyntax/util/thin_vec.rs	2	5	7	0.3018867924528302
src/test/auxiliary/trait_inheritance_auto_xc_2_aux.rs	9	4	13	0.4429530201342282
src/test/compile-fail/lint-non-snake-case-crate-2.rs	3	4	7	0.6153846153846154
src/test/compile-fail/feature-gate-intrinsics-and-lang-items.rs	3	2	5	0.6190476190476191
src/test/auxiliary/cci_class_6.rs	18	4	22	0.46190476190476193
src/test/run-pass/while-and-do-while.rs	0	8	8	0.42857142857142855
src/libstd/sync/spsc_queue.rs	4	3	7	0.7032967032967034
src/rt/libuv/src/win/winapi.c	0	2	2	0.8
src/test/run-pass/issue-4735.rs	11	3	14	0.607773851590106
src/test/run-pass/coherence-subtyping.rs	5	4	9	0.48
src/test/ui/compare-method/reordered-type-param.stderr	1	2	3	0.6764705882352942
src/doc/nomicon/vec-zsts.md	4	3	7	0.6990291262135923
src/test/compile-fail/privacy/restricted/private-in-public.rs	4	3	7	0.631578947368421
src/test/codegen-units/item-collection/generic-impl.rs	1	5	6	0.5714285714285714
src/rt/libuv/src/uv-common.h	0	4	4	0.5
src/test/run-make/archive-duplicate-names/foo.rs	3	3	6	0.4523809523809524
src/rustc/middle/kind.rs	8	8	16	0.16455696202531644
src/test/run-make/llvm-module-pass/main.rs	1	3	4	0.7391304347826086
src/libcoretest/num/uint.rs	5	3	8	0.3563218390804598
src/test/compile-fail/issue-7246.rs	5	1	6	0.8837209302325582
src/libproc_macro_plugin/qquote.rs	2	3	5	0.6052631578947368
src/librustc_mir/build/matches/util.rs	12	3	15	0.5822454308093995
src/test/auxiliary/derive-no-std.rs	2	3	5	0.4266666666666667
src/test/compile-fail/auxiliary/trait_safety_lib.rs	1	3	4	0.38461538461538464
src/test/parse-fail/keyword-crate-as-identifier.rs	2	3	5	0.6341463414634146
src/librbml/io.rs	11	3	14	0.36316695352839934
src/test/rustdoc/playground-none.rs	0	5	5	0.6
src/rt/libuv/src/ares/nameser.h	0	4	4	0.5
src/rustc/middle/trans/reflect.rs	4	8	12	0.18518518518518517
src/test/run-pass/borrowck-closures-two-imm.rs	9	3	12	0.32209737827715357
src/test/compile-fail/issue-17718-const-bad-values.rs	7	3	10	0.4367816091954023
src/libstd/fmt/mod.rs	26	2	28	0.8500687757909215
src/test/run-pass/regions-bound-lists-feature-gate-2.rs	7	4	11	0.3411764705882353
src/test/compile-fail/unboxed-closure-illegal-move.rs	7	3	10	0.4327485380116959
src/rustdoc/path_pass.rs	6	5	11	0.45098039215686275
src/etc/snapshot.py	41	3	44	0.49830508474576274
src/test/compile-fail/empty-comment.rs	6	3	9	0.5072463768115942
src/test/parse-fail/mod_file_not_exist.rs	3	4	7	0.4117647058823529
src/test/run-pass/issue-5008-borrowed-traitobject-method-call.rs	6	2	8	0.8288288288288288
src/test/compile-fail/issue-6991.rs	3	2	5	0.5423728813559322
src/test/stdtest/float.rs	0	6	6	0.3076923076923077
src/test/run-make/no-duplicate-libs/Makefile	2	3	5	0.6764705882352942
src/test/compile-fail/borrowck-move-by-capture.rs	14	4	18	0.5378787878787878
src/doc/trpl/hello-world.md	12	4	16	0.47045454545454546
src/test/compile-fail/direct-obj-fn-call.rs	0	7	7	0.4
src/test/run-pass/packed-struct-generic-layout.rs	11	3	14	0.5752212389380531
src/test/compile-fail/unboxed-closures-borrow-conflict.rs	12	3	15	0.37988826815642457
src/test/compile-fail/enum-variant-type-2.rs	6	3	9	0.6125
src/test/run-pass/class-typarams.rs	12	3	15	0.34763948497854075
src/test/compile-fail/issue-1900.rs	0	5	5	0.5
src/test/run-pass/trait-inheritance-cast.rs	12	3	15	0.4685714285714286
src/libcore/alternate_crate.rc	0	1	1	1.0
src/test/compile-fail/lint-non-snake-case-functions.rs	3	2	5	0.6
src/doc/book/documentation.md	11	3	14	0.5827814569536424
src/test/run-pass/atomic-compare_exchange.rs	3	3	6	0.547945205479452
src/test/compile-fail/issue-12552.rs	0	4	4	0.6666666666666666
src/test/compile-fail/issue-29861.rs	3	2	5	0.7727272727272727
src/test/run-pass/issue-2414-c.rs	5	4	9	0.4
src/test/run-fail/issue-2144.rs	0	5	5	0.4444444444444444
src/test/run-pass/threads.rs	20	4	24	0.46578366445916114
src/test/run-make/issue-28595/b.c	0	3	3	0.7647058823529411
src/test/run-pass/alt-pattern-lit.rs	10	4	14	0.5
src/test/run-pass/no-std-1.rs	2	3	5	0.675
src/test/compile-fail/regions-close-associated-type-into-object.rs	6	3	9	0.36904761904761907
src/test/run-make/issue-24445/foo.rs	2	3	5	0.4482758620689655
src/test/run-pass/tempfile.rs	21	3	24	0.555421686746988
src/test/parse-fail/bad-pointer-type.rs	1	3	4	0.5384615384615384
src/test/run-make/mixing-formats/bar1.rs	0	3	3	0.8
src/test/run-pass/box-in-tup.rs	8	3	11	0.7422680412371134
src/test/compile-fail/variance-issue-20533.rs	5	3	8	0.5980392156862745
src/test/run-pass/mir_trans_critical_edge.rs	3	5	8	0.36904761904761907
src/test/compile-fail/E0057.rs	0	4	4	0.45652173913043476
src/libstd/ebml2.rs	1	6	7	0.2
src/libcore/num/dec2flt/table.rs	2	3	5	0.5942028985507246
src/libcollections/fmt.rs	40	4	44	0.42220598977355733
src/etc/pkg/Distribution.xml	2	2	4	0.7352941176470589
src/test/run-pass/borrowck-borrow-from-at-vec.rs	13	2	15	0.6632653061224489
src/lib/macos_os.rs	11	5	16	0.21428571428571427
src/etc/get-snapshot.py	17	5	22	0.568
src/test/pretty/issue-25031.rs	3	3	6	0.5
src/etc/get-stage0.py	6	3	9	0.583941605839416
src/lib/UInt.rs	0	1	1	1.0
src/test/compile-fail/move-arg.rs	0	5	5	0.45454545454545453
src/test/run-pass/c-stack-returning-int64.rs	24	3	27	0.49909255898366606
src/libstd/panicking.rs	22	6	28	0.4584450402144772
src/test/run-pass/hrtb-fn-like-trait.rs	5	3	8	0.325
src/doc/trpl/tuple-structs.md	2	4	6	0.5777777777777777
src/test/run-pass/issue-24945-repeat-dash-opts.rs	3	4	7	0.5135135135135135
src/test/run-make/test-harness/Makefile	6	3	9	0.7450980392156863
src/librustdoc/visit_lib.rs	6	5	11	0.5421052631578948
src/test/run-pass/tag-align-shape.rs	21	3	24	0.5702702702702702
src/test/compile-fail/lint-deprecated-owned-vector.rs	4	1	5	0.9295774647887324
src/librustc_data_structures/graph/tests.rs	3	3	6	0.6792452830188679
src/test/run-pass/claim-nonterm.rs	0	8	8	0.3125
README.txt	0	1	1	1.0
src/doc/book/guessing-game.md	19	6	25	0.5
src/test/run-pass/associated-types-projection-in-supertrait.rs	4	3	7	0.3644067796610169
src/test/run-pass/deriving-bounds.rs	8	3	11	0.5076142131979695
src/test/compile-fail/lex-bad-token.rs	2	3	5	0.4166666666666667
src/test/run-pass/issue-27281.rs	2	3	5	0.7674418604651163
src/test/run-pass/issue-21174.rs	3	2	5	0.625
src/test/compile-fail/coherence-negative-impls-safe.rs	2	4	6	0.52
src/doc/trpl/effective-rust.md	3	4	7	0.5054945054945055
src/test/compile-fail/deriving-span-TotalEq-tuple-struct.rs	7	2	9	0.7631578947368421
src/test/run-pass/const-enum-struct2.rs	8	4	12	0.45695364238410596
src/librustc_back/target/armv7s_apple_ios.rs	15	6	21	0.5768194070080862
src/test/run-pass/aux/issue-5518.rs	0	1	1	1.0
src/librustc_trans/back/link_msvc.rs	0	2	2	0.5
src/librustdoc/html/static/SourceSerifPro-Bold.woff	2	2	4	0.53125
src/test/run-pass/issue-32805.rs	3	5	8	0.4431818181818182
src/doc/nomicon/vec-alloc.md	2	4	6	0.6136363636363636
src/test/run-pass/issue-14308.rs	9	3	12	0.4409937888198758
src/rt/libuv/test/benchmark-tcp-write-batch.c	0	2	2	0.75
src/librustc_back/rpath.rs	27	3	30	0.35436382754994744
src/test/compile-fail/borrowck-move-from-unsafe-ptr.rs	13	2	15	0.6197183098591549
src/test/run-fail/panic-macro-fmt.rs	3	2	5	0.47619047619047616
src/test/run-pass/intrinsic-move-val-cleanups.rs	5	3	8	0.6396396396396397
src/libstd/sync/mpsc/blocking.rs	11	6	17	0.4006734006734007
src/librustc_incremental/persist/directory.rs	9	4	13	0.44387755102040816
src/test/compile-fail/specialization-overlap.rs	0	1	1	1.0
src/doc/nomicon/races.md	1	3	4	0.6530612244897959
src/test/run-make/libs-through-symlinks/bar.rs	2	1	3	0.9259259259259259
src/test/compile-fail/suggest-path-instead-of-mod-dot-item.rs	8	3	11	0.5650224215246636
src/test/compile-fail/syntax-extension-hexfloat-bad-types.rs	3	1	4	0.9333333333333333
src/librustsyntax/print/pprust.rs	7	5	12	0.26666666666666666
src/libcoretest/cmp.rs	13	3	16	0.569620253164557
src/test/compile-fail/type-parameter-names.rs	8	4	12	0.6114649681528662
src/test/run-pass/overloaded-calls-object-two-args.rs	4	3	7	0.40540540540540543
src/test/compile-fail/E0062.rs	3	5	8	0.3684210526315789
src/test/rustdoc/auxiliary/extern-links.rs	3	3	6	0.5945945945945946
src/test/run-fail/fail-macro-any.rs	6	2	8	0.7563025210084033
src/test/run-pass/issue-15221.rs	9	3	12	0.4888888888888889
src/test/run-pass/fn-bare-assign.rs	11	3	14	0.36423841059602646
src/test/compile-fail/borrowck-init-plus-equal.rs	4	4	8	0.5961538461538461
src/test/compile-fail/E0505.rs	1	4	5	0.3269230769230769
src/test/compile-fail/regions-glb-free-free.rs	21	4	25	0.5967741935483871
src/test/compile-fail/aux/changing-crates-a1.rs	0	1	1	1.0
src/rt/libuv/src/unix/eio/libeio.m4	0	1	1	1.0
src/librusti/utils.rs	9	1	10	0.9037037037037037
src/test/compile-fail/wf-fn-where-clause.rs	4	2	6	0.7666666666666667
src/rt/rust_debug.cpp	6	3	9	0.5714285714285714
src/test/rustdoc/auxiliary/issue-26606-macro.rs	0	2	2	0.6666666666666666
src/test/compile-fail/issue-13407.rs	6	4	10	0.49107142857142855
src/test/compile-fail/borrowck-preserve-box-in-uniq.rs	3	2	5	0.8409090909090909
src/test/run-make/graphviz-flowgraph/f13.dot-expected.dot	8	4	12	0.5491803278688525
src/test/run-pass/variance-vec-covariant.rs	4	3	7	0.41346153846153844
src/test/debuginfo/aux/cross_crate_spans.rs	0	1	1	1.0
src/librustc/middle/infer/sub.rs	15	4	19	0.44244604316546765
src/libcore/io.rs	36	4	40	0.4381443298969072
src/test/compile-fail/bind-struct-early-modifiers.rs	9	3	12	0.4326241134751773
src/test/compile-fail/feature-gate-rustc-diagnostic-macros.rs	4	3	7	0.43243243243243246
repr-rust.md	0	1	1	1.0
src/libsyntax/ext/base.rs	106	3	109	0.5463761863675582
src/test/compile-fail/issue-35668.rs	3	4	7	0.56
src/test/run-pass/issue-17756.rs	4	2	6	0.46938775510204084
src/test/parse-fail/lex-bad-char-literals-5.rs	2	3	5	0.6285714285714286
src/libstd/iter.rs	31	1	32	0.8528072837632777
src/test/run-pass/deriving-copyclone.rs	2	3	5	0.6923076923076923
src/test/compile-fail/deprecation-in-staged-api.rs	3	3	6	0.5714285714285714
src/test/compile-fail/placement-expr-unsafe.rs	3	2	5	0.7291666666666666
src/test/compile-fail/manual-link-bad-form.rs	3	3	6	0.5803571428571429
src/test/compile-fail/builtin-superkinds-typaram-not-send.rs	10	3	13	0.5657142857142857
src/test/parse-fail/extern-crate-as-no-string-help.rs	0	3	3	0.4482758620689655
src/test/compile-fail/issue-9725.rs	7	3	10	0.7244897959183674
src/librustc_const_math/err.rs	6	5	11	0.3157894736842105
src/test/compile-fail/slice-mut-2.rs	7	2	9	0.5961538461538461
src/test/compile-fail/regions-infer-invariance-due-to-mutability-3.rs	12	3	15	0.5929203539823009
src/librustdoc/attr_pass.rs	16	4	20	0.6467236467236467
src/test/run-make/pretty-print-path-suffix/input.rs	4	3	7	0.5531914893617021
src/comp/glue.rc	0	2	2	0.5
src/etc/sugarise-doc-comments.py	6	5	11	0.3918918918918919
src/test/compile-fail/static-assert.rs	8	2	10	0.6343283582089553
src/test/run-pass/fn-bare-anon-2.rs	0	4	4	0.4
src/test/rustdoc/issue-29449.rs	2	2	4	0.8
src/librustc_errors/Cargo.toml	3	6	9	0.31343283582089554
src/libextra/workcache.rs	31	1	32	0.8288431061806656
src/test/run-pass/mutability-inherits-through-fixed-length-vec.rs	18	3	21	0.48881789137380194
src/librustc_metadata/encoder.rs	29	6	35	0.4671009771986971
src/test/pretty/asm-clobbers.rs	6	3	9	0.5227272727272727
src/test/ui/span/destructor-restrictions.stderr	1	3	4	0.38461538461538464
src/rustdoc_ng/plugins.rs	1	2	3	0.875
src/test/run-pass/ext-expand-inner-exprs.rs	4	3	7	0.3548387096774194
src/test/run-pass/x86stdcall2.rs	16	4	20	0.45
src/rt/rust_cxx_glue.cpp	0	3	3	0.8333333333333334
src/test/run-pass/issue-17216.rs	7	3	10	0.3661417322834646
src/bootstrap/sanity.rs	14	5	19	0.44876325088339225
src/test/compile-fail/explicit-call-to-dtor.rs	13	2	15	0.6428571428571429
src/test/run-pass/simd-intrinsic-generic-arithmetic.rs	1	2	3	0.9
src/test/auxiliary/issue-21221-4.rs	3	3	6	0.4948453608247423
src/test/compile-fail/auxiliary/cci_class.rs	1	3	4	0.38461538461538464
src/test/run-pass/trait-false-ambiguity-where-clause-builtin-bound.rs	5	3	8	0.6288659793814433
src/test/run-pass/coerce-expect-unsized.rs	9	4	13	0.49570200573065903
src/rt/libuv/src/unix/eio/eio.pod	0	1	1	1.0
src/libextra/timer.rs	5	3	8	0.7530864197530864
src/librustc/middle/ty/util.rs	12	3	15	0.6445012787723785
src/rt/sync/sync.h	3	6	9	0.3333333333333333
src/test/run-make/json-errors/foo.json	3	3	6	0.4714285714285714
src/libbacktrace/dwarf2.h	6	4	10	0.6581196581196581
src/test/compile-fail/cross-borrow-trait.rs	9	5	14	0.43529411764705883
src/test/run-pass/simplext-3.rs	0	1	1	1.0
src/libextra/terminfo/terminfo.rs	6	2	8	0.7446808510638298
src/test/debuginfo/generic-functions-nested.rs	10	3	13	0.5078534031413613
src/rt/rust_port.cpp	8	5	13	0.43478260869565216
src/test/run-pass/explicit-self-objects-ext-4.rs	5	4	9	0.5918367346938775
src/test/compile-fail/integer-literal-suffix-inference.rs	14	4	18	0.5433526011560693
src/test/compile-fail-fulldeps/rustc-macro/feature-gate-5.rs	4	4	8	0.5694444444444444
src/test/compile-fail/use-meta-mismatch.rs	13	3	16	0.5368421052631579
src/libbacktrace/dwarf2.def	6	4	10	0.6581196581196581
src/test/run-make/invalid-library/foo.rs	0	3	3	0.6
src/test/auxiliary/issue-29181.rs	3	3	6	0.45652173913043476
src/liballoc/Cargo.toml	5	2	7	0.5317460317460317
src/test/compile-fail/E0101.rs	3	5	8	0.45045045045045046
src/boot/llvm/llasm.ml	0	1	1	1.0
src/test/auxiliary/changing-crates-a2.rs	5	4	9	0.5343511450381679
src/test/debuginfo/vec-slices.rs	15	4	19	0.486784140969163
src/librustc_mir/transform/copy_prop.rs	5	6	11	0.4806201550387597
src/test/run-pass/mir_match_arm_guard.rs	4	5	9	0.5238095238095238
src/test/compile-fail/issue-5997-struct.rs	7	3	10	0.6464646464646465
src/test/run-pass/fixed_length_vec_glue.rs	18	1	19	0.7604166666666666
src/test/run-pass/issue-29466.rs	2	2	4	0.84
src/librand/distributions/exponential.rs	23	3	26	0.5084269662921348
src/test/compile-fail/variance-unused-type-param.rs	7	3	10	0.5040650406504065
src/test/run-pass/borrowed-ptr-pattern-2.rs	12	3	15	0.517948717948718
src/test/compile-fail/syntax-extension-bytes-too-small-u8-literal.rs	4	2	6	0.8048780487804879
src/test/compile-fail/import3.rs	15	2	17	0.5375
src/test/auxiliary/lint_stability.rs	15	4	19	0.5403225806451613
src/rustdoc/pass.rs	0	3	3	0.4
src/test/auxiliary/trait_typedef_cc.rs	0	5	5	0.6666666666666666
src/test/run-make/rustdoc-extern-method/bar.rs	2	3	5	0.4387755102040816
src/test/run-pass/issue-6153.rs	11	3	14	0.37606837606837606
src/rt/libuv/ev/ev_port.c	0	2	2	0.5
src/test/run-pass/unique-send.rs	14	3	17	0.4886731391585761
src/test/compile-fail/issue-5358.rs	4	1	5	0.9038461538461539
src/test/run-pass/borrowck-wg-borrow-mut-to-imm.rs	5	3	8	0.717948717948718
src/doc/style/ownership/raii.md	4	6	10	0.2111111111111111
src/test/stdtest/json.rs	0	5	5	0.3333333333333333
src/test/compile-fail/windows-subsystem-invalid.rs	0	2	2	0.8148148148148148
src/test/run-pass/smallest-hello-world.rs	15	4	19	0.5853658536585366
src/test/run-pass/issue-10436.rs	2	3	5	0.49019607843137253
src/test/run-pass/break-value.rs	6	5	11	0.43902439024390244
src/test/auxiliary/cci_impl_lib.rs	14	4	18	0.4550408719346049
src/test/run-pass/mod_dir_implicit.rs	7	3	10	0.423728813559322
src/test/codegen-units/item-collection/aux/cgu_export_trait_method.rs	0	1	1	1.0
src/librustc/plugin/load.rs	17	4	21	0.45365168539325845
src/librustc_trans/trans/debuginfo.rs	32	3	35	0.4067357512953368
src/librustc/traits/specialize/specialization_graph.rs	8	5	13	0.4045307443365696
src/libstd/num/u16.rs	15	4	19	0.6666666666666666
src/test/compile-fail/issue-18819.rs	11	6	17	0.36496350364963503
src/test/compile-fail/specialization/specialization-overlap.rs	2	3	5	0.75
src/test/run-pass/task-comm-chan-cleanup.rs	4	5	9	0.30434782608695654
src/test/auxiliary/test_comm.rs	5	6	11	0.34375
src/test/run-pass/deprecated-derive.rs	6	3	9	0.6578947368421053
src/doc/style/errors/propagation.md	4	6	10	0.2111111111111111
src/test/run-make/target-cpu-native/foo.rs	3	2	5	0.5416666666666666
src/rt/libuv/src/ev/config.h.in	0	2	2	0.5
src/test/ui/codemap_tests/unicode.stderr	7	4	11	0.456
src/test/run-pass-fulldeps/auxiliary/custom_derive_partial_eq.rs	6	4	10	0.5176470588235295
src/test/compile-fail/iter-as-fn.rs	0	2	2	0.5
src/test/debuginfo/cross-crate-spans.rs	7	3	10	0.4394904458598726
src/test/run-pass/leaky_comm.rs	0	5	5	0.3333333333333333
src/libcoretest/fmt/mod.rs	10	4	14	0.6683937823834197
src/rustc/rustc.rs	2	3	5	0.631578947368421
src/libstd/sys/windows/sync.rs	6	5	11	0.3404255319148936
src/test/compile-fail/union-empty.rs	0	1	1	1.0
src/libstd/tri.rs	0	5	5	0.3333333333333333
src/librustc_trans/trans/macros.rs	7	3	10	0.35064935064935066
src/test/run-pass/panic-handler-chain.rs	4	5	9	0.37267080745341613
src/libstd/rt/uv/net.rs	14	2	16	0.7667731629392971
src/librustc/middle/borrowck/doc.rs	13	4	17	0.697986577181208
src/test/compile-fail/use-uninit-dtor.rs	0	3	3	0.5714285714285714
src/test/compile-fail/liveness-init-op-equal.rs	5	3	8	0.7368421052631579
src/test/compile-fail/issue-2063-resource.rs	13	3	16	0.728
src/test/run-make/issue-11908/bar.rs	0	3	3	0.75
src/doc/trpl/ownership.md	29	4	33	0.3615477629987908
src/librustc_back/target_strs.rs	2	4	6	0.6216216216216216
src/comp/middle/trans_closure.rs	7	4	11	0.4461538461538462
src/test/parse-fail/issue-12560-1.rs	7	2	9	0.5970149253731343
src/test/run-make/simd-ffi/simd.rs	11	4	15	0.5040322580645161
src/test/run-pass/paths-containing-nul.rs	2	2	4	0.72
src/test/run-pass/specialization/specialization-projection.rs	2	3	5	0.75
src/test/compile-fail/if-typeck.rs	0	6	6	0.375
src/test/run-pass/type-id-higher-rank-2.rs	0	3	3	0.38596491228070173
src/test/run-pass/auto_serialize_gen.rs	0	1	1	1.0
src/test/run-pass/issue-38002.rs	0	2	2	0.5
src/test/compile-fail/issue-32323.rs	2	4	6	0.4444444444444444
src/librustc_trans/cabi_arm.rs	6	4	10	0.5042735042735043
src/librustc_trans/trans/controlflow.rs	23	4	27	0.38433843384338434
src/rt/libuv/src/ares/CMakeLists.txt	0	3	3	0.6
src/test/debuginfo/method-on-struct.rs	15	3	18	0.40869565217391307
src/test/compile-fail/variance-btree-invariant-types.rs	1	4	5	0.6578947368421053
src/librustpkg/testsuite/pass/simple-lib/foo.rs	0	3	3	0.7777777777777778
src/test/run-pass/tag-in-block.rs	15	4	19	0.328
src/test/compile-fail/dst-bad-coerce1.rs	11	3	14	0.38235294117647056
src/test/run-pass/issue-9396.rs	8	4	12	0.3943298969072165
src/librustc_mir/graphviz.rs	14	5	19	0.44124168514412415
src/test/run-pass/expr-if-unique.rs	11	3	14	0.4587628865979381
src/librustc_data_structures/Cargo.toml	2	3	5	0.631578947368421
src/test/compile-fail/issue-32922.rs	4	4	8	0.4895833333333333
src/test/compile-fail/borrowck-mut-addr-of-imm-var.rs	11	2	13	0.7670454545454546
src/test/compile-fail/feature-gate-assoc-type-defaults.rs	2	2	4	0.75
src/test/compile-fail/gated-naked_functions.rs	2	4	6	0.2727272727272727
src/doc/tarpl/working-with-unsafe.md	0	3	3	0.725
src/test/compile-fail/const-integer-bool-ops.rs	5	6	11	0.5367647058823529
src/libstd/sys/unix/backtrace/printing/gnu.rs	3	1	4	0.8695652173913043
src/test/run-pass/aux/static-methods-crate.rs	0	1	1	1.0
src/test/run-make/issue-19371/Makefile	3	2	5	0.5714285714285714
src/test/run-pass/issue-6898.rs	8	4	12	0.5736842105263158
src/libsyntax_ext/concat.rs	6	6	12	0.36075949367088606
src/test/compile-fail/liveness-if-no-else.rs	8	2	10	0.8157894736842105
src/test/compile-fail/lex-bad-numeric-literals.rs	4	3	7	0.3181818181818182
mk/debuggers.mk	8	4	12	0.3488372093023256
src/test/compile-fail/struct-literal-in-for.rs	6	4	10	0.52
src/rustc/middle/trans/deriving.rs	0	4	4	0.4166666666666667
src/test/compile-fail/fru-extra-field.rs	0	8	8	0.35294117647058826
src/test/compile-fail/privacy5.rs	10	4	14	0.5481171548117155
src/librustc_typeck/variance/solve.rs	6	6	12	0.34439834024896265
src/rt/libuv/src/ares/inet_ntop.h	0	4	4	0.5714285714285714
src/librustc_trans/partitioning.rs	11	4	15	0.4397031539888683
src/libsyntax/ext/deriving/cmp/partial_ord.rs	7	4	11	0.5806451612903226
src/comp/util/filesearch.rs	4	6	10	0.35714285714285715
src/test/debuginfo/lexical-scope-in-for-loop.rs	11	3	14	0.44981412639405205
src/test/run-pass/match-reassign.rs	3	3	6	0.37037037037037035
src/test/run-fail/bug-2470-bounds-check-overflow.rs	20	4	24	0.5154639175257731
src/test/compile-fail/duplicate-parameter.rs	5	3	8	0.5769230769230769
src/test/run-make/manual-link/main.rs	1	2	3	0.7659574468085106
src/librustc_metadata/astencode.rs	23	5	28	0.4663677130044843
src/test/run-pass/deep-vector2.rs	8	2	10	0.7551020408163265
mk/libuv/x86_64/win/Makefile-e	0	3	3	0.3333333333333333
src/test/run-pass/issue-15149.rs	10	3	13	0.36127744510978044
src/lib/posix_FS.rs	0	1	1	1.0
src/test/run-pass/issue-5518.rs	4	3	7	0.4148936170212766
src/test/compile-fail/E0128.rs	1	6	7	0.42735042735042733
src/librustc_mir/transform/break_critical_edges.rs	3	4	7	0.3961038961038961
src/test/run-pass/vec-macro-with-trailing-comma.rs	10	3	13	0.38
src/test/compile-fail/label-static.rs	2	4	6	0.6346153846153846
src/test/compile-fail/traits-issue-23003-overflow.rs	5	2	7	0.524390243902439
src/libstd/sys/common/at_exit_imp.rs	1	6	7	0.3218390804597701
src/test/parse-fail/trait-pub-assoc-ty.rs	4	3	7	0.4883720930232558
src/bootstrap/build/dist.rs	6	3	9	0.5782608695652174
src/rt/jemalloc/include/jemalloc/internal/chunk_dss.h	3	2	5	0.8
src/test/auxiliary/empty-struct.rs	4	3	7	0.5126050420168067
src/test/run-pass/macro-pat.rs	9	3	12	0.3269230769230769
src/librustc_back/target/x86_64_apple_darwin.rs	18	3	21	0.49640287769784175
src/liballoc_system/lib.rs	16	4	20	0.593900481540931
src/test/compile-fail/issue-21045.rs	2	3	5	0.45
src/libsync/comm/sync.rs	5	3	8	0.5772727272727273
src/test/run-pass/issue-3186.rs	1	5	6	0.5161290322580645
src/test/compile-fail/auxiliary/issue-21221-3.rs	0	2	2	0.6666666666666666
src/test/run-pass/empty-struct-braces-gate-1.rs	4	3	7	0.3561643835616438
src/test/run-pass/vec-late-init.rs	16	4	20	0.5163043478260869
src/libstd/hash.rs	22	2	24	0.6325088339222615
src/test/run-pass/macro-tt-followed-by-seq.rs	2	2	4	0.6216216216216216
src/test/compile-fail/macro-backtrace-println.rs	9	5	14	0.5463414634146342
src/librustc_passes/rvalues.rs	7	6	13	0.3937677053824363
src/test/compile-fail/union-borrow.rs	0	1	1	1.0
src/test/compile-fail/issue-12133-1.rs	0	2	2	0.9285714285714286
src/test/compile-fail/binop-bitxor-str.rs	14	3	17	0.6515151515151515
src/test/compile-fail/aux/namespaced_enums.rs	0	1	1	1.0
src/test/compile-fail/bad-const-type.rs	28	3	31	0.4898989898989899
src/librustc_metadata/tls_context.rs	9	4	13	0.4899135446685879
src/test/run-pass/issue-3563-2.rs	10	4	14	0.42948717948717946
src/test/run-pass/issue-1112.rs	10	3	13	0.3817204301075269
src/librustc_typeck/check/coercion.rs	28	5	33	0.45241809672386896
src/test/run-pass/attr-before-view-item.rs	9	5	14	0.31901840490797545
src/test/run-pass/interior-vec.rs	3	5	8	0.23809523809523808
doc/tutorial/control.md	0	2	2	0.8571428571428571
src/test/run-pass/issue-3305.rs	1	6	7	0.5555555555555556
src/libsyntax/ext/env.rs	37	3	40	0.5535889872173058
src/test/run-pass/pipe-manual-2.rs	0	1	1	1.0
src/grammar/parser-lalr.y	12	4	16	0.4868421052631579
src/test/compiletest/util.rs	0	4	4	0.7777777777777778
src/test/run-pass/issue-29668.rs	3	2	5	0.6923076923076923
src/test/compile-fail/regions-escape-loop-via-variable.rs	11	4	15	0.55
src/test/run-pass/auxiliary/issue-31702-2.rs	0	2	2	0.6666666666666666
src/libsyntax/util/testing.rs	4	3	7	0.696969696969697
src/test/run-pass/issue-8460.rs	16	4	20	0.35495495495495494
src/libstd/unstable/intrinsics.rs	22	2	24	0.8448795180722891
src/test/compile-fail/issue-29084.rs	4	5	9	0.42207792207792205
src/test/run-fail/alt-bot-fail.rs	8	4	12	0.38636363636363635
src/test/run-pass/pipe-pingpong-bounded.rs	16	4	20	0.5567567567567567
src/test/run-pass/const-vecs-and-slices.rs	18	2	20	0.6343283582089553
src/comp/middle/debuginfo.rs	8	6	14	0.26744186046511625
doc/guide-tasks.md	7	1	8	0.9027777777777778
src/test/compile-fail/borrowck-block-unint.rs	6	3	9	0.42857142857142855
src/tools/rustbook/book.rs	2	4	6	0.3953488372093023
src/librustc/middle/typeck/infer/doc.rs	9	2	11	0.6220472440944882
src/libstd/sys/unix/sync.rs	18	5	23	0.3916349809885932
src/test/run-pass/aux/trait_superkinds_in_metadata.rs	0	1	1	1.0
src/test/run-pass/std-sync-right-kind-impls.rs	7	4	11	0.5521739130434783
src/test/compile-fail-fulldeps/auxiliary/attr_plugin_test.rs	0	1	1	1.0
src/test/compile-fail/borrowck-lend-flow.rs	18	4	22	0.532258064516129
src/test/run-pass/env-funky-keys.rs	5	3	8	0.6581196581196581
src/test/run-pass/intrinsic-unreachable.rs	5	3	8	0.41134751773049644
src/test/run-pass/alignment-gep-tup-like-2.rs	15	2	17	0.7746478873239436
src/test/run-pass/crate-name-attr-used.rs	4	4	8	0.3969465648854962
src/libsyntax/ext/cfg.rs	20	3	23	0.6452205882352942
src/test/run-pass/issue-8351-2.rs	8	4	12	0.43805309734513276
src/test/run-pass/module-polymorphism-files/template.rs	0	2	2	0.8571428571428571
src/test/run-pass/generic-recursive-tag.rs	16	4	20	0.5546218487394958
src/libsyntax/ext/pipes/pipec.rs	26	4	30	0.5664845173041895
src/test/run-pass/auxiliary/associated-types-cc-lib.rs	0	1	1	1.0
src/test/run-pass/packed-struct-borrow-element.rs	5	3	8	0.46258503401360546
src/test/compile-fail/simd-intrinsic-generic-arithmetic.rs	2	3	5	0.5982142857142857
src/test/run-make/intrinsic-unreachable/exit-unreachable.rs	5	3	8	0.43636363636363634
src/test/auxiliary/svh-a-change-type-arg.rs	7	4	11	0.38666666666666666
src/test/run-pass/issue-11958.rs	9	5	14	0.33554817275747506
src/rt/jemalloc/configure.ac	5	2	7	0.8596491228070176
src/bootstrap/compile.rs	11	5	16	0.46153846153846156
src/test/debuginfo/managed-enum.rs	3	2	5	0.8382352941176471
src/librustc/ty/structural_impls.rs	17	6	23	0.4045261669024045
src/doc/trpl/trait-resolution.md	0	1	1	1.0
src/libstd/io/net/addrinfo.rs	22	2	24	0.5238095238095238
src/test/run-pass/default_type_parameter_dependent_defaults.rs	0	1	1	1.0
src/test/run-fail/rt-set-exit-status-panic.rs	5	3	8	0.4636363636363636
src/libstd/os/ios/mod.rs	4	4	8	0.5767195767195767
src/test/compile-fail/transmute-different-sizes.rs	9	4	13	0.42168674698795183
src/test/compile-fail/borrowck-use-in-index-lvalue.rs	8	3	11	0.6639344262295082
src/test/run-pass/issue-14564.rs	3	3	6	0.5606060606060606
src/librustc_back/target/x86_64_unknown_dragonfly.rs	19	3	22	0.5148514851485149
src/libcore/num/u8.rs	12	4	16	0.5325443786982249
src/test/compile-fail/mutable-huh-variance-deep.rs	2	6	8	0.36666666666666664
src/test/compile-fail/auxiliary/coherence_copy_like_lib.rs	1	3	4	0.38461538461538464
src/test/run-pass/issue-11881.rs	14	3	17	0.41435185185185186
src/test/compile-fail/macro-mismatched-delim-brace-paren.rs	3	3	6	0.4523809523809524
src/test/parse-fail/import-from-path.rs	3	4	7	0.4117647058823529
src/test/compile-fail/associated-types-no-suitable-supertrait.rs	10	4	14	0.36607142857142855
src/test/run-pass/recursion.rs	5	3	8	0.765625
src/test/run-pass/issue-7320.rs	2	2	4	0.7971014492753623
src/test/run-pass/issue-33537.rs	2	3	5	0.46774193548387094
src/etc/pkg/rust-logo.png	1	2	3	0.7037037037037037
src/rt/msvc/stdint.h	3	3	6	0.5094339622641509
src/libstd/rt/macros.rs	9	2	11	0.5869565217391305
src/test/compile-fail/issue-17033.rs	10	5	15	0.47186147186147187
src/test/pretty/issue-959.rs	0	1	1	1.0
src/test/run-pass/multidispatch1.rs	8	3	11	0.34285714285714286
src/test/run-pass/lambda-var-hygiene.rs	6	3	9	0.4943820224719101
src/test/compile-fail/removed-syntax-fixed-vec.rs	9	3	12	0.45410628019323673
src/test/compile-fail/issue-23041.rs	11	3	14	0.5605095541401274
src/comp/front/fold.rs	0	6	6	0.5333333333333333
src/librustc_trans/trans/debuginfo/create_scope_map.rs	11	4	15	0.5919661733615222
src/test/parse-fail/extern-crate-unexpected-token.rs	2	2	4	0.6470588235294118
src/rustdoc/trim_pass.rs	6	5	11	0.5294117647058824
src/rt/libuv/src/unix/ev/ev_kqueue.c	0	2	2	0.75
src/test/compile-fail/liveness-ctor-field-never-init.rs	0	4	4	0.625
src/test/auxiliary/crateresolve_calories-1.rs	8	4	12	0.6038961038961039
src/test/run-pass/cross-crate-newtype-struct-pat.rs	6	3	9	0.47863247863247865
src/test/parse-fail/variadic-ffi-4.rs	3	4	7	0.4117647058823529
src/rt/arch/i386/record_sp.S	11	4	15	0.5294117647058824
src/doc/trpl/the-stack-and-the-heap.md	19	3	22	0.600896860986547
src/test/compile-fail/wf-object-safe.rs	1	2	3	0.8571428571428571
src/librustc_save_analysis/json_dumper.rs	6	6	12	0.48175182481751827
src/librustc_mir/build/expr/as_constant.rs	10	3	13	0.6141078838174274
src/test/run-pass/reexported-static-methods-cross-crate.rs	8	3	11	0.5260416666666666
src/test/compile-fail/liveness-return-last-stmt-semi.rs	17	3	20	0.4673913043478261
src/test/compile-fail/type-macros-fail.rs	6	5	11	0.5549132947976878
src/test/run-pass/stable-addr-of.rs	12	3	15	0.4022346368715084
src/libstd/rc.rs	17	1	18	0.8521505376344086
src/test/run-make/graphviz-flowgraph/f01.dot-expected.dot	8	2	10	0.5217391304347826
src/test/run-pass/lib-run.rs	0	2	2	0.8
src/rt/libuv/src/ev/config_freebsd.h	0	3	3	0.3333333333333333
src/bootstrap/cc.rs	0	1	1	1.0
src/test/compile-fail/feature-gate-needs-allocator.rs	0	3	3	0.8421052631578947
src/librustc/util/lev_distance.rs	11	3	14	0.3819444444444444
doc/tutorial-tasks.md	28	2	30	0.7515274949083504
src/test/codegen/issue-32364.rs	6	4	10	0.6049382716049383
src/test/parse-fail/trailing-carriage-return-in-string.rs	3	4	7	0.4117647058823529
src/test/compile-fail/repeat_count.rs	26	5	31	0.4410828025477707
src/test/compile-fail/method-macro-backtrace.rs	10	4	14	0.5208333333333334
src/test/run-pass/object-lifetime-default-from-rptr-mut.rs	4	3	7	0.5504587155963303
src/librustdoc/html/static/COPYRIGHT.txt	2	2	4	0.78
src/test/compile-fail/borrowck-move-moved-value-into-closure.rs	10	4	14	0.5527638190954773
src/rt/arch/i386/gpr.h	7	2	9	0.6785714285714286
src/rustc/back/target_strs.rs	0	6	6	0.36363636363636365
src/libstd/sync/atomic.rs	5	3	8	0.5664739884393064
src/librustc_trans/trans/mir/did.rs	8	3	11	0.6627906976744186
src/test/compile-fail/issue-19244-1.rs	7	4	11	0.32786885245901637
src/test/compile-fail/cross-fn-cache-hole.rs	6	3	9	0.5932203389830508
src/test/run-pass/leak-tag-copy.rs	12	2	14	0.7128712871287128
src/test/compile-fail/borrowck/borrowck-union-uninitialized.rs	2	3	5	0.5238095238095238
src/test/compile-fail/issue-897.rs	18	3	21	0.4913294797687861
src/test/bench/rt/task-perf-linked-failure.rs	0	2	2	0.8888888888888888
src/rt/jemalloc/test/thread_tcache_enabled.c	0	5	5	0.7777777777777778
src/test/run-pass/static-assert.rs	8	3	11	0.49162011173184356
src/libstd/ffi/os_str.rs	24	4	28	0.3797348484848485
src/test/run-pass/deriving-enum-single-variant.rs	9	3	12	0.4652777777777778
src/test/compile-fail/kindck-owned.rs	9	3	12	0.7185185185185186
src/test/run-pass/aux/priv-impl-prim-ty.rs	0	1	1	1.0
src/libextra/btree.rs	4	2	6	0.8484848484848485
src/rt/libuv/src/ares/ares_version.c	0	3	3	0.6
src/libsyntax/str.rs	3	3	6	0.4594594594594595
src/test/run-pass/enum-export-inheritance.rs	12	4	16	0.4406779661016949
src/test/run-pass-fulldeps/auxiliary/lint_plugin_test.rs	0	1	1	1.0
src/doc/grammar.md	23	5	28	0.43568464730290457
src/libsyntax/tokenstream.rs	12	5	17	0.3850267379679144
src/test/run-pass/deriving-via-extension-iter-bytes-struct.rs	8	2	10	0.6181818181818182
src/comp/pretty/ppaux.rs	4	5	9	0.2903225806451613
src/test/debug-info/lexical-scope-in-unconditional-loop.rs	6	1	7	0.9166666666666666
src/test/compile-fail/slice-2.rs	6	3	9	0.502262443438914
src/libstd/comm/shared.rs	7	3	10	0.5171428571428571
src/test/run-pass-fulldeps/empty-struct-braces-derive.rs	4	3	7	0.4393939393939394
src/test/compile-fail/omitted-arg-in-item-fn.rs	13	4	17	0.4107142857142857
src/test/compile-fail/loop-labeled-break-value.rs	5	3	8	0.32926829268292684
src/libstd/ffi/c_str.rs	43	5	48	0.426610348468849
src/test/run-pass/traits-multidispatch-infer-convert-target.rs	5	3	8	0.4064516129032258
src/test/compile-fail/issue-34209.rs	5	4	9	0.46875
src/test/run-pass/issue-8578.rs	5	3	8	0.5816326530612245
src/test/parse-fail/pat-lt-bracket-1.rs	0	3	3	0.3333333333333333
src/comp/middle/trans_dps.rs	2	4	6	0.44
src/test/run-pass/parameterized-trait-with-bounds.rs	7	3	10	0.46153846153846156
src/test/compile-fail/for-loop-bogosity.rs	8	4	12	0.4854368932038835
src/test/compile-fail/match-ref-ice.rs	4	3	7	0.4090909090909091
src/test/compile-fail/issue-3763	0	4	4	0.8125
src/grammar/tokens.h	5	3	8	0.6142857142857143
src/test/run-make/print-target-list/Makefile	2	3	5	0.5909090909090909
src/test/run-fail/fail-macro-any-wrapped.rs	5	2	7	0.6710526315789473
src/test/run-pass/send-is-not-static-par-for.rs	7	3	10	0.41545893719806765
src/rt/miniz.c	4	3	7	0.4576271186440678
src/test/debuginfo/issue22656.rs	6	2	8	0.5166666666666667
src/test/compile-fail/lex-bad-fp-base-2.rs	3	1	4	0.9
src/test/compile-fail/bad-bang-ann-3.rs	17	5	22	0.3321554770318021
src/test/compile-fail/deriving-span-TotalOrd-enum-struct-variant.rs	7	2	9	0.7631578947368421
src/test/run-pass/issue-4092	0	4	4	0.8125
src/test/auxiliary/overloaded_autoderef_xc.rs	8	4	12	0.4777777777777778
src/test/run-pass/auxiliary/extern_calling_convention.rs	0	1	1	1.0
src/test/debug-info/include_string.rs	6	1	7	0.9
src/librustc/middle/traits/specialize/mod.rs	2	4	6	0.4861111111111111
src/librustc/middle/trans/block.rs	0	4	4	0.75
src/libstd/num/u8.rs	15	4	19	0.6698113207547169
src/librustc/middle/borrowck/graphviz.rs	7	4	11	0.47635135135135137
src/test/compile-fail/aux/needs_allocator.rs	0	1	1	1.0
src/test/pretty/cap-clause.rs	0	6	6	0.4
src/test/run-pass/trait-generic.rs	25	3	28	0.5515463917525774
src/test/run-fail/borrowck-wg-fail.rs	3	2	5	0.8035714285714286
src/test/run-pass/sendfn-generic-fn.rs	14	3	17	0.5666666666666667
src/test/run-make/symlinked-extern/foo.rs	3	1	4	0.8636363636363636
src/test/run-pass/issue-15730.rs	4	3	7	0.6521739130434783
src/test/run-pass/ptr-is-null.rs	0	3	3	0.3333333333333333
src/test/run-pass-fulldeps/proc-macro/smoke.rs	0	3	3	0.3333333333333333
src/test/compile-fail/explicit-self-lifetime-mismatch.rs	16	3	19	0.5470085470085471
src/test/run-pass/sepcomp-fns.rs	6	3	9	0.4178082191780822
src/test/compile-fail/macro-reexport-malformed-1.rs	6	3	9	0.40476190476190477
src/test/compile-fail/aux/issue_30123_aux.rs	0	1	1	1.0
src/support/include/llvm-c/Object.h	0	1	1	1.0
src/etc/platform-intrinsics/generator.py	11	3	14	0.5851851851851851
src/test/run-pass/issue-5884.rs	9	3	12	0.6481481481481481
src/test/compile-fail/deriving-span-PartialEq-enum.rs	4	3	7	0.5
src/libcore/iter/range.rs	10	6	16	0.3939393939393939
src/test/run-pass/leak-unique-as-tydesc.rs	8	3	11	0.4426229508196721
src/test/run-pass/anon-obj-cats.rs	0	3	3	0.3333333333333333
src/libstd/sys/windows/printing/msvc.rs	5	3	8	0.6358974358974359
src/rt/libuv/src/ares/ares_llist.h	0	3	3	0.6
src/test/ui/span/loan-extend.stderr	2	4	6	0.5853658536585366
src/etc/vim/after/syntax/rust.vim	9	3	12	0.5625
src/test/compile-fail/borrowck/borrowck-vec-pattern-element-loan.rs	6	5	11	0.46987951807228917
src/librustc_incremental/calculate_svh/caching_codemap_view.rs	2	4	6	0.75
src/test/run-pass-valgrind/down-with-thread-dtors.rs	2	3	5	0.75
src/test/run-pass/issue-4016.rs	19	3	22	0.5786666666666667
src/test/compile-fail/match-static-const-lc.rs	11	2	13	0.7066666666666667
src/test/compile-fail/disallowed-deconstructing-destructing-struct-match.rs	12	3	15	0.7624309392265194
src/test/compile-fail/concat_idents-gate2.rs	5	2	7	0.575
mk/libuv/ia32/unix/src/rt/libuv/run-tests.target.mk	0	2	2	0.5
src/test/compile-fail/dst-bad-coerce4.rs	8	4	12	0.4461538461538462
src/test/compile-fail/issue-17718-const-destructors.rs	0	3	3	0.8125
src/test/run-fail/hashmap-capacity-overflow.rs	4	3	7	0.3893805309734513
src/test/compile-fail/ambig-default-method.rs	2	2	4	0.8333333333333334
src/librustc/middle/ty/maps.rs	4	3	7	0.5
src/librustc/middle/ty.rs	128	3	131	0.5500070333380223
src/test/compile-fail/borrowck/borrowck-use-uninitialized-in-cast.rs	4	3	7	0.35
src/test/compile-fail/regions-early-bound-error.rs	9	4	13	0.6345177664974619
src/test/run-pass/issue-17771.rs	5	3	8	0.5050505050505051
src/test/run-pass/aux/trait_inheritance_auto_xc_aux.rs	0	1	1	1.0
src/test/run-pass/aux/issue-17718-aux.rs	0	1	1	1.0
src/libsync/sync/mutex.rs	1	3	4	0.8666666666666667
src/test/compile-fail/borrowck/borrowck-closures-mut-of-imm.rs	2	3	5	0.43859649122807015
src/librustc/traits/mod.rs	14	5	19	0.3828996282527881
src/test/compile-fail/unused-mut-warning-captured-var.rs	8	4	12	0.41843971631205673
src/test/run-pass/region-dependent-autoslice.rs	1	2	3	0.90625
src/librustc/ty/mod.rs	25	6	31	0.40942323314378554
src/test/run-pass/deriving-cmp-generic-tuple-struct.rs	13	3	16	0.5604395604395604
src/test/compile-fail/cast-immutable-mutable-trait.rs	4	1	5	0.9259259259259259
src/test/run-pass/evec-slice.rs	11	3	14	0.6804979253112033
mk/cfg/armv7s-apple-ios.mk	8	5	13	0.40772532188841204
src/test/run-pass/writealias.rs	19	3	22	0.39847715736040606
src/test/compile-fail/keyword.rs	8	3	11	0.34146341463414637
src/test/compile-fail/closure-referencing-itself-issue-25954.rs	2	3	5	0.7777777777777778
src/test/run-pass/use-uninit-alt.rs	5	6	11	0.4423076923076923
src/test/run-pass/issue-12677.rs	5	3	8	0.5396825396825397
src/test/run-pass/overloaded-calls-object-zero-args.rs	5	3	8	0.41228070175438597
src/librustc_errors/lock.rs	5	5	10	0.2857142857142857
src/rt/libuv/ev/ev.h	0	2	2	0.5
src/test/compile-fail/xcrate-unit-struct.rs	6	2	8	0.6984126984126984
src/test/compile-fail/regions-ref-in-fn-arg.rs	8	3	11	0.49693251533742333
src/doc/trpl/rust-inside-other-languages.md	11	3	14	0.658273381294964
src/librustc/middle/typeck/check/vtable2.rs	5	2	7	0.5966850828729282
src/compiletest/compiletest.rc	23	3	26	0.5934426229508196
src/test/run-pass/type-macros.rs	0	1	1	1.0
src/test/compile-fail/unboxed-closure-sugar-wrong-number-number-type-parameters-1.rs	4	4	8	0.415929203539823
src/test/compile-fail/issue-14309.rs	6	3	9	0.6067415730337079
src/libstd/collections/hash/map.rs	73	4	77	0.392325996430696
src/test/run-pass/vec-matching.rs	24	3	27	0.5298969072164949
mk/libuv/mac/src/rt/libuv/run-benchmarks.target.mk	0	3	3	0.3333333333333333
src/test/run-pass/regions-params.rs	16	3	19	0.35135135135135137
src/test/compile-fail/lint-heap-memory.rs	10	1	11	0.835820895522388
src/test/run-pass/mir_boxing.rs	3	5	8	0.4875
src/test/compile-fail/obsolete-tilde.rs	6	2	8	0.5151515151515151
src/test/run-pass/range.rs	15	3	18	0.3629976580796253
src/rt/rustrt.darwin.def	0	1	1	1.0
src/test/codegen/likely.rs	3	4	7	0.5454545454545454
src/test/run-pass/issue-19244.rs	6	4	10	0.5043478260869565
src/test/run-pass/process-exit.rs	4	5	9	0.2604166666666667
src/test/run-pass/alt-path.rs	6	5	11	0.325
exception-safety.md	0	1	1	1.0
src/librustdoc/html/highlight.rs	40	4	44	0.5198098256735341
src/librustc_typeck/check/wf.rs	28	4	32	0.4388020833333333
src/test/run-make/issue-22131/Makefile	5	4	9	0.5904761904761905
src/test/run-pass/borrowck-pat-reassign-no-binding.rs	12	3	15	0.441340782122905
doc/full-toc.inc	0	2	2	0.8
src/test/incremental/remove-private-item-cross-crate/auxiliary/a.rs	3	4	7	0.46
src/test/auxiliary/anon-extern-mod-cross-crate-1.rs	14	4	18	0.6201550387596899
src/rt/sundown/src/stack.h	0	2	2	0.9310344827586207
src/test/codegen/loads.rs	8	4	12	0.5707317073170731
src/libstd/win32_os.rs	0	11	11	0.21052631578947367
src/test/compile-fail/bind-by-move-no-lvalues-1.rs	10	2	12	0.6515151515151515
src/test/codegen-units/item-collection/aux/cgu_extern_closures.rs	0	1	1	1.0
src/test/compile-fail/issue-10764.rs	4	2	6	0.6875
src/test/run-make/c-static-rlib/foo.rs	4	1	5	0.8947368421052632
src/librustc/middle/ty/cast.rs	4	3	7	0.5057471264367817
src/librustpkg/package_path.rs	6	2	8	0.7285714285714285
src/test/compile-fail-fulldeps/phase-syntax-doesnt-resolve.rs	5	4	9	0.5604395604395604
src/libcore/private/intrinsics.rs	1	3	4	0.7619047619047619
src/test/run-pass/issue-22992.rs	5	4	9	0.5205479452054794
src/librustc/session/config.rs	69	4	73	0.4316081330868762
src/librustc/middle/typeck/mod.rs	44	2	46	0.7215108834827144
src/doc/tarpl/data.md	0	3	3	0.74
src/rt/libuv/include/eio.h	0	3	3	0.3333333333333333
src/test/compile-fail/no-comment-balancing.rs	0	4	4	0.7333333333333333
src/test/run-pass/glob-std.rs	9	2	11	0.8513513513513513
src/test/run-make/no-stack-check/attr.rs	5	3	8	0.5306122448979592
src/test/run-make/tools.mk	18	5	23	0.5095419847328244
src/rt/libuv/src/ares/config_openbsd/ares_config.h	0	4	4	0.5
src/test/run-pass/obj-self-4.rs	0	5	5	0.375
src/test/compile-fail/unboxed-closure-region.rs	12	3	15	0.40609137055837563
src/test/run-pass/namespaced-enum-emulate-flat-xc.rs	7	4	11	0.44881889763779526
src/test/parse-fail/keyword-where-as-identifier.rs	2	3	5	0.6341463414634146
src/test/compile-fail/issue-3021.rs	19	4	23	0.62109375
src/test/run-pass/aux/issue-29485.rs	0	1	1	1.0
src/comp/middle/trans_impl.rs	3	6	9	0.5675675675675675
src/test/run-pass/fmt-pointer-trait.rs	4	2	6	0.5277777777777778
src/rt/libuv/src/uv-linux.c	0	3	3	0.3333333333333333
src/test/run-pass/aux/macro_reexport_2.rs	0	1	1	1.0
src/test/compile-fail/E0502.rs	1	4	5	0.3333333333333333
src/test/auxiliary/issue_11680.rs	4	4	8	0.34408602150537637
src/test/compile-fail/issue-6596-2.rs	0	4	4	0.3333333333333333
src/test/run-pass/slice-panic-2.rs	11	4	15	0.4069767441860465
src/comp/front/ext.rs	0	7	7	0.2857142857142857
src/lib/Sort.rs	0	1	1	1.0
src/libstd/num/uint.rs	19	4	23	0.6514913657770801
mk/libuv/ia32/mac/Makefile	0	6	6	0.5
src/test/auxiliary/issue_3136_a.rs	11	3	14	0.5042016806722689
src/librustuv/process.rs	8	2	10	0.7573099415204678
src/test/compile-fail/bad-lint-cap3.rs	1	3	4	0.5714285714285714
src/test/compile-fail/move-fragments-3.rs	10	3	13	0.45
src/doc/trpl/src/hello-world.md	0	2	2	0.9
src/libsyntax/ext/deriving/rand.rs	29	3	32	0.5456989247311828
src/tools/rustbook/test.rs	2	3	5	0.3333333333333333
src/comp/front/test.rs	15	5	20	0.35833333333333334
src/test/compile-fail/import-shadow-1.rs	4	2	6	0.625
src/libstd/net/mod.rs	17	6	23	0.4416761041902605
src/test/run-pass/raw-fat-ptr.rs	1	2	3	0.8611111111111112
src/test/compile-fail/panic-runtime/auxiliary/needs-panic-runtime.rs	1	4	5	0.5405405405405406
src/comp/syntax/parse/lexer.rs	12	7	19	0.23275862068965517
src/test/run-make/graphviz-flowgraph/f21.rs	6	2	8	0.6285714285714286
src/doc/style/features/types/README.md	4	6	10	0.33587786259541985
src/doc/trpl/unstable.md	1	3	4	0.4186046511627907
src/libstd/from_str.rs	8	2	10	0.8114754098360656
src/libsyntax/ext/deriving/generic/ty.rs	22	3	25	0.44165435745937964
src/test/parse-fail/bad-match.rs	3	4	7	0.4117647058823529
src/test/run-fail/if-cond-bot.rs	16	3	19	0.6438356164383562
src/test/run-pass/explicit-self-objects-ext-3.rs	5	4	9	0.5918367346938775
src/test/run-pass/object-lifetime-default-from-rptr-struct.rs	6	3	9	0.47586206896551725
src/test/run-fail/bounds-check-no-overflow.rs	13	3	16	0.47398843930635837
src/test/debuginfo/method-on-generic-struct.rs	15	3	18	0.4255874673629243
src/test/compile-fail/borrowck-init-in-called-fn-expr.rs	7	3	10	0.35714285714285715
src/test/compile-fail/inherit-struct3.rs	2	2	4	0.8181818181818182
doc/tutorial/syntax.md	1	2	3	0.85
src/test/run-pass/issue-14456.rs	14	5	19	0.31788079470198677
src/rt/libuv/src/unix/ev/ev.pod	0	1	1	1.0
src/test/run-pass/issue-5900.rs	4	3	7	0.4864864864864865
src/test/run-pass/core-run-destroy.rs	32	3	35	0.5974155069582505
src/test/codegen-units/non-generic-closures.rs	1	3	4	0.5925925925925926
src/rustc/back/x86_64.rs	4	4	8	0.35
src/test/auxiliary/issue_9155.rs	5	3	8	0.4358974358974359
src/librustc/middle/infer/coercion.rs	12	2	14	0.6674816625916871
src/rustdoc/prune_hidden_pass.rs	4	6	10	0.40625
src/test/run-pass/diverging-fn-tail-35849.rs	1	5	6	0.37209302325581395
src/test/run-pass/str-growth.rs	9	4	13	0.6029411764705882
src/test/run-pass/iter-filter-to-vec.rs	12	2	14	0.5238095238095238
src/rt/arch/arm/morestack.S	8	3	11	0.7256637168141593
src/test/rustdoc/negative-impl.rs	0	3	3	0.3333333333333333
src/test/run-pass/log-knows-the-names-of-variants.rs	21	3	24	0.5799256505576208
src/test/run-pass-fulldeps/auxiliary/plugin_args.rs	6	5	11	0.35
src/test/compile-fail/no-constraint-prop.rs	2	7	9	0.25925925925925924
src/libsyntax/std_inject.rs	24	4	28	0.43365253077975374
src/libstd/io/signal.rs	8	2	10	0.8502824858757062
src/librustuv/signal.rs	5	2	7	0.8361344537815126
src/test/compile-fail/meta-expected-error-wrong-rev.rs	7	3	10	0.2916666666666667
src/test/compile-fail/tstate-unsat-in-called-fn-expr.rs	0	7	7	0.35714285714285715
src/test/run-pass/struct-order-of-eval-1.rs	11	3	14	0.5793650793650794
src/test/debug-info/reference-to-tuple.rs	2	2	4	0.8620689655172413
src/test/run-pass/iter-flat-map-to-vec.rs	7	5	12	0.559322033898305
src/test/run-pass/object-safety-sized-self-return-Self.rs	4	3	7	0.4444444444444444
src/test/run-pass/packed-struct-vec.rs	18	3	21	0.4806378132118451
src/test/compile-fail/deriving-obsolete.rs	2	2	4	0.8461538461538461
src/test/compile-fail/pat-shadow-in-nested-binding.rs	15	5	20	0.53125
src/doc/po/ja/complement-cheatsheet.md.po	5	1	6	0.8990825688073395
src/test/compile-fail/unnamed_argument_mode.rs	0	6	6	0.3
src/test/compile-fail/struct-field-privacy.rs	9	4	13	0.6504065040650406
src/test/compile-fail/gated-no-core.rs	0	1	1	1.0
src/test/run-pass/unnamed_argument_mode.rs	12	3	15	0.43859649122807015
src/test/compile-fail/region-multiple-lifetime-bounds-on-fns-where-clause.rs	8	3	11	0.4153846153846154
src/test/compile-fail/mutable-struct.rs	4	1	5	0.8695652173913043
src/doc/tarpl/meet-safe-and-unsafe.md	0	3	3	0.7254901960784313
src/test/run-pass/native-mod.rc	0	5	5	0.3333333333333333
src/rustc/middle/trans/uniq.rs	6	7	13	0.22916666666666666
src/boot/fe/token.ml	5	1	6	0.75
src/test/run-pass/instantiable.rs	10	3	13	0.47058823529411764
unchecked-uninit.md	0	1	1	1.0
src/test/run-pass/union/union-basic.rs	4	4	8	0.5121951219512195
src/test/compile-fail/bad-value-ident-false.rs	8	4	12	0.3333333333333333
src/test/auxiliary/crateresolve7-2.rs	0	2	2	0.6666666666666666
src/test/run-pass/xc_conditions_client_4.rs	3	1	4	0.9272727272727272
src/test/run-make/include_bytes_deps/main.rs	4	2	6	0.5
src/test/compile-fail/unboxed-closure-sugar-used-on-struct-1.rs	5	4	9	0.4536082474226804
src/boot/fe/ast.ml	5	4	9	0.6428571428571429
src/librustc/alternate_crate.rc	0	1	1	1.0
src/bootstrap/config.rs	15	5	20	0.453804347826087
src/bootstrap/build/compile.rs	3	4	7	0.6086956521739131
src/librustc_mir/transform/break_cleanup_edges.rs	4	4	8	0.42424242424242425
src/test/run-fail/unwind-uninitialized.rs	8	2	10	0.8222222222222222
src/test/compile-fail/typeck-default-trait-impl-trait-where-clause.rs	13	3	16	0.5254901960784314
src/test/compile-fail/regions-infer-paramd-method.rs	15	3	18	0.6054421768707483
src/rustc/syntax/codemap.rs	0	3	3	0.3333333333333333
src/test/run-pass/morestack6.rs	22	2	24	0.6431095406360424
src/librustc/middle/ty/_match.rs	5	3	8	0.5
src/test/bench/pingpong.rs	18	2	20	0.6398104265402843
src/test/compile-fail/auxiliary/issue_19452_aux.rs	5	4	9	0.42592592592592593
src/doc/book/macros.md	10	4	14	0.5657894736842105
doc/guide-conditions.md	5	1	6	0.9032258064516129
src/librustc/middle/borrowck/gather_loans/gather_moves.rs	26	2	28	0.7233082706766917
src/libstd/rt/uvio.rs	4	3	7	0.6153846153846154
src/test/compile-fail/issue-29859-2.rs	0	1	1	1.0
src/test/compile-fail/stability-attribute-issue.rs	3	3	6	0.4074074074074074
src/rt/libuv/src/ev/libev.m4	0	2	2	0.5
src/test/run-pass/issue-15129.rs	4	4	8	0.33093525179856115
src/libnative/io/file_windows.rs	2	2	4	0.6413043478260869
doc/rust.css	14	2	16	0.6694214876033058
src/libstd/num/uint-template/u32.rs	0	2	2	0.875
src/test/compile-fail/issue-21356.rs	3	3	6	0.3333333333333333
src/test/compile-fail/non-str-meta.rs	3	3	6	0.41304347826086957
src/test/auxiliary/cci_class_trait.rs	9	3	12	0.40476190476190477
src/libpanic_unwind/seh64_gnu.rs	10	5	15	0.43577981651376146
src/grammar/parser-lalr-main.c	3	3	6	0.6896551724137931
src/rt/sync/fair_ticket_lock.cpp	0	1	1	1.0
src/bootstrap/bin/rustc.rs	9	3	12	0.4065934065934066
src/test/run-make/manual-crate-name/bar.rs	0	2	2	0.5
src/libstd/rt/select.rs	7	2	9	0.7936507936507936
src/test/run-pass-fulldeps/aux/lint_plugin_test.rs	0	1	1	1.0
src/libsyntax/parse/parser.rs	184	3	187	0.516919358382773
src/test/compile-fail/issue-19096.rs	10	4	14	0.3756906077348066
src/librustc/metadata/filesearch.rs	53	3	56	0.594896331738437
src/test/run-pass/x86stdcall.rs	27	4	31	0.39344262295081966
src/libstd/os/openbsd/raw.rs	8	4	12	0.6225165562913907
src/test/run-make/rustdoc-assoc-types/lib.rs	1	3	4	0.4375
src/test/run-pass/trait-coercion.rs	14	3	17	0.4309859154929577
src/librustpkg/testsuite/pass/src/install-paths/src/bench.rs	0	3	3	0.8181818181818182
src/libstd/sys/unix/fd.rs	14	5	19	0.519203413940256
src/test/compile-fail/wf-trait-fn-ret.rs	4	2	6	0.7666666666666667
src/test/run-pass/associated-const-self-type.rs	2	5	7	0.48484848484848486
src/test/run-pass/unboxed-closures-infer-fnonce-move.rs	6	3	9	0.425531914893617
src/test/bench/graph500-bfs.rs	33	2	35	0.601027397260274
src/librustc_metadata/cstore_impl.rs	2	5	7	0.4444444444444444
src/librustc_plugin/Cargo.toml	8	4	12	0.47393364928909953
src/test/run-pass/issue-15734.rs	14	3	17	0.38461538461538464
src/test/compile-fail/issue-21659-show-relevant-trait-impls.rs	0	1	1	1.0
src/lib/rope.rs	0	4	4	0.625
src/test/run-pass/mir_misc_casts.rs	5	4	9	0.5308641975308642
src/test/compile-fail/extfmt-too-many-args.rs	8	2	10	0.5918367346938775
src/test/compile-fail/borrowck-move-from-subpath-of-borrowed-path.rs	10	3	13	0.5540540540540541
src/test/run-pass/const-enum-byref.rs	10	4	14	0.38967136150234744
src/libpanic_unwind/gcc.rs	16	5	21	0.4583333333333333
src/test/compile-fail/tps-invariant-iface.rs	0	5	5	0.4444444444444444
src/test/auxiliary/coherence_inherent_cc_lib.rs	3	3	6	0.36764705882352944
src/test/compile-fail/keyword-break-as-identifier.rs	2	3	5	0.3333333333333333
src/test/compile-fail/extern-wrong-value-type.rs	16	3	19	0.37142857142857144
src/test/compile-fail/lex-unterminated-char-const.rs	3	1	4	0.926829268292683
src/libstd/prelude/mod.rs	13	4	17	0.5475728155339806
src/rt/libuv/src/unix/ev/ev_port.c	0	1	1	1.0
src/test/debug-info/reference-to-basic.rs	2	2	4	0.8620689655172413
src/test/pretty/example2.rs	0	5	5	0.3333333333333333
src/test/run-pass/extern-pass-TwoU64s.rs	15	3	18	0.6762177650429799
src/test/compile-fail/unsized-enum.rs	13	4	17	0.5271317829457365
src/librustc_mir/transform/mod.rs	16	5	21	0.5079365079365079
src/test/compile-fail/macro-backtrace-nested.rs	9	5	14	0.5257142857142857
src/test/parse-fail/inner-attr.rs	5	3	8	0.6285714285714286
src/boot/be/abi.ml	2	3	5	0.6666666666666666
src/bootstrap/rustc.rs	4	3	7	0.556420233463035
src/librustc_mir/build/cfg.rs	14	5	19	0.5670103092783505
src/test/compile-fail/wf-trait-default-fn-arg.rs	4	2	6	0.7666666666666667
mk/snap.mk	16	3	19	0.6029411764705882
src/libcore/cmp_macros.rs	6	3	9	0.43089430894308944
src/test/run-pass/mir_cast_fn_ret.rs	3	6	9	0.4175824175824176
src/test/pretty/issue-4264.pp	21	4	25	0.423463687150838
src/librustc/middle/mem_categorization.rs	83	3	86	0.5487253289473685
src/tools/cargotest/Cargo.toml	3	4	7	0.3888888888888889
src/test/compile-fail/issue-21946.rs	2	2	4	0.6129032258064516
vec-drain.md	0	1	1	1.0
src/rt/libuv/src/win/async.c	0	1	1	1.0
src/test/run-make/sepcomp-separate/foo.rs	3	3	6	0.4696969696969697
src/rustc/middle/pat_util.rs	7	6	13	0.2903225806451613
src/librustdoc/passes/strip_private.rs	4	4	8	0.36507936507936506
src/test/compile-fail/issue-5099.rs	3	1	4	0.8846153846153846
src/test/compile-fail/binop-typeck.rs	8	2	10	0.391304347826087
src/test/run-pass/cstring-drop.rs	4	5	9	0.4772727272727273
src/test/compile-fail/coherence-impls-send.rs	3	3	6	0.38235294117647056
src/rt/libuv/ev/LICENSE	0	2	2	0.5
src/libstd/rt/uv/process.rs	2	2	4	0.8777777777777778
src/test/compile-fail/regions-fn-subtyping.rs	10	2	12	0.5740740740740741
src/test/compile-fail/issue-23024.rs	7	4	11	0.5034965034965035
src/test/run-pass/struct-like-variant-construct.rs	13	4	17	0.5097087378640777
src/libstd/fs/mod.rs	9	3	12	0.3708206686930091
src/test/compile-fail/exclusive-drop-and-copy.rs	6	3	9	0.3523809523809524
src/rt/libuv/test/echo-server.c	0	5	5	0.5
src/test/run-make/rustdoc-extern-default-method/Makefile	2	2	4	0.6103896103896104
src/test/run-pass/main-ivec.rs	2	8	10	0.27586206896551724
src/test/run-fail/expr-match-panic.rs	6	4	10	0.48717948717948717
src/test/bench/task-perf-spawnalot.rs	27	4	31	0.4573055028462998
src/libstd/sys/windows/os.rs	29	3	32	0.3783783783783784
src/test/run-pass/foreach-nested-2.rs	0	8	8	0.5
src/librustdoc/doctree.rs	32	4	36	0.5318991097922848
src/test/auxiliary/crateresolve2-2.rs	9	1	10	0.8518518518518519
src/test/run-pass/issue-4865-3.rs	0	3	3	0.8125
src/libcore/num/flt2dec/mod.rs	13	3	16	0.6189111747851003
src/libstd/prettyprint2.rs	0	7	7	0.25
src/test/run-pass/issue-11592.rs	0	6	6	0.3684210526315789
src/test/run-pass-fulldeps/aux/lto-syntax-extension-plugin.rs	0	1	1	1.0
src/test/run-pass/regions-variance-contravariant-use-contravariant.rs	4	3	7	0.5
mk/libuv/ia32/unix/linux/src/libuv/uv.target.mk	0	4	4	0.6363636363636364
src/rustc/middle/ty.rs	14	6	20	0.20261437908496732
src/test/compile-fail/do-while-constraints.rs	0	7	7	0.2857142857142857
src/test/run-pass/aux/cci_borrow_lib.rs	0	1	1	1.0
src/test/compile-fail/unsafe-fn-autoderef.rs	10	5	15	0.5354330708661418
src/test/compile-fail/E0059.rs	0	4	4	0.45652173913043476
src/test/compile-fail/array_const_index-1.rs	6	5	11	0.4931506849315068
src/test/compile-fail/issue-15260.rs	9	5	14	0.47770700636942676
src/rt/libuv/test/test-bind-error.c	0	4	4	0.25
src/test/compile-fail/associated-types-bound-failure.rs	5	4	9	0.41509433962264153
src/test/run-pass/dst-field-align.rs	2	2	4	0.8620689655172413
src/rt/jemalloc/src/chunk_mmap.c	0	5	5	0.7777777777777778
src/test/compile-fail/issue-25368.rs	2	2	4	0.8095238095238095
src/test/compile-fail/auxiliary/two_macros.rs	1	3	4	0.38461538461538464
src/libstd/bitv.rs	29	4	33	0.47980997624703087
src/test/run-make/alloc-extern-crates/Makefile	3	3	6	0.4523809523809524
src/librustc_driver/Cargo.toml	11	5	16	0.4264705882352941
src/test/run-fail/overflowing-pow-unsigned.rs	5	4	9	0.43478260869565216
src/test/debuginfo/shadowed-argument.rs	10	3	13	0.4918032786885246
src/test/auxiliary/blind-item-mixed-crate-use-item-foo.rs	4	3	7	0.38571428571428573
src/test/run-pass/div-mod.rs	10	3	13	0.352112676056338
src/test/compile-fail/issue-16098.rs	3	2	5	0.696969696969697
src/test/compile-fail/regions-implied-bounds-projection-gap-3.rs	1	2	3	0.8571428571428571
src/test/compile-fail/traits-elaborate-type-region-proj.rs	0	1	1	1.0
src/test/run-pass/unique-swap2.rs	0	1	1	1.0
src/libcore/simd.rs	13	4	17	0.4854368932038835
src/libcore/f64.rs	15	5	20	0.2403846153846154
SourceCodePro-Regular.woff	0	1	1	1.0
src/test/compile-fail/rcmut-not-const-and-not-owned.rs	7	1	8	0.8378378378378378
src/test/run-pass-fulldeps/plugin-args-3.rs	3	3	6	0.5384615384615384
src/librustc/ty/context.rs	19	6	25	0.42629904559915166
src/test/run-pass/explicit-i-suffix.rs	8	3	11	0.4835164835164835
src/test/compile-fail/syntax-extension-regex-invalid.rs	1	2	3	0.8846153846153846
src/test/compile-fail/deriving-field-span-enum.rs	0	2	2	0.8823529411764706
src/test/compile-fail/impl-unused-tps-inherent.rs	2	2	4	0.4827586206896552
src/libcore/rt/test.rs	3	2	5	0.5074626865671642
src/test/compile-fail/panic-runtime/want-abort-got-unwind2.rs	1	4	5	0.5405405405405406
src/librustc_trans/trans/monomorphize.rs	29	4	33	0.4857336956521739
src/test/run-pass/cfg-macros-foo.rs	8	3	11	0.535031847133758
src/test/compile-fail/not-a-pred.rs	12	3	15	0.42168674698795183
src/test/run-pass/stmt_expr_attr_macro_parse.rs	1	3	4	0.7272727272727273
src/test/run-pass-fulldeps/macro-quote-1.rs	7	4	11	0.43884892086330934
src/test/run-pass/union-xcrate.rs	0	1	1	1.0
lifetime-mismatch.md	0	1	1	1.0
src/librustc_errors/snippet/mod.rs	0	1	1	1.0
src/test/run-make/test-harness/test-ignore-cfg.rs	3	2	5	0.6428571428571429
src/test/run-pass/trait-inheritance-self.rs	14	4	18	0.582089552238806
src/libcore/int-template/i16b.rs	0	1	1	1.0
src/rustdoc/desc_to_brief_pass.rs	13	2	15	0.5375
src/test/run-fail/meta-revision-bad.rs	5	3	8	0.5806451612903226
src/librustsyntax/ext/build.rs	0	5	5	0.3333333333333333
src/test/compile-fail/panic-runtime/libtest-unwinds.rs	1	4	5	0.5405405405405406
src/test/compile-fail/trait-bounds-on-structs-and-enums-in-fns.rs	3	3	6	0.43478260869565216
src/libstd/unstable/at_exit.rs	3	1	4	0.88
src/test/compile-fail/issue-21659-show-relevant-trait-impls-2.rs	6	3	9	0.6575342465753424
src/test/compile-fail/range-1.rs	21	4	25	0.3925233644859813
src/librustpkg/testsuite/pass/fancy-lib/pkg.rs	0	3	3	0.7777777777777778
src/libstd/managed.rs	10	1	11	0.8540540540540541
src/librustc_mir/hair.rs	6	2	8	0.6871508379888268
mk/libuv/unix/src/rt/libuv/uv.target.mk	0	3	3	0.3333333333333333
src/test/compile-fail/stability-attribute-sanity.rs	7	3	10	0.6788990825688074
src/test/run-pass/trait_mix/trait-mix.rs	0	3	3	0.7142857142857143
src/test/auxiliary/cci_class_2.rs	14	4	18	0.43352601156069365
src/test/compile-fail/issue-1896-2.rs	0	1	1	1.0
src/test/bench/rt/msgsend-ring-mutex-arcs.rs	0	2	2	0.8888888888888888
src/etc/platform-intrinsics/x86/tbm.json	5	3	8	0.46938775510204084
src/test/compile-fail-fulldeps/rustc-macro/cannot-link.rs	4	4	8	0.5694444444444444
src/librustdoc/clean/inline.rs	46	4	50	0.48349514563106794
src/test/run-pass/deep.rs	11	3	14	0.436046511627907
src/librustc_plugin/lib.rs	11	4	15	0.5054945054945055
mk/libuv/ia32/unix/src/rt/libuv/run-benchmarks.target.mk	0	2	2	0.5
src/test/compile-fail/E0302.rs	2	3	5	0.5164835164835165
src/test/compile-fail/issue-35075.rs	2	4	6	0.34782608695652173
src/libtime/lib.rs	30	2	32	0.6380208333333334
src/rt/main.ll.in	2	5	7	0.3
src/test/run-pass/out-pointer-aliasing.rs	7	3	10	0.41810344827586204
src/test/run-pass/issue-1821.rs	8	5	13	0.36
src/libstd/generic_os.rs	6	5	11	0.2608695652173913
src/test/auxiliary/cgu_explicit_inlining.rs	3	3	6	0.4842105263157895
src/test/run-fail/borrowck-wg-two-array-indices.rs	3	2	5	0.891566265060241
src/test/compile-fail/transmute-impl.rs	7	2	9	0.4606741573033708
src/rt/libuv/src/ares/ares_strdup.h	0	3	3	0.6
src/test/run-pass/macro-crate-def-only.rs	9	3	12	0.5207100591715976
src/test/bench/rt/task-perf-jargon-metal-smoke.rs	0	2	2	0.8888888888888888
src/test/compile-fail/deprecated-url.rs	2	1	3	0.9259259259259259
src/test/run-make/c-static-rlib/cfoo.c	3	3	6	0.43859649122807015
src/test/compile-fail-fulldeps/lint-plugin-forbid-cmdline.rs	3	3	6	0.4875
src/test/stdtest/istr.rs	0	1	1	1.0
src/test/compile-fail/E0439.rs	2	3	5	0.4583333333333333
src/test/run-pass/fixed_length_copy.rs	15	3	18	0.4506172839506173
src/test/run-fail/unwind-resource-fail3.rs	14	3	17	0.7401129943502824
src/libcore/uint-template.rs	19	4	23	0.2777777777777778
src/test/run-pass/vec-lib.rs	0	4	4	0.3333333333333333
src/libcore/unstable/extfmt.rs	9	2	11	0.7610062893081762
src/test/run-pass/issue-14330.rs	7	3	10	0.456
src/libcollectionstest/bit/mod.rs	4	3	7	0.5517241379310345
src/test/run-pass/regions-dependent-let-ref.rs	4	3	7	0.43373493975903615
src/test/compile-fail/ifmt-unimpl.rs	8	4	12	0.5632183908045977
src/doc/trpl/looping.md	9	5	14	0.45226130653266333
src/test/run-fail/diverging-closure.rs	3	3	6	0.5862068965517241
src/libstd/comm.rs	29	2	31	0.6601466992665037
src/test/run-pass/regions-reassign-let-bound-pointer.rs	4	3	7	0.573170731707317
subtyping.md	0	1	1	1.0
src/rustc/middle/typeck.rs	10	6	16	0.22258064516129034
src/test/run-pass/bitwise.rs	26	3	29	0.5127478753541076
src/test/compile-fail/lint-type-limits.rs	21	4	25	0.5248756218905473
src/test/debuginfo/constant-in-match-pattern.rs	7	4	11	0.42424242424242425
src/test/run-pass/aux/issue-9968.rs	0	1	1	1.0
src/librustc/middle/trans/meth.rs	47	2	49	0.7399080224833929
src/rt/libuv/src/ares/ares_dns.h	0	3	3	0.6
src/test/run-pass/macro-of-higher-order.rs	12	3	15	0.3315508021390374
src/test/run-pass/fn-lval.rs	11	3	14	0.42857142857142855
src/test/run-pass/issue-15487.rs	3	2	5	0.84375
src/test/compile-fail/deriving-span-Rand-enum-struct-variant.rs	6	2	8	0.7217391304347827
src/test/compile-fail/macro-name-typo.rs	0	4	4	0.7058823529411765
src/librustrt/c_str.rs	25	2	27	0.5313479623824452
src/test/run-pass/associated-types-eq-obj.rs	6	3	9	0.5267175572519084
src/test/compile-fail/bad-mid-path-type-params.rs	13	3	16	0.66
src/test/run-pass/macro-interpolation.rs	14	3	17	0.3465045592705167
src/test/compile-fail/lint-dead-code-2.rs	8	3	11	0.5182926829268293
src/libstd/unstable/extfmt.rs	13	2	15	0.7848101265822784
src/test/run-fail/issue-20971.rs	8	3	11	0.43529411764705883
src/test/compile-fail/issue-26459.rs	8	4	12	0.631578947368421
src/librustdoc/text_pass.rs	16	4	20	0.5871559633027523
src/test/run-pass/match-ref-unsized.rs	3	4	7	0.509090909090909
src/librustc/middle/trans/type_of.rs	38	2	40	0.7598152424942263
src/test/compile-fail/tag-variant-disr-type-mismatch.rs	4	2	6	0.7391304347826086
src/test/compile-fail/no-binary-float-literal.rs	5	3	8	0.34328358208955223
src/rtstartup/rsbegin.rs	10	5	15	0.48148148148148145
src/rt/libuv/build/gcc_version.py	0	2	2	0.75
src/rt/libuv/src/unix/cares.c	0	2	2	0.8
src/test/compile-fail/map-types.rs	27	3	30	0.5300668151447662
src/test/bench/rt/task-perf-alloc-unwind.rs	0	2	2	0.8888888888888888
src/test/stdtest/getopts.rs	6	3	9	0.3
src/test/debuginfo/function-arguments.rs	8	3	11	0.42105263157894735
src/test/compile-fail/kindck-send-unsafe.rs~rust-lang_master	2	2	4	0.5454545454545454
src/test/compile-fail/issue-1655.rs	12	4	16	0.45614035087719296
src/lib/tri.rs	0	3	3	0.5
mk/cfg/s390x-unknown-linux-gnu.mk	4	4	8	0.46153846153846156
src/libcollections/btree/node.rs	37	4	41	0.41365461847389556
src/test/compile-fail/cycle-trait-supertrait-indirect.rs	2	4	6	0.5344827586206896
src/test/compile-fail/issue-1448-2.rs	15	3	18	0.6170212765957447
src/test/run-pass/issue-30615.rs	2	4	6	0.3333333333333333
src/librustc_metadata/index.rs	6	5	11	0.42857142857142855
src/doc/style/safety/README.md	4	6	10	0.2111111111111111
src/rt/jemalloc/INSTALL	0	5	5	0.7777777777777778
src/test/auxiliary/issue_9123.rs	5	4	9	0.4421768707482993
src/test/compile-fail/regions-infer-contravariance-due-to-immutability.rs	3	4	7	0.6578947368421053
src/test/compile-fail/move-fragments-1.rs	5	4	9	0.3923076923076923
src/rt/arch/x64/_context.S	0	1	1	1.0
src/test/run-pass/issue-17732.rs	6	3	9	0.4953271028037383
src/librustsyntax/ext/simplext.rs	0	8	8	0.23076923076923078
src/comp/front/token.rs	2	6	8	0.2894736842105263
src/test/run-pass/typeclasses-eq-example-static.rs	16	4	20	0.5431654676258992
src/libbacktrace/install-sh	5	2	7	0.7708333333333334
src/test/incremental/krate_reassign_34991/auxiliary/a.rs	1	2	3	0.6296296296296297
src/libsyntax/opt_vec.rs	25	1	26	0.8015873015873016
src/librustc/back/archive.rs	20	2	22	0.8642857142857143
src/test/compile-fail/cant-implement-builtin-kinds.rs	2	1	3	0.9375
src/test/run-pass/aux/issue_12612_2.rs	0	1	1	1.0
src/rt/libuv/ev/config.sub	0	2	2	0.5
src/doc/style/style/naming/ownership.md	4	6	10	0.2111111111111111
src/librustc/middle/infer/region_inference/graphviz.rs	21	3	24	0.3563218390804598
src/test/run-pass/enum-cast.rs	4	1	5	0.8181818181818182
src/rt/libuv/src/unix/core.c	0	2	2	0.6666666666666666
src/test/bench/rt/task-perf-spawnalot.rs	0	2	2	0.8888888888888888
src/rt/rust_internal.h	10	7	17	0.19863013698630136
src/test/run-pass/iter-any.rs	8	5	13	0.4909090909090909
src/test/compile-fail/private-class-field.rs	0	6	6	0.375
src/test/compile-fail/associated-types-in-wrong-context.rs	3	3	6	0.39080459770114945
src/test/run-make/extern-multiple-copies/bar.rs	2	2	4	0.7407407407407407
src/test/compile-fail/region-lifetime-bounds-on-fns-where-clause.rs	8	3	11	0.4153846153846154
src/doc/nomicon/SUMMARY.md	0	3	3	0.6923076923076923
src/test/run-pass/foreign-struct.rs	10	2	12	0.5867768595041323
src/rustc/metadata/csearch.rs	10	7	17	0.25663716814159293
src/doc/complement-bugreport.md	9	4	13	0.3381294964028777
src/test/run-pass/iter-range.rs	16	3	19	0.44387755102040816
src/test/run-pass/crateresolve2.rs	8	2	10	0.7228915662650602
src/rustbook/subcommand.rs	5	4	9	0.5294117647058824
src/test/run-pass/anon-obj-no-inner-obj.rs	0	3	3	0.5714285714285714
src/test/debuginfo/pretty-std.rs	0	4	4	0.6666666666666666
src/test/compile-fail/raw-byte-string-literals.rs	3	3	6	0.54
src/test/compile-fail/E0172.rs	3	5	8	0.4
src/libcompiler_builtins/Cargo.toml	3	4	7	0.5370370370370371
src/test/run-make/windows-subsystem/console.rs	0	2	2	0.8076923076923077
src/test/run-pass/iter-foldl.rs	12	2	14	0.532258064516129
src/test/compile-fail/lint-forbid-attr.rs	9	5	14	0.4014084507042254
src/test/compile-fail/unspecified-self-in-trait-ref.rs	0	3	3	0.7083333333333334
src/test/debuginfo/tuple-in-struct.rs	10	3	13	0.42528735632183906
src/rt/memcheck.h	0	4	4	0.4
src/test/compile-fail-fulldeps/syntax-extension-fourcc-non-ascii-str.rs	2	1	3	0.92
src/test/auxiliary/cci_class_iface.rs	0	3	3	0.5
src/test/compile-fail/object-safety-supertrait-mentions-Self.rs	6	6	12	0.38311688311688313
src/test/compile-fail/alt-vec-unreachable.rs	0	4	4	0.8
src/boot/driver/x86/glue.ml	0	1	1	1.0
src/libstd/sys/unix/backtrace/printing/mod.rs	5	2	7	0.8421052631578947
src/test/run-pass/newlambdas-ret-infer.rs	8	4	12	0.40669856459330145
src/rustc/test_shim/Cargo.toml	3	3	6	0.46875
src/test/compile-fail/str-idx.rs	12	4	16	0.5343137254901961
src/test/run-pass/issue-21384.rs	7	3	10	0.42105263157894735
src/test/auxiliary/private_variant_1.rs	3	3	6	0.7441860465116279
src/test/compile-fail/hrtb-perfect-forwarding.rs	7	4	11	0.4146341463414634
src/comp/middle/tstate/pre_post_conditions.rs	11	7	18	0.25365853658536586
src/test/run-pass/issue-12028.rs	3	3	6	0.494949494949495
doc/tutorial-borrowed-ptr.md	18	2	20	0.639751552795031
src/test/run-make/bare-outfile/foo.rs	4	2	6	0.5
src/test/compile-fail-fulldeps/proc-macro/feature-gate-2.rs	0	3	3	0.3333333333333333
src/test/run-pass/object-safety-sized-self-generic-method.rs	4	3	7	0.4444444444444444
src/libcoretest/num/u16.rs	4	2	6	0.5227272727272727
src/rt/libuv/src/ares/ares_parse_txt_reply.c	0	3	3	0.6
mk/libuv/mac/Makefile	0	3	3	0.3333333333333333
src/librustc/metadata/util.rs	0	1	1	1.0
src/test/run-pass/multiline-comment.rs	5	5	10	0.4153846153846154
src/test/compile-fail/borrowck-imm-ref-to-mut-rec-field-issue-3162-b.rs	0	8	8	0.5333333333333333
src/test/run-pass/macro-with-attrs2.rs	9	3	12	0.4111111111111111
src/test/compile-fail/E0038.rs	2	5	7	0.34545454545454546
src/rt/libuv/src/eio/aclocal.m4	0	3	3	0.3333333333333333
src/rt/libuv/src/win/udp.c	0	2	2	0.8
src/test/compile-fail/issue-24357.rs	5	3	8	0.5
src/rt/jemalloc/include/jemalloc/internal/bitmap.h	3	2	5	0.8
src/test/codegen/abi-sysv64.rs	4	5	9	0.5340909090909091
src/test/compile-fail/E0308-4.rs	2	4	6	0.4603174603174603
src/test/run-make/output-type-permutations/foo.rs	3	2	5	0.8823529411764706
src/librustc_trans/trans/common.rs	44	4	48	0.44750926307122274
src/test/compile-fail/issue-29181.rs	1	2	3	0.6428571428571429
src/test/run-pass/borrowck-preserve-box-in-pat.rs	11	3	14	0.7368421052631579
src/test/run-pass/issue-36786-resolve-call.rs	3	5	8	0.3888888888888889
src/test/compile-fail/trait-safety-fn-body.rs	7	5	12	0.3505747126436782
src/test/run-pass/issue-22471.rs	2	3	5	0.5714285714285714
src/test/compile-fail/unresolved_static_type_field.rs	1	4	5	0.5
src/test/rustdoc/issue-23511.rs	4	3	7	0.5841584158415841
src/test/compile-fail/variance-cell-is-invariant.rs	3	2	5	0.75
src/test/run-pass/enum-nullable-simplifycfg-misopt.rs	12	4	16	0.5345454545454545
src/test/run-fail/mir_trans_calls_converging_drops.rs	6	4	10	0.5380116959064327
src/libstd/net_url.rs	22	4	26	0.43380281690140843
src/librustc/ty/_match.rs	2	5	7	0.3627450980392157
src/librustc/infer/higher_ranked/mod.rs	15	5	20	0.43675417661097854
src/libpanic_unwind/emcc.rs	4	5	9	0.4225352112676056
src/test/run-fail/while-body-panics.rs	5	5	10	0.3854166666666667
src/test/compile-fail/issue-31173.rs	4	4	8	0.4772727272727273
src/test/stdtest/uv.rs	0	6	6	0.2857142857142857
src/test/run-pass/foreign-no-abi.rs	15	2	17	0.6035502958579881
src/test/compile-fail/E0433.rs	2	3	5	0.4583333333333333
src/test/run-pass/deriving-to-str.rs	3	3	6	0.7846153846153846
src/rustc/middle/typeck/infer/combine.rs	3	7	10	0.2631578947368421
src/test/run-make/extern-flag-disambiguates/Makefile	6	3	9	0.6125
src/test/run-make/bootstrap-from-c-with-native/lib.rs	6	3	9	0.6091370558375635
src/test/compile-fail/issue-26656.rs	5	4	9	0.6944444444444444
src/test/run-fail/morestack2.rs	20	2	22	0.62882096069869
src/test/compile-fail/regions-creating-enums4.rs	12	3	15	0.6554054054054054
src/test/compile-fail/non-exhaustive-match.rs	22	4	26	0.5128205128205128
src/test/run-pass/issue-21306.rs	6	3	9	0.4
src/doc/trpl/associated-constants.md	5	3	8	0.7358490566037735
src/test/compile-fail/variance-use-invariant-struct-1.rs	2	4	6	0.6333333333333333
src/test/rustdoc/issue-34274.rs	2	5	7	0.4583333333333333
src/rustc/middle/check_self.rs	0	2	2	0.5
src/libstd/rt/local.rs	11	2	13	0.8070175438596491
src/libextra/uv_iotask.rs	2	4	6	0.7352941176470589
src/test/compile-fail/issue-31769.rs	5	3	8	0.6219512195121951
src/test/compile-fail/alt-vec-mismatch-2.rs	3	3	6	0.7941176470588235
src/libstd/c_str.rs	26	2	28	0.7008149010477299
src/boot/llvm/llfinal.ml	0	2	2	0.8
src/test/compile-fail/macro-outer-attributes.rs	12	3	15	0.40625
src/test/compile-fail-fulldeps/auxiliary/macro_reexport_1.rs	0	4	4	0.3793103448275862
src/test/compile-fail/keyword-enum-as-identifier.rs	2	3	5	0.3275862068965517
src/librustc_back/target/linux_base.rs	8	4	12	0.6012861736334405
src/test/compile-fail/issue-1193.rs	0	4	4	0.5555555555555556
src/librustc/hir/map/definitions.rs	7	6	13	0.4444444444444444
src/libstd/io/net/tcp.rs	27	2	29	0.6160298229263746
src/test/codegen/lto-removes-invokes.rs	1	4	5	0.5405405405405406
src/test/compile-fail/match-ref-mut-invariance.rs	4	3	7	0.7283950617283951
src/test/parse-fail/parenthesized-box-expr-message.rs	8	3	11	0.5605095541401274
src/libcore/prelude.rs	31	3	34	0.4883195177091183
src/test/run-pass-fulldeps/custom-derive-partial-eq.rs	7	4	11	0.4457831325301205
src/test/compile-fail/impl-wrong-item-for-trait.rs	11	4	15	0.38926174496644295
poisoning.md	0	1	1	1.0
src/rt/libuv/src/ares/ares_data.c	0	3	3	0.6
src/test/compile-fail/lint-unexported-no-mangle.rs	3	3	6	0.5542168674698795
src/libcore/sync/atomic.rs	19	6	25	0.4623406720741599
src/test/compile-fail-fulldeps/proc-macro/import.rs	0	3	3	0.3333333333333333
src/lib/char.rs	0	7	7	0.36363636363636365
src/test/compile-fail/asm-src-loc.rs	3	2	5	0.54
src/test/run-pass/supertrait-default-generics.rs	7	3	10	0.4666666666666667
src/test/run-pass/by-value-self-in-mut-slot.rs	9	3	12	0.3825503355704698
src/libsyntax/ext/deriving/cmp/ord.rs	33	3	36	0.5772128060263654
src/test/run-pass/associated-types-sugar-path.rs	7	3	10	0.38666666666666666
src/rustc/syntax/ext/expand.rs	0	2	2	0.8
src/librustc/dep_graph/README.md	5	5	10	0.5202312138728323
src/test/run-pass/associated-types-conditional-dispatch.rs	8	3	11	0.35795454545454547
src/libcore/rt/io/net/udp.rs	3	2	5	0.6730769230769231
src/test/compile-fail/wf-in-fn-arg.rs	1	2	3	0.8571428571428571
src/libsyntax/errors/snippet/test.rs	8	4	12	0.3868312757201646
src/rt/rust_task_list.cpp	0	5	5	0.4444444444444444
src/test/parse-fail/attr-dangling-in-fn.rs	7	2	9	0.5454545454545454
src/lib/sha1.rs	5	6	11	0.24489795918367346
src/libstd/sys/windows/thread_local.rs	20	4	24	0.3709483793517407
src/test/run-pass/expr-if-box.rs	15	2	17	0.7337662337662337
src/test/debug-info/borrowed-struct.rs	9	1	10	0.9016393442622951
src/test/compile-fail-fulldeps/syntax-extension-hexfloat-bad-lits.rs	2	1	3	0.92
src/librustc_back/target/i686_unknown_freebsd.rs	14	3	17	0.5494880546075085
src/test/run-pass/auxiliary/issue-31702-1.rs	0	2	2	0.6666666666666666
src/comp/README.txt	0	1	1	1.0
src/test/auxiliary/issue-2196-d.rs	0	4	4	0.7777777777777778
src/test/auxiliary/macro-include-items-item.rs	3	4	7	0.3333333333333333
src/test/parse-fail/virtual-structs.rs	6	2	8	0.6031746031746031
src/librustuv/queue.rs	5	2	7	0.8486238532110092
src/test/debug-info/lexical-scope-in-match.rs	8	1	9	0.9107142857142857
src/test/compile-fail/unboxed-closures-move-upvar-from-non-once-ref-closure.rs	5	4	9	0.41818181818181815
src/test/run-pass/use-keyword-2.rs	2	3	5	0.6341463414634146
src/test/run-pass/alt-borrowed_str.rs	7	2	9	0.5909090909090909
src/test/run-pass/issue-5988.rs	6	3	9	0.4840764331210191
src/test/run-pass/issue-9942.rs	7	3	10	0.4423076923076923
src/test/run-pass/issue-28871.rs	0	3	3	0.7777777777777778
src/test/run-pass/issue_26873_multifile/mod.rs	4	2	6	0.6756756756756757
src/test/compile-fail/issue-24805-dropck-child-has-items-via-parent.rs	7	4	11	0.6
src/libstd/semver.rs	7	2	9	0.7530864197530864
doc/tutorial/func.md	0	2	2	0.875
src/test/run-pass/anon-objs-with-fields.rs	0	6	6	0.4166666666666667
src/test/compile-fail/E0559.rs	7	3	10	0.49206349206349204
src/test/compile-fail/issue-5067.rs	4	5	9	0.36538461538461536
src/libstd/comm/spsc_queue.rs	2	3	5	0.5982905982905983
src/test/run-pass/regions-fn-subtyping-2.rs	11	3	14	0.46296296296296297
src/librustc/middle/borrowck/check_loans.rs	41	2	43	0.6869615163699023
src/test/run-pass/auto_serialize2.rs	0	5	5	0.42857142857142855
src/test/parse-fail/issue-24780.rs	2	3	5	0.6896551724137931
src/test/compile-fail/issue-28075.rs	1	3	4	0.7407407407407407
src/test/run-pass/tag-disr-val-shape.rs	21	3	24	0.5977011494252874
src/test/compile-fail/aux/lint_stability_fields.rs	0	1	1	1.0
src/test/compile-fail/issue-11593.rs	3	3	6	0.6724137931034483
src/test/compile-fail/fn-as-iter.rs	0	2	2	0.5
src/test/run-pass/struct-aliases.rs	7	3	10	0.4266666666666667
src/librustc_mir/transform/promote_consts.rs	12	6	18	0.4
src/test/compile-fail/issue-3779.rs	7	5	12	0.5032679738562091
src/test/run-pass/issue-11820.rs	4	3	7	0.47540983606557374
src/libstd/collections/lru_cache.rs	11	2	13	0.5364963503649635
src/test/run-pass/abi-sysv64-arg-passing.rs	3	3	6	0.48936170212765956
src/librustc/front/map/blocks.rs	7	4	11	0.4791666666666667
mk/libuv/x86_64/mac/src/libuv/uv.target.mk	0	6	6	0.5
src/test/compile-fail/svh-use-trait.rs	8	2	10	0.6697247706422018
src/test/run-pass/if-bot.rs	12	3	15	0.6032608695652174
src/rustc/middle/borrowck/loan.rs	5	6	11	0.2037037037037037
src/test/compile-fail/deriving-span-PartialEq-enum-struct-variant.rs	4	3	7	0.5
src/libserialize/collection_impls_old.rs	0	3	3	0.8181818181818182
src/test/auxiliary/crateresolve8-1.rs	6	4	10	0.6298701298701299
src/libcore/rt/uv/timer.rs	0	3	3	0.6
src/test/compile-fail/better-expected.rs	7	2	9	0.559748427672956
src/libstd/c_vec.rs	28	3	31	0.45970937912813736
src/test/run-pass/deriving-via-extension-hash-enum.rs	5	4	9	0.3790849673202614
src/test/run-pass/lib-qsort.rs	0	4	4	0.4444444444444444
src/test/run-pass/deriving-meta.rs	10	3	13	0.44569288389513106
src/test/run-pass/string-box-error.rs	2	3	5	0.425
src/rt/libuv/src/ares/ares_parse_ns_reply.c	0	4	4	0.5
src/test/run-pass/variance-trait-matching.rs	3	3	6	0.38
src/test/run-pass/extern-mod-url.rs	3	3	6	0.6153846153846154
src/test/run-pass/issue-15673.rs	11	3	14	0.31868131868131866
src/librustc_trans/symbol_names_test.rs	3	5	8	0.4330708661417323
src/test/incremental/hashes/consts.rs	3	4	7	0.35555555555555557
src/test/compile-fail/impossible_range.rs	1	4	5	0.5555555555555556
src/test/run-pass/check-static-recursion-foreign.rs	10	3	13	0.4457831325301205
src/test/compile-fail/E0516.rs	3	4	7	0.47191011235955055
src/rt/sync/condition_variable.h	0	2	2	0.6666666666666666
src/librustc/middle/borrowck/gather_loans/restrictions.rs	24	2	26	0.6901960784313725
src/test/run-pass/issue-10853.rs	5	3	8	0.5192307692307693
src/test/compile-fail/issue-17718-extern-const.rs	2	3	5	0.717391304347826
src/test/run-pass/mir_void_return.rs	4	5	9	0.45
src/test/compile-fail/issue-5500-1.rs	7	2	9	0.6428571428571429
src/doc/book/enums.md	4	3	7	0.5974025974025974
src/librand/isaac.rs	36	3	39	0.4696223316912972
src/test/rustdoc/issue-27362.rs	4	2	6	0.7160493827160493
src/rt/libuv/src/ev/configure.ac	0	2	2	0.5
src/libstd/rt/tube.rs	11	2	13	0.773972602739726
src/test/compile-fail/ambig_impl_1.rs	0	8	8	0.23076923076923078
src/test/compile-fail/issue-28776.rs	6	3	9	0.4224137931034483
src/librustc/middle/privacy.rs	63	2	65	0.6359800537015727
src/test/run-pass/reflect-visit-type.rs	28	2	30	0.7630402384500745
src/test/compile-fail/tstate-if-with-else.rs	0	6	6	0.3333333333333333
src/test/run-pass/issue-6919.rs	8	3	11	0.6708074534161491
src/test/compile-fail/borrowck-borrow-from-stack-variable.rs	9	3	12	0.5186721991701245
src/test/auxiliary/extern-crosscrate-source.rs	16	4	20	0.6713483146067416
src/test/pretty/ivec-type.rs	0	2	2	0.6666666666666666
src/test/run-make/use-extern-for-plugins/foo.rs	4	3	7	0.6229508196721312
src/test/run-make/lto-readonly-lib/Makefile	0	4	4	0.631578947368421
src/test/compile-fail/wrong-ret-type.rs	4	5	9	0.48
src/librustc/infer/region_inference/mod.rs	9	5	14	0.44299674267100975
src/test/run-pass/omitted-arg-type.rs	0	1	1	1.0
src/test/compile-fail/unreachable-code-1.rs	0	2	2	0.5
src/rustc/middle/trans/closure.rs	10	7	17	0.1891891891891892
src/test/run-pass/spawn-fn.rs	23	4	27	0.5548245614035088
src/doc/FiraSans-Medium.woff	2	1	3	0.9310344827586207
src/test/parse-fail/keyword-static-as-identifier.rs	6	3	9	0.5333333333333333
src/doc/nomicon/lifetime-mismatch.md	2	2	4	0.7804878048780488
src/libgraphviz/Cargo.toml	2	3	5	0.631578947368421
src/test/run-fail/unwind-box-unique-unique.rs	8	2	10	0.8344370860927153
src/test/compile-fail/lexical-scopes.rs	7	3	10	0.6576576576576577
src/test/compile-fail/feature-gate-placement-expr.rs	4	3	7	0.6194029850746269
src/test/run-pass/box-of-array-of-drop-2.rs	7	4	11	0.4176470588235294
src/test/run-pass/issue-22781.rs	1	2	3	0.8333333333333334
src/test/run-pass/issue-14958.rs	11	3	14	0.44129554655870445
src/test/run-make/target-specs/my-incomplete-platform.json	5	3	8	0.49019607843137253
src/test/compile-fail/arg-style-mismatch.rs	6	2	8	0.7241379310344828
src/comp/front/lexer.rs	4	5	9	0.3375
src/test/auxiliary/issue_16725.rs	4	3	7	0.37681159420289856
src/etc/test-float-parse/subnorm.rs	3	2	5	0.8653846153846154
mk/cfg/x86_64-unknown-linux-gnu	3	3	6	0.6627906976744186
src/test/compile-fail/static-method-privacy.rs	5	2	7	0.84
src/librustdoc/page_pass.rs	13	4	17	0.6254545454545455
src/test/compile-fail/array_const_index-0.rs	6	5	11	0.4931506849315068
src/etc/debugger_pretty_printers_common.py	10	4	14	0.551219512195122
src/libextra/net/mod.rs	0	2	2	0.9375
src/test/run-pass/issue-14837.rs	6	4	10	0.42016806722689076
src/test/compile-fail/tail-non-call.rs	0	6	6	0.4
src/liballoc_jemalloc/build.rs	15	5	20	0.4931506849315068
src/test/parse-fail/removed-syntax-larrow-move.rs	6	2	8	0.5230769230769231
src/test/compile-fail/issue-28113.rs	4	3	7	0.5616438356164384
src/libsyntax_ext/trace_macros.rs	7	7	14	0.3103448275862069
src/test/run-pass/generic-iter-frame.rs	0	7	7	0.3
src/test/run-pass/child-outlives-parent.rs	20	4	24	0.4887640449438202
src/test/run-fail/unimplemented-macro-fail.rs	3	1	4	0.875
src/test/run-pass/unique-object-move.rs	7	3	10	0.432258064516129
src/test/compile-fail/packed-struct-transmute.rs	13	2	15	0.69921875
src/test/compile-fail/wf-in-obj-type-static.rs	4	2	6	0.7540983606557377
src/test/run-pass/task-spawn-connected.rs	0	3	3	0.3333333333333333
src/rt/libuv/src/ares/ares_platform.c	0	2	2	0.75
src/test/compile-fail/issue-11154.rs	2	2	4	0.8863636363636364
src/lib/result.rs	0	4	4	0.5714285714285714
src/test/run-pass/dst-index.rs	12	3	15	0.5282392026578073
src/test/run-pass/use-mod.rs	8	4	12	0.42016806722689076
src/rt/libuv/src/unix/ev/ltmain.sh	0	1	1	1.0
src/rt/libuv/uv.h	0	2	2	0.5
src/doc/nomicon/lifetimes.md	4	3	7	0.6759259259259259
src/libcore/send_map.rs	6	8	14	0.19827586206896552
src/test/compile-fail/static-vec-repeat-not-constant.rs	8	3	11	0.4482758620689655
src/librustc_trans/trans/cabi_asmjs.rs	3	3	6	0.5925925925925926
src/test/auxiliary/const_fn_lib.rs	3	3	6	0.44554455445544555
src/test/auxiliary/crate_with_invalid_spans_macros.rs	5	4	9	0.336283185840708
src/librustc_const_eval/check_match.rs	30	6	36	0.3905429071803853
src/test/compile-fail/indexing-requires-a-uint.rs	13	4	17	0.484304932735426
src/test/parse-fail/mod_file_disambig.rs	1	3	4	0.475
src/libstd/local_data.rs	21	1	22	0.8693548387096774
src/test/compile-fail/regions-infer-invariance-due-to-mutability-2.rs	7	3	10	0.6730769230769231
src/test/compile-fail/trace_macros-format.rs	4	2	6	0.75
src/test/run-pass/module-polymorphism4-files/trait.rs	0	7	7	0.23076923076923078
src/doc/book/error-handling.md	24	4	28	0.48562300319488816
mk/libuv/x86_64/mac/Makefile	0	7	7	0.4666666666666667
src/liballoc_jemalloc/Cargo.toml	6	4	10	0.5797101449275363
src/test/run-pass/nil-decl-in-native.rs	0	2	2	0.5
src/test/run-pass/fact.rs	12	4	16	0.5522388059701493
src/test/run-pass/class-poly-methods-cross-crate.rs	18	3	21	0.48188405797101447
src/librustc/middle/implicator.rs	13	3	16	0.6544117647058824
src/test/compile-fail/closure-bounds-not-builtin.rs	5	2	7	0.5054945054945055
src/libstd/core.rc	6	3	9	0.6888888888888889
src/libstd/io/result.rs	7	4	11	0.46788990825688076
src/test/compile-fail/aux/tdticc_coherence_lib.rs	0	1	1	1.0
src/test/codegen/naked-functions.rs	1	7	8	0.3120567375886525
src/test/run-pass/issue-24308.rs	2	2	4	0.75
src/test/auxiliary/issue-21202.rs	1	4	5	0.38
src/rustc/syntax/ext/concat_idents.rs	0	2	2	0.5
src/libstd/strbuf.rs	9	1	10	0.8818897637795275
src/test/debug-info/tuple-style-enum.rs	10	1	11	0.8936170212765957
src/test/run-pass/multidispatch-conditional-impl-not-considered.rs	4	3	7	0.38095238095238093
src/libstd/send_str.rs	9	1	10	0.8888888888888888
src/test/run-pass/zero-size-type-destructors.rs	10	4	14	0.4307116104868914
src/test/run-pass/auxiliary/unboxed-closures-cross-crate.rs	3	4	7	0.4411764705882353
src/libcore/to_bytes.rs	14	4	18	0.5507246376811594
src/test/run-pass/pass-by-copy.rs	11	2	13	0.7924528301886793
src/rt/jemalloc/doc/html.xsl.in	0	5	5	0.7777777777777778
src/test/run-pass/issue-37686.rs	0	2	2	0.5
src/rt/libuv/src/eio/Changes	0	3	3	0.3333333333333333
src/test/compile-fail/augmented-assignments.rs	5	3	8	0.5486111111111112
src/libcollections/hash/mod.rs	14	2	16	0.5635910224438903
src/rt/rust_signal.h	6	3	9	0.7142857142857143
src/test/run-pass/conditional-debug-macro-off.rs	12	3	15	0.5631313131313131
src/test/auxiliary/rustdoc-nonreachable-impls.rs	3	3	6	0.5058823529411764
src/test/run-pass/issue_26873_multifile/A/C.rs	0	4	4	0.6923076923076923
src/test/run-fail/task-comm-14.rs	0	8	8	0.29411764705882354
src/test/run-pass/issue-2734.rs	20	3	23	0.532871972318339
src/test/run-fail/while-fail.rs	15	2	17	0.7
src/test/compile-fail-fulldeps/rustc-macro/auxiliary/append-impl.rs	4	4	8	0.43478260869565216
src/librustc_typeck/check/regionck.rs	44	4	48	0.4285138944824809
src/libfuzzer/ast_match.rs	6	3	9	0.6818181818181818
src/comp/back/abi.rs	8	5	13	0.2857142857142857
src/test/run-fail/unwind-closure.rs	6	3	9	0.7285714285714285
src/test/run-pass/module-polymorphism4-files/dog.rs	0	6	6	0.5
src/test/compile-fail/non-inline-mod-restriction.rs	2	3	5	0.696969696969697
doc/extract-tests.py	0	1	1	1.0
src/test/auxiliary/issue4516_ty_param_lib.rs	3	2	5	0.8169014084507042
src/test/compile-fail/do-while-pred-constraints.rs	0	8	8	0.2222222222222222
src/test/compile-fail/test-warns-dead-code.rs	2	2	4	0.75
src/test/compile-fail/specialization-overlap-negative.rs	0	1	1	1.0
src/test/debuginfo/struct-style-enum.rs	13	4	17	0.5071428571428571
src/test/run-pass/issue2170exe.rs	10	3	13	0.34108527131782945
src/libcore/rt/io/extensions.rs	2	2	4	0.6571428571428571
src/test/run-pass/estr-uniq.rs	12	3	15	0.6113744075829384
src/librustrt/local_heap.rs	4	2	6	0.52
src/test/run-pass/class-implements-multiple-traits.rs	11	2	13	0.6875
src/test/run-pass/issue-36023.rs	3	4	7	0.33695652173913043
src/test/compile-fail/issue-2370-2.rs	5	2	7	0.7818181818181819
src/rt/memory_region.cpp	13	4	17	0.4461538461538462
src/test/run-pass/issue-5791.rs	4	3	7	0.43243243243243246
src/test/run-pass/issue-7660.rs	6	3	9	0.41361256544502617
src/test/run-pass/issue-19358.rs	9	3	12	0.5555555555555556
src/test/run-make/rlib-chain/m3.rs	4	1	5	0.8958333333333334
src/test/compile-fail/issue-897-2.rs	18	3	21	0.5136612021857924
src/test/compile-fail/static-region-bound.rs	13	3	16	0.647887323943662
src/test/run-pass-valgrind/dst-dtor-1.rs	5	4	9	0.3893805309734513
src/librustc/middle/resolve.rs	83	2	85	0.667347534286548
src/rt/libuv/src/unix/ev/config_sunos.h	0	1	1	1.0
src/test/compile-fail/regions-implied-bounds-projection-gap-4.rs	1	2	3	0.8571428571428571
src/test/compile-fail/attr-bad-meta.rs	9	6	15	0.2692307692307692
src/test/run-pass/macro-delimiter-significance.rs	9	3	12	0.36551724137931035
src/test/compile-fail-fulldeps/proc-macro/shadow-builtin.rs	0	3	3	0.3333333333333333
src/test/bench/shootout-fibo.rs	29	3	32	0.549266247379455
src/rt/arch/i386/_context.S	5	4	9	0.6933333333333334
src/test/compile-fail/restricted-keyword2.rs	0	2	2	0.8
mk/libuv/x86_64/unix/Makefile	0	5	5	0.2
src/test/bench/msgsend-ring-new.rs	0	5	5	0.36363636363636365
src/libcoretest/fmt/num.rs	15	4	19	0.44398340248962653
src/libstd/rand.rs	23	1	24	0.8078512396694215
src/libsyntax/diagnostics/registry.rs	10	5	15	0.3482142857142857
src/test/run-pass/common-fields-trivial.rs	0	6	6	0.5263157894736842
src/librustc/middle/typeck/check/method/confirm.rs	5	4	9	0.44360902255639095
src/test/run-pass/extern-call-scrub.rs	21	4	25	0.5872340425531914
src/test/auxiliary/macro_reexport_2.rs	5	4	9	0.3333333333333333
src/test/compile-fail/cfg-attr-crate-2.rs	5	3	8	0.5079365079365079
src/test/run-pass/issue-35815.rs	2	4	6	0.32
src/librustc/diagnostics.rs	58	4	62	0.4864951768488746
src/librustc_trans/attributes.rs	4	5	9	0.4431818181818182
src/doc/trpl/while-loops.md	9	3	12	0.5505050505050505
src/test/run-pass/class-exports.rs	19	3	22	0.4375
src/test/compile-fail/linkage2.rs	7	4	11	0.6206896551724138
src/test/run-pass/typestate-cfg-nesting.rs	16	3	19	0.4482758620689655
src/rt/rust_gc.cpp	2	2	4	0.8
src/test/compile-fail/borrowck-forbid-static-unsafe-interior.rs	4	1	5	0.9111111111111111
src/test/compile-fail/crust-no-bind.rs	0	3	3	0.5
src/test/compile-fail/coherence-multidispatch-tuple	2	2	4	0.5
src/librustc_trans/lib.rs	43	4	47	0.4433805162364696
src/comp/middle/fold.rs	1	7	8	0.36075949367088606
src/test/compile-fail/issue-28837.rs	0	3	3	0.7666666666666667
src/test/run-pass/issue-1896-2.rs	0	4	4	0.25
src/test/run-pass-fulldeps/aux/logging_right_crate.rs	0	1	1	1.0
src/test/run-pass/associated-const-public-impl.rs	2	5	7	0.48484848484848486
src/test/compile-fail/unsafe-fn-used-in-bind.rs	0	3	3	0.5
src/test/run-pass/autoderef-method-newtype.rs	8	2	10	0.6933333333333334
src/rt/libuv/src/ares/windows_port.c	0	3	3	0.6
src/test/run-pass/auto-ref-slice-plus-ref.rs	14	2	16	0.6690140845070423
src/doc/tarpl/drop-flags.md	0	3	3	0.6981132075471698
src/test/compile-fail/removed-syntax-with-1.rs	6	4	10	0.504950495049505
src/lib/vec.rs	14	6	20	0.33653846153846156
src/test/run-pass/inner-module.rs	10	2	12	0.6515151515151515
src/test/compile-fail/E0162.rs	2	5	7	0.46226415094339623
src/rt/libuv/ev/ev_wrap.h	0	2	2	0.5
src/test/compile-fail/borrowck-fn-in-const-a.rs	4	3	7	0.4444444444444444
src/test/run-pass/task-comm-1.rs	20	4	24	0.4349112426035503
src/comp/front/codemap.rs	0	2	2	0.7272727272727273
src/test/compile-fail/deriving-span-Rand-enum.rs	6	2	8	0.7217391304347827
src/rt/arch/x86_64/sp.h	3	1	4	0.9210526315789473
src/test/compile-fail/coherence-overlap-all-t-and-tuple.rs	6	3	9	0.5588235294117647
src/test/ui/span/send-is-not-static-ensures-scoping.stderr	1	3	4	0.38461538461538464
src/test/debuginfo/boxed-struct.rs	12	3	15	0.5104602510460251
src/test/compile-fail/use-mod.rs	9	5	14	0.4918032786885246
src/test/compile-fail/issue-4523.rs	7	4	11	0.4962962962962963
src/test/compile-fail/associated-types-project-from-hrtb-in-fn	0	1	1	1.0
src/test/run-make/save-analysis/SameDir3.rs	3	2	5	0.7105263157894737
src/librustc/front/config.rs	31	1	32	0.7643312101910829
src/test/compile-fail/E0537.rs	2	4	6	0.4069767441860465
src/test/compile-fail/aux/trait_safety_lib.rs	0	1	1	1.0
src/test/compile-fail/coherence-impl-trait-for-trait.rs	6	2	8	0.6777777777777778
src/test/rustdoc/issue-25944.rs	1	4	5	0.5116279069767442
src/test/run-pass/regions-borrow.rs	0	1	1	1.0
src/test/ui/did_you_mean/issue-36798.stderr	3	4	7	0.39622641509433965
src/test/bench/shootout/shootout-fasta-redux.rs	0	2	2	0.8888888888888888
src/comp/syntax/ext/auto_serialize.rs	0	1	1	1.0
src/test/run-pass/struct-deref.rs	6	3	9	0.7307692307692307
src/test/run-pass/const-enum-vec-index.rs	16	3	19	0.5425531914893617
src/test/compile-fail/liveness-forgot-ret.rs	4	3	7	0.7096774193548387
src/test/run-pass-fulldeps/issue-16992.rs	10	5	15	0.32947976878612717
src/rustllvm/rustllvm.def	0	1	1	1.0
src/libextra/fileinput.rs	18	1	19	0.8121546961325967
src/test/run-pass/issue-18711.rs	12	4	16	0.3821656050955414
src/test/run-make/emit/test-26235.rs	4	2	6	0.7073170731707317
src/test/compile-fail/issue-10536.rs	5	3	8	0.5263157894736842
src/comp/front/eval.rs	5	4	9	0.31666666666666665
src/test/compile-fail/self-call-non-obj.rs	0	5	5	0.375
src/test/run-make/use-extern-for-plugins/bar.rs	3	3	6	0.582089552238806
src/test/run-pass/issue-9382.rs	13	3	16	0.5986159169550173
src/test/run-make/issue-20626/Makefile	3	3	6	0.6
src/libunicode/char.rs	6	3	9	0.36054421768707484
src/librustc_mir/build/expr/as_rvalue.rs	24	5	29	0.5525751072961373
src/librustc_plugin/diagnostics.rs	0	4	4	0.75
src/liblog/Cargo.toml	2	3	5	0.631578947368421
src/test/run-pass/issue-18738.rs	6	3	9	0.3567251461988304
src/test/compile-fail/associated-types-path-2.rs	11	4	15	0.4530386740331492
src/test/run-pass/issue-506.rs	9	6	15	0.22727272727272727
src/test/parse-fail/issue-1655.rs	4	4	8	0.36507936507936506
src/test/run-pass/coerce-reborrow-mut-vec-rcvr.rs	19	3	22	0.45294117647058824
src/libbacktrace/state.c	9	4	13	0.6176470588235294
src/test/run-pass/issue-22036.rs	5	3	8	0.43902439024390244
src/rt/libuv/src/ev/ev_kqueue.c	0	2	2	0.5
src/test/compile-fail/borrowck-assign-comp-idx.rs	17	3	20	0.5373134328358209
src/doc/trpl/no-stdlib.md	6	4	10	0.5104166666666666
src/test/run-pass-fulldeps/aux/custom_derive_plugin.rs	0	1	1	1.0
src/libcore/fmt/rt/v1.rs	13	4	17	0.40173410404624277
src/librustc/ty/sty.rs	11	6	17	0.41156462585034015
src/rt/libuv/src/unix/ev/ev_epoll.c	0	2	2	0.75
src/test/run-pass/associated-types-issue-20371.rs	6	3	9	0.44171779141104295
src/test/run-pass/issue-3794.rs	16	2	18	0.6416938110749185
src/test/run-fail/assert-as-macro.rs	12	2	14	0.5045045045045045
src/test/run-make/issue-26092/Makefile	3	3	6	0.6363636363636364
src/libsync/raw.rs	12	2	14	0.6724511930585684
src/tools/linkchecker/main.rs	14	4	18	0.4854111405835544
src/test/compile-fail/shadowed-type-parameter.rs	4	3	7	0.3958333333333333
src/compiletest/common.rs	43	3	46	0.5463546354635463
src/doc/po/ja/complement-usage-faq.md.po	3	1	4	0.9
src/librustc_incremental/persist/util.rs	7	4	11	0.5067264573991032
src/librustc_trans/trans/debuginfo/metadata.rs	29	3	32	0.6359743040685225
src/test/run-pass/hrtb-debruijn-object-types-in-closures.rs	6	3	9	0.5952380952380952
src/test/run-pass/unique-object.rs	8	2	10	0.7464788732394366
src/test/run-pass-fulldeps/lto-syntax-extension.rs	1	3	4	0.5869565217391305
src/test/compile-fail/issue-11908-1.rs	0	2	2	0.9215686274509803
src/librustc_lint/types.rs	22	5	27	0.4841897233201581
src/libstd/os/haiku/fs.rs	4	4	8	0.3709677419354839
src/test/run-pass/fn-item-type-cast.rs	5	3	8	0.3644067796610169
src/compiletest/json.rs	0	1	1	1.0
src/test/run-pass/syntax-extension-source-utils.rs	28	3	31	0.48353552859618715
src/libstd/sys/unix/backtrace/tracing/backtrace_fn.rs	5	4	9	0.515625
src/test/compile-fail/E0518.rs	3	4	7	0.4659090909090909
src/test/compile-fail/move-fragments-2.rs	10	3	13	0.45
src/test/rustdoc/aux/issue-20727.rs	0	1	1	1.0
src/test/compile-fail/macro_expanded_mod_helper/foo/bar.rs	2	3	5	0.6571428571428571
src/libextra/smallintmap.rs	25	1	26	0.8130841121495327
src/test/run-pass/issue-14082.rs	5	3	8	0.5157894736842106
doc/po4a.conf	5	1	6	0.8780487804878049
src/test/auxiliary/issue-25185-2.rs	5	3	8	0.42857142857142855
src/test/run-pass/simd-intrinsic-generic-comparison.rs	1	2	3	0.9
src/test/compile-fail/extern-no-call.rs	5	1	6	0.813953488372093
src/test/run-pass-fulldeps/aux/macro_crate_test.rs	0	1	1	1.0
src/librustc_trans/basic_block.rs	2	3	5	0.3888888888888889
src/test/run-pass/compare.rs	0	1	1	1.0
src/test/ui/codemap_tests/repair_span_std_macros.rs	2	3	5	0.46808510638297873
src/libcore/run.rs	30	4	34	0.4966887417218543
src/libstd/num/int-template/i16.rs	0	2	2	0.875
src/test/codegen-units/item-collection/statics-and-consts.rs	0	3	3	0.5
src/test/compile-fail/struct-variant-no-fields.rs	3	4	7	0.3114754098360656
src/test/compile-fail/issue-2294.rs	0	2	2	0.5
src/rt/libuv/src/ares/ares_strcasecmp.c	0	3	3	0.6
src/test/rustdoc/aux/issue-23207-1.rs	0	1	1	1.0
src/test/run-pass/resource-cycle.rs	15	4	19	0.6443298969072165
src/test/run-pass/region-return-interior-of-option-in-self.rs	0	7	7	0.2
src/librustc_typeck/check/method/suggest.rs	48	4	52	0.482030804335425
src/test/run-pass/typed-statements-dont-need-semis.rs	0	1	1	1.0
src/rt/rust_test_helpers.cpp	3	3	6	0.7619047619047619
src/test/compile-fail/sendfn-captures-nonsendable-state.rs	0	1	1	1.0
src/test/rustdoc/aux/issue-19190-3.rs	0	1	1	1.0
src/libstd/sys/windows/handle.rs	13	4	17	0.4496753246753247
src/libstd/rand/isaac.rs	6	2	8	0.8076923076923077
src/test/compile-fail/mutable-huh-unique-assign.rs	4	4	8	0.391304347826087
src/test/compile-fail/regions-infer-invariance-due-to-mutability.rs	4	4	8	0.6585365853658537
src/test/run-pass/panic-in-dtor-drops-fields.rs	9	4	13	0.3781818181818182
src/test/compile-fail/issue-3991.rs	4	1	5	0.9069767441860465
src/test/run-pass/aux/cci_const.rs	0	1	1	1.0
src/rt/libuv/test/test-tcp-writealot.c	0	4	4	0.5714285714285714
src/librustc_mir/build/expr/as_temp.rs	12	4	16	0.5656324582338902
src/test/incremental/spans_significant_w_debuginfo.rs	2	3	5	0.78125
src/test/run-pass/evec-internal.rs	13	3	16	0.4713375796178344
src/test/compile-fail/obsolete-for-sized.rs	3	3	6	0.47540983606557374
src/rt/libuv/test/test-tcp-write-error.c	0	2	2	0.8
src/test/run-pass/issue-1466.rs	3	8	11	0.4166666666666667
src/librustc_privacy/lib.rs	47	4	51	0.47360539123923623
src/test/compile-fail/not-pred-args.rs	0	9	9	0.35294117647058826
src/test/run-pass/issue-23037.rs	5	3	8	0.675
src/test/bench/silly-test-spawn.rs	5	2	7	0.7830188679245284
src/test/run-fail/doublefail.rs	13	2	15	0.7
src/test/auxiliary/inherited_stability.rs	8	4	12	0.5789473684210527
src/test/ui/codemap_tests/bad-format-args.stderr	6	3	9	0.422680412371134
src/libcoretest/hash/mod.rs	14	3	17	0.4005235602094241
src/rt/libuv/src/unix/udp.c	0	2	2	0.8
src/test/compile-fail/nonbool_static_assert.rs	4	2	6	0.5121951219512195
src/test/run-pass/integral-indexing.rs	12	3	15	0.6198347107438017
src/test/run-fail/cast-never.rs	0	1	1	1.0
src/libcore/prelude/mod.rs	1	3	4	0.6727272727272727
src/doc/tarpl/phantom-data.md	0	3	3	0.74
src/librustc/infer/bivariate.rs	4	6	10	0.3825503355704698
src/test/run-pass/issue-21922.rs	1	3	4	0.5142857142857142
src/test/compile-fail/issue-9243.rs	8	3	11	0.5563380281690141
src/test/auxiliary/issue-2196-c.rc	4	2	6	0.7
src/test/run-make/compiler-lookup-paths/native.c	3	4	7	0.4367816091954023
src/test/rustdoc/redirect-const.rs	4	3	7	0.5714285714285714
src/test/compile-fail/closure-reform-bad.rs	7	3	10	0.4774193548387097
src/lib/_u8.rs	0	2	2	0.5
src/libnative/io/helper_thread.rs	1	2	3	0.753968253968254
src/test/compile-fail/aux/issue_5844_aux.rs	0	1	1	1.0
src/libstd/sync.rs	25	4	29	0.5012594458438288
src/test/run-make/extern-flag-disambiguates/a.rs	3	3	6	0.6444444444444445
src/test/compile-fail/borrowck-mut-slice-of-imm-vec.rs	14	2	16	0.5833333333333334
src/rt/libuv/src/ares/ares_process.c	0	4	4	0.5
src/comp/util/bits.rs	0	1	1	1.0
src/librustc_trans/trans/cabi_x86_64.rs	17	4	21	0.390282131661442
src/libstd/task_pool.rs	9	3	12	0.6640625
src/libcore/hash/sip.rs	32	4	36	0.42752293577981654
src/libserialize/ebml_old.rs	0	3	3	0.8181818181818182
src/librustc_errors/diagnostic_builder.rs	0	3	3	0.6388888888888888
src/test/rustdoc/issue-20727.rs	4	3	7	0.4642857142857143
src/doc/nomicon/concurrency.md	2	3	5	0.725
src/test/run-pass/issue-16643.rs	6	3	9	0.36363636363636365
src/doc/style/features/loops.md	4	6	10	0.2111111111111111
src/test/run-pass/owned-implies-static.rs	7	3	10	0.5
src/librustc/middle/typeck/infer/skolemize.rs	5	4	9	0.48221343873517786
src/test/rustdoc/issue-29584.rs	2	3	5	0.5555555555555556
src/test/compile-fail/issue-16149.rs	9	4	13	0.6343283582089553
src/test/run-pass/issue-7344.rs	4	3	7	0.4868421052631579
src/test/run-pass/borrowck-scope-of-deref-issue-4666.rs	7	3	10	0.5226130653266332
src/etc/test-float-parse/huge-pow10.rs	4	1	5	0.8666666666666667
src/test/run-pass/issue-20396.rs	4	3	7	0.5
src/test/run-pass/try-operator-hygiene.rs	6	4	10	0.48031496062992124
src/rt/jemalloc/src/arena.c	0	5	5	0.7777777777777778
src/doc/trpl/functions.md	13	4	17	0.514018691588785
src/librustc_trans/driver/pretty.rs	4	3	7	0.4358974358974359
src/test/run-pass/aux/issue-19340-1.rs	0	1	1	1.0
src/doc/Heuristica-Italic.woff	2	1	3	0.9310344827586207
src/test/run-pass/consts-in-patterns.rs	14	3	17	0.4829059829059829
src/libcollections/lib.rs	61	4	65	0.5013341239252891
src/test/run-pass/issue-12684.rs	6	4	10	0.39184952978056425
src/test/run-pass/unboxed-closures-direct-sugary-call.rs	14	3	17	0.41875
src/test/compile-fail/issue-2111.rs	8	3	11	0.574468085106383
src/test/run-pass/aux/struct_destructuring_cross_crate.rs	0	1	1	1.0
src/test/run-pass/option-unwrap.rs	22	3	25	0.5749385749385749
src/test/run-pass/new-unicode-escapes.rs	8	3	11	0.4114285714285714
src/libcore/uint-template/u32.rs	2	4	6	0.42857142857142855
src/test/auxiliary/issue13507.rs	12	5	17	0.45754716981132076
src/test/compile-fail/asm-gated2.rs	5	2	7	0.575
src/test/run-make/dylib-chain/m2.rs	4	1	5	0.8958333333333334
src/librustc/middle/graph.rs	21	3	24	0.52894438138479
src/librustpkg/cryptoutil.rs	0	1	1	1.0
src/doc/trpl/for-loops.md	5	3	8	0.5407407407407407
mk/libuv/mips/unix/linux/src/libuv/uv.target.mk	0	3	3	0.8
src/test/compile-fail/invalid-intrinsic.rs	2	3	5	0.6451612903225806
src/test/compile-fail/lint-stability3.rs	3	3	6	0.35714285714285715
src/test/compile-fail/issue-30007.rs	4	4	8	0.3880597014925373
src/rustc/syntax/fold.rs	2	4	6	0.2857142857142857
src/rustdoc/par.rs	0	7	7	0.375
src/test/compile-fail/moves-based-on-type-match-bindings.rs	7	4	11	0.6684491978609626
src/librustc_trans/cabi_aarch64.rs	6	4	10	0.5042735042735043
mk/libuv/x86_64/mac/src/libuv/run-tests.target.mk	0	6	6	0.5
src/libstd/rt/thread_local_storage.rs	12	1	13	0.8958333333333334
src/libstd/task/spawn.rs	25	1	26	0.7939698492462312
src/test/compile-fail/traits-inductive-overflow-supertrait.rs	2	3	5	0.6666666666666666
SourceCodePro-Semibold.woff	0	1	1	1.0
src/test/compile-fail/str-mut-idx-2.rs	2	3	5	0.4067796610169492
src/librustc_trans/controlflow.rs	6	5	11	0.3925925925925926
src/test/compile-fail/E0109.rs	3	5	8	0.33076923076923076
mk/libuv/x86_64/freebsd/Makefile	0	5	5	0.2
src/test/run-pass/do3.rs	6	3	9	0.7468354430379747
src/test/compile-fail/attr-usage-inline.rs	1	2	3	0.625
src/libsyntax/ext/pipes.rs	4	6	10	0.2222222222222222
src/test/stdtest/qsort.rs	3	6	9	0.2857142857142857
src/test/run-pass/aux/svh-a-no-change.rs	0	1	1	1.0
src/test/run-pass/expr-if-generic-box2.rs	16	2	18	0.6746411483253588
src/libstd/os/linux/raw.rs	15	4	19	0.5856573705179283
src/test/debuginfo/multi-byte-chars.rs	7	4	11	0.40869565217391307
src/test/compile-fail/tag-variant-disr-non-nullary.rs	4	5	9	0.36538461538461536
src/test/run-pass/deriving-clone-generic-tuple-struct.rs	11	2	13	0.5214285714285715
src/test/auxiliary/issue-11529.rs	4	4	8	0.3865546218487395
src/test/compile-fail/concat.rs	5	2	7	0.6811594202898551
mk/libuv/x86_64/win/src/libuv/run-tests.target.mk	0	6	6	0.5
src/test/compile-fail/borrowck-auto-mut-ref-to-immut-var.rs	10	2	12	0.7211538461538461
src/test/compile-fail/writing-through-uninit-vec.rs	0	7	7	0.3
src/test/pretty/for-comment.rs	12	5	17	0.5188679245283019
src/test/auxiliary/extern_calling_convention.rs	10	4	14	0.573943661971831
src/libextra/c_vec.rs	13	1	14	0.871244635193133
src/test/run-pass/issue-15261.rs	4	3	7	0.4235294117647059
src/test/run-pass/issue-12699.rs	6	3	9	0.4630541871921182
src/test/run-pass/lib-uint.rs	0	6	6	0.38461538461538464
src/libstd/task/local_data_priv.rs	7	2	9	0.8010204081632653
src/test/run-pass/auxiliary/xcrate_generic_fn_nested_return.rs	3	3	6	0.5952380952380952
meet-safe-and-unsafe.md	0	2	2	0.8
src/test/compile-fail/alt-range-fail.rs	6	4	10	0.4444444444444444
src/test/auxiliary/crateresolve4a-1.rs	11	3	14	0.6258503401360545
src/librustsyntax/ast_util.rs	2	6	8	0.2413793103448276
src/test/run-pass/crust-call-deep2.rs	0	3	3	0.5555555555555556
src/libcore/rt/local.rs	0	3	3	0.4666666666666667
src/test/run-make/llvm-phase/test.rs	8	6	14	0.4076086956521739
src/test/bench/99bob-simple.rs	3	5	8	0.30434782608695654
src/test/run-pass/test-vs-cfg-test.rs	3	3	6	0.52
src/test/compile-fail/issue-19163.rs	3	3	6	0.5416666666666666
src/test/run-pass/issue-27268.rs	2	3	5	0.7352941176470589
src/test/debug-info/generic-tuple-style-enum.rs	8	1	9	0.918918918918919
src/test/compile-fail/issue-28433.rs	3	3	6	0.48214285714285715
src/rt/libuv/test/test-timer-again.c	0	4	4	0.5714285714285714
src/librustsyntax/ext/base.rs	0	5	5	0.5555555555555556
src/rt/libuv/src/uv-eio.h	0	3	3	0.3333333333333333
src/rt/libuv/src/ev/ev.3	0	2	2	0.5
src/test/run-pass/regions-reassign-match-bound-pointer.rs	4	3	7	0.6043956043956044
src/libterm/lib.rs	34	3	37	0.47468354430379744
src/test/run-pass/issue-16745.rs	0	7	7	0.4444444444444444
src/doc/FiraSans-Regular.woff	2	1	3	0.9310344827586207
src/librustrt/bookkeeping.rs	3	2	5	0.5407407407407407
src/libcore/num/int-template/int.rs	2	4	6	0.7195121951219512
src/rustdoc/rustdoc	0	2	2	0.6666666666666666
src/test/run-fail/panic-task-name-none.rs	14	5	19	0.376
src/test/compile-fail/sync-rwlock-write-mode-shouldnt-escape.rs	11	2	13	0.7959183673469388
src/librustc/dep_graph/mod.rs	10	4	14	0.549618320610687
src/test/run-pass/issue-16278.rs	4	3	7	0.41975308641975306
src/test/run-make/cdylib/Makefile	1	4	5	0.4883720930232558
src/librustc/ty/fold.rs	11	7	18	0.3828996282527881
src/test/compile-fail/issue-11004.rs	4	5	9	0.36792452830188677
src/test/compile-fail/typeck_type_placeholder_item.rs	11	4	15	0.372972972972973
src/libstd/priority_queue.rs	7	5	12	0.6044776119402985
src/librustc_typeck/constrained_type_params.rs	15	5	20	0.503448275862069
src/test/run-pass/xc_conditions_client_2.rs	3	1	4	0.9347826086956522
src/test/run-pass/trait-inheritance-subst.rs	13	3	16	0.5607843137254902
src/test/run-pass/alt-pattern-simple.rs	4	4	8	0.4642857142857143
src/test/compile-fail/liveness-block-unint.rs	8	2	10	0.810126582278481
src/test/compile-fail/aux/trait_impl_conflict.rs	0	1	1	1.0
src/libextra/uv_ll.rs	5	3	8	0.7777777777777778
src/rt/libuv/test/test-callback-stack.c	0	4	4	0.5714285714285714
src/test/rustdoc/issue-34423.rs	2	5	7	0.36538461538461536
src/test/run-pass/aux/issue-25467.rs	0	1	1	1.0
src/test/run-pass/lint-dead-code-associated-type.rs	2	3	5	0.5161290322580645
src/test/ui/compare-method/region-extra.stdout	0	2	2	0.696969696969697
src/test/compile-fail/regions-borrow.rs	0	7	7	0.2727272727272727
vec-dealloc.md	0	1	1	1.0
src/test/compile-fail/use-super-global-path.rs	7	4	11	0.48299319727891155
src/test/run-pass/mir_augmented_assignments.rs	5	5	10	0.5294117647058824
src/test/run-pass/fn-bare-bind.rs	0	2	2	0.8
src/test/run-pass/region-dependent-autofn.rs	1	2	3	0.8928571428571429
src/librustc_const_math/us.rs	3	4	7	0.5774647887323944
src/boot/fe/cexp.ml	3	2	5	0.7916666666666666
src/librustc_typeck/Cargo.toml	6	4	10	0.45454545454545453
src/test/compile-fail/privacy/restricted/struct-literal-field.rs	2	3	5	0.574468085106383
src/test/run-pass/cap-clause-move.rs	8	4	12	0.6491228070175439
src/test/run-pass/do2.rs	6	3	9	0.7468354430379747
src/libnative/io/pipe_windows.rs	4	2	6	0.6024844720496895
vec-insert-remove.md	0	1	1	1.0
src/librustc_trans/cabi_mips64.rs	6	4	10	0.4444444444444444
src/test/incremental/spike-neg1.rs	3	5	8	0.4418604651162791
src/test/codegen/iterate-over-array.cc	3	2	5	0.7457627118644068
src/test/compile-fail/E0374.rs	1	3	4	0.3880597014925373
src/librustc_trans/trans/mir/mod.rs	10	3	13	0.616504854368932
src/librustc_back/target/arm_base.rs	3	3	6	0.5897435897435898
src/test/compile-fail/lint-dead-code-4.rs	20	3	23	0.47357293868921774
src/test/run-pass/task-comm-8.rs	8	5	13	0.2
src/test/auxiliary/issue_9188.rs	5	4	9	0.3769230769230769
src/libcollections/tree/set.rs	11	4	15	0.44551282051282054
src/test/compile-fail/native-makes-unsafe.rs	0	2	2	0.6666666666666666
src/test/compile-fail/bad-module.rs	13	5	18	0.4224137931034483
src/test/compile-fail/move-into-dead-array-1.rs	3	3	6	0.5128205128205128
src/test/run-pass/traits-elaborate-type-region.rs	1	2	3	0.6764705882352942
doc/tutorial/intro.md	0	1	1	1.0
src/test/run-pass/object-lifetime-default-from-rptr.rs	4	3	7	0.5504587155963303
src/rustc/back/upcall.rs	6	7	13	0.208955223880597
src/test/compile-fail/regions-infer-not-param.rs	13	3	16	0.5802047781569966
src/test/compile-fail/issue-28344.rs	1	2	3	0.7391304347826086
src/test/auxiliary/xcrate_address_insignificant.rs	5	4	9	0.44274809160305345
src/librustc/front/show_span.rs	5	2	7	0.6097560975609756
src/comp/syntax/parse/parser.rs	18	6	24	0.26773455377574373
src/libstd/error.rs	26	5	31	0.4220257234726688
src/rt/libuv/test/test-fs.c	0	2	2	0.6666666666666666
src/rt/rust_sched_driver.cpp	5	3	8	0.4482758620689655
src/test/run-pass/overloaded_deref_with_ref_pattern.rs	3	2	5	0.7105263157894737
src/librustsyntax/ast.rs	9	4	13	0.24242424242424243
src/etc/monodebug.pl	3	2	5	0.84375
src/libstd/num/int.rs	18	3	21	0.6447105788423154
src/test/run-pass/aux/issue-15562.rs	0	1	1	1.0
src/test/compile-fail/aux/issue-19163.rs	0	1	1	1.0
src/libcoretest/mem.rs	19	4	23	0.33861386138613864
src/test/run-make/manual-link/Makefile	3	3	6	0.6428571428571429
src/test/codegen-units/item-collection/static-init.rs	3	3	6	0.43333333333333335
src/test/run-make/volatile-intrinsics/Makefile	3	2	5	0.5257731958762887
src/test/run-pass/issue-2735-3.rs	17	3	20	0.5787781350482315
src/libstd/old_io/net/udp.rs	7	3	10	0.37448559670781895
src/test/compile-fail/unnecessary-unsafe.rs	0	2	2	0.6666666666666666
src/test/run-pass/issue-16441.rs	4	3	7	0.4666666666666667
src/test/run-pass/where-clauses.rs	5	3	8	0.43956043956043955
src/test/compile-fail/lifetime-bound-will-change-warning.rs	3	3	6	0.4857142857142857
src/doc/trpl/higher-ranked-items.md	0	1	1	1.0
src/test/run-pass/aux/issue_2316_b.rs	0	1	1	1.0
src/test/run-fail/assert-eq-macro-fail	3	2	5	0.7948717948717948
src/libcoretest/num/flt2dec/bignum.rs	4	3	7	0.7261904761904762
src/librustc/ty/adjustment.rs	10	6	16	0.38235294117647056
src/rustdoc_ng/.gitignore	2	1	3	0.9130434782608695
src/test/compile-fail/new-unicode-escapes-3.rs	3	4	7	0.38961038961038963
src/libsyntax/ext/auto_serialize2.rs	1	5	6	0.44
src/doc/style/safety/lib-guarantees.md	5	6	11	0.288135593220339
src/librustc_trans/trans/datum.rs	21	4	25	0.3491921005385996
src/libcore/num/uint-template/u64.rs	2	3	5	0.7317073170731707
src/rt/libuv/tree.h	0	2	2	0.5
destructors.md	0	1	1	1.0
src/doc/style/features/crates.md	4	6	10	0.2111111111111111
src/test/run-pass/non-boolean-pure-fns.rs	16	3	19	0.5850340136054422
src/librustdoc/html/item_type.rs	28	4	32	0.40027510316368636
src/test/compile-fail/issue-3668-2.rs	14	3	17	0.44
src/test/run-fail/panic-macro-any.rs	7	4	11	0.4888888888888889
src/test/run-fail/for-each-loop-panic.rs	7	5	12	0.35135135135135137
src/test/compile-fail/borrowck-use-uninitialized-in-cast.rs	5	3	8	0.43243243243243246
src/test/run-pass/const-negation.rs	6	4	10	0.4931506849315068
src/rustdoc/prune_unexported_pass.rs	8	5	13	0.5294117647058824
src/librustc_save_analysis/csv_dumper.rs	8	4	12	0.4470046082949309
src/test/run-pass/issue-28950.rs	5	5	10	0.41358024691358025
src/test/run-fail/unique-fail.rs	8	2	10	0.6494845360824743
src/test/compile-fail/native-type-mismatch.rs	0	9	9	0.29411764705882354
src/libstd/rt/mod.rs	38	2	40	0.616062176165803
src/test/compile-fail/const-eval-overflow0.rs	2	4	6	0.44
src/doc/trpl/trait-objects.md	6	3	9	0.6549707602339181
src/test/run-make/c-dynamic-rlib/bar.rs	2	2	4	0.8787878787878788
mk/main.mk	56	4	60	0.5167349726775956
src/rt/arch/x64/context.cpp	0	1	1	1.0
src/test/compile-fail/issue-7013.rs	18	4	22	0.5926892950391645
src/libcoretest/num/u32.rs	4	2	6	0.5227272727272727
src/test/run-pass/type-param-constraints.rs	19	4	23	0.5738161559888579
src/test/compile-fail/struct-path-self-type-mismatch.rs	3	3	6	0.58
src/rt/libuv/test/test-pipe-connect-error.c	0	2	2	0.75
src/libcollectionstest/btree/mod.rs	9	4	13	0.5491803278688525
src/rt/libuv/src/unix/ev/libev.m4	0	1	1	1.0
src/test/run-pass/ufcs-trait-object.rs	8	3	11	0.40522875816993464
src/test/compile-fail/issue-13853-3.rs	5	3	8	0.5126050420168067
src/test/mir-opt/deaggregator_test.rs	7	6	13	0.3684210526315789
src/test/compile-fail/syntax-extension-fourcc-invalid-endian.rs	6	1	7	0.8974358974358975
src/libstd/sys/windows/fs.rs	29	4	33	0.4464968152866242
src/test/compile-fail/E0010.rs	4	4	8	0.4411764705882353
src/bootstrap/bootstrap.py	19	3	22	0.55125284738041
src/rt/libuv/src/unix/ev/missing	0	1	1	1.0
src/test/compile-fail/paren-span.rs	1	4	5	0.4375
src/test/auxiliary/llvm_pass_plugin.rs	7	3	10	0.53125
src/test/run-pass/process-spawn-with-unicode-params.rs	20	3	23	0.41935483870967744
src/test/auxiliary/custom_derive_plugin_attr.rs	10	3	13	0.6045751633986928
src/doc/complement-cheatsheet.md	17	1	18	0.8738317757009346
src/test/run-pass/borrow-tuple-fields.rs	6	4	10	0.41414141414141414
src/test/run-pass/issue-13214.rs	5	4	9	0.32926829268292684
src/librustc/middle/dataflow.rs	54	3	57	0.5723388305847077
src/test/compile-fail/deriving-span-Eq-enum-struct-variant.rs	2	2	4	0.9038461538461539
src/test/stdtest/map.rs	3	5	8	0.3076923076923077
src/test/run-pass-fulldeps/aux/linkage-visibility.rs	0	1	1	1.0
src/test/parse-fail/doc-before-rbrace.rs	9	3	12	0.43478260869565216
src/test/run-pass/issue-2735-2.rs	17	3	20	0.5787781350482315
src/doc/intro.md	40	3	43	0.41754670999187654
src/test/parse-fail/regions-out-of-scope-slice.rs	3	4	7	0.4117647058823529
src/test/compile-fail/E0080.rs	1	4	5	0.48214285714285715
src/doc/book/no-stdlib.md	12	4	16	0.47593582887700536
src/test/rustdoc/assoc-types.rs	6	4	10	0.5357142857142857
src/test/compile-fail-fulldeps/rustc-macro/feature-gate-4.rs	4	4	8	0.5694444444444444
src/librustpkg/testsuite/pass/src/install-paths/test.rs	0	2	2	0.8666666666666667
src/librustc_trans/mir/statement.rs	12	6	18	0.4613526570048309
src/rt/rust_upcall.cpp	26	5	31	0.2572614107883817
doc/tutorial/lib/markdown.js	0	1	1	1.0
src/test/rustdoc/impl-parts-crosscrate.rs	3	2	5	0.5660377358490566
src/test/run-pass/extern-pass-char.rs	9	3	12	0.5087719298245614
src/test/compile-fail/coerce-bad-variance.rs	1	3	4	0.7
src/test/run-pass/crateresolve.rs	0	2	2	0.6666666666666666
src/libstd/rt/io/stdio.rs	5	2	7	0.813953488372093
src/rustc/metadata/tydecode.rs	9	7	16	0.14912280701754385
src/test/rustdoc/issue-15169.rs	2	3	5	0.4782608695652174
src/libstd/set.rs	0	1	1	1.0
src/librustpkg/testsuite/pass/fancy-lib/bar.rs	0	3	3	0.7777777777777778
src/test/stdtest/sha1.rs	6	3	9	0.5238095238095238
src/librustc_mir/build/expr/as_operand.rs	11	3	14	0.5714285714285714
src/test/compile-fail/issue-22645.rs	4	3	7	0.5192307692307693
src/test/run-fail-fulldeps/qquote.rs	13	4	17	0.5289256198347108
src/test/run-pass/expr-block-generic-box2.rs	17	2	19	0.6995708154506438
mk/libuv/unix/src/rt/libuv/run-benchmarks.target.mk	0	3	3	0.3333333333333333
src/test/run-pass/iter-contains.rs	12	2	14	0.5238095238095238
src/test/run-pass/type-id-higher-rank.rs	14	5	19	0.4123456790123457
src/test/pretty/anon-obj.rs	0	2	2	0.5
src/rustc/middle/typeck/vtable.rs	0	1	1	1.0
src/test/compile-fail/malformed-plugin-2.rs	3	3	6	0.410958904109589
src/test/run-pass/aux/issue-31702-1.rs	0	1	1	1.0
src/test/compile-fail/borrowck-assign-to-resource.rs	0	2	2	0.5
src/test/compile-fail/allocator-dylib-is-system.rs	8	3	11	0.6622807017543859
src/fuzzer/Fuzzer.rs	0	1	1	1.0
src/doc/book/SUMMARY.md	3	3	6	0.6984126984126984
src/rt/libuv/ev/install-sh	0	2	2	0.5
src/test/run-fail/pred.rs	0	8	8	0.29411764705882354
src/test/compile-fail/issue-13641.rs	6	3	9	0.6153846153846154
src/librustpkg/testsuite/pass/src/install-paths/src/lib.rs	0	3	3	0.8333333333333334
src/rt/rust_crate_map.h	7	3	10	0.7083333333333334
src/test/compile-fail/lex-bad-fp-base-5.rs	3	1	4	0.90625
src/doc/trpl/const.md	1	3	4	0.5636363636363636
src/test/debug-info/variable-scope.rs	0	2	2	0.8695652173913043
src/test/run-pass/issue-7663.rs	7	3	10	0.45374449339207046
src/test/rustdoc/aux/issue-21801.rs	0	1	1	1.0
src/test/run-pass/vec-concat.rs	20	3	23	0.5325443786982249
src/test/run-pass/companionmod.rc	0	4	4	0.7
src/test/compile-fail/enum-discrim-too-small2.rs	2	3	5	0.75
src/test/compile-fail/borrowck-overloaded-index-move-index.rs	5	3	8	0.4787234042553192
src/libcore/collections.rs	2	2	4	0.5882352941176471
src/test/run-pass/issue-3796.rs	6	2	8	0.7971014492753623
src/test/compile-fail/issue-32709.rs	3	5	8	0.39622641509433965
src/test/run-pass/trait-inheritance-cast-without-call-to-supertrait.rs	10	3	13	0.42138364779874216
src/doc/trpl/borrow-checker.md	0	1	1	1.0
src/rt/jemalloc/include/msvc_compat/strings.h	3	2	5	0.8
src/test/run-pass/user.rs	2	4	6	0.34782608695652173
src/test/run-pass/rfc1623.rs.bk	2	4	6	0.5223880597014925
src/test/compile-fail/borrowck-match-binding-is-assignment.rs	11	4	15	0.5287356321839081
src/test/run-pass/macro-by-example-1.rs	4	4	8	0.48
src/test/run-pass/issue-20454.rs	6	3	9	0.5
src/test/compile-fail-fulldeps/aux/macro_crate_test.rs	0	1	1	1.0
src/test/run-pass/aux/overloaded_autoderef_xc.rs	0	1	1	1.0
src/test/run-make/static-unwinding/Makefile	0	3	3	0.8461538461538461
src/test/compile-fail/aux/changing-crates-b.rs	0	1	1	1.0
src/libstd/rt/uv/pipe.rs	1	2	3	0.8888888888888888
src/test/run-pass/last-use-in-block.rs	17	3	20	0.3984375
src/test/compile-fail/associated-types-outlives.rs	1	2	3	0.8571428571428571
src/test/run-pass/unboxed-closures-unboxing-shim.rs	3	4	7	0.4152542372881356
src/rt/sync/sync.cpp	0	5	5	0.3333333333333333
src/test/auxiliary/plugin_with_plugin_lib.rs	7	4	11	0.3163841807909605
src/test/compile-fail/issue-19498.rs	6	4	10	0.5510204081632653
src/test/run-pass/quad-precision-float.rs	2	1	3	0.9259259259259259
src/libsyntax/ext/asm.rs	42	3	45	0.635439360929557
src/test/run-pass/cci_impl_exe.rs	18	3	21	0.5299145299145299
src/etc/third-party/COPYING.LIB	2	1	3	0.9090909090909091
src/test/run-pass/morestack5.rs	7	4	11	0.631578947368421
src/test/compile-fail/panic-runtime/auxiliary/wants-panic-runtime-abort.rs	1	4	5	0.5405405405405406
doc/po/tutorial-tasks.md.pot	10	1	11	0.8818181818181818
src/test/compile-fail/E0422.rs	4	4	8	0.4017094017094017
src/test/compile-fail/conflicting-implementations.rs	3	2	5	0.6
src/test/parse-fail/pat-lt-bracket-2.rs	0	3	3	0.6
src/rt/libuv/src/unix/error.c	0	2	2	0.6666666666666666
src/test/compile-fail/method-ambig-one-trait-coerce.rs	4	3	7	0.5454545454545454
src/rt/arch/arm/context.h	0	7	7	0.4444444444444444
src/libstd/os.rs	83	3	86	0.5442641616851693
src/test/run-pass/plugin-args-3.rs	0	3	3	0.5555555555555556
src/libcore/rt/local_services.rs	4	2	6	0.7
src/test/run-pass/issue-11384.rs	5	3	8	0.37037037037037035
mk/libuv/x86_64/mac/src/libuv/uv.target.mk-e	0	3	3	0.3333333333333333
src/librustc_data_structures/fnv.rs	7	3	10	0.7214611872146118
src/test/run-pass/issue-9110.rs	7	3	10	0.45384615384615384
src/test/compile-fail/cast-to-nil.rs	7	3	10	0.42
src/test/compile-fail/lint-non-snake-case-modules.rs	2	2	4	0.5
src/test/run-pass-fulldeps/issue-13560.rs	7	4	11	0.544973544973545
src/test/run-pass/uint.rs	9	3	12	0.4017857142857143
src/librusti/wrapper.rs	6	3	9	0.6585365853658537
src/comp/middle/trans_comm.rs	0	6	6	0.375
src/test/compile-fail/aux/stability_cfg1.rs	0	1	1	1.0
src/test/rustdoc/auxiliary/issue-28927-2.rs	0	1	1	1.0
src/test/run-pass/box-annihilator-shared.rs	0	6	6	0.2857142857142857
src/libcore/from_str.rs	8	4	12	0.40816326530612246
src/test/run-pass/uninstantiable-struct.rs	0	2	2	0.6666666666666666
src/doc/version_info.html.template	4	4	8	0.5981308411214953
src/rustc/middle/typeck/check/vtable.rs	8	7	15	0.16101694915254236
src/test/run-pass/issue-14959.rs	11	4	15	0.4226415094339623
src/test/run-make/weird-output-filenames/foo.rs	0	3	3	0.8571428571428571
src/librustc/middle/trans/build.rs	36	2	38	0.7319884726224783
src/test/run-pass/dst-coercions.rs	5	3	8	0.39705882352941174
src/test/compile-fail/issue-23281.rs	2	5	7	0.44
src/libstd/rt/borrowck.rs	11	2	13	0.8091872791519434
src/test/run-pass/const-newtype-enum.rs	2	4	6	0.5
src/test/compile-fail/typeck-before-dropck-bug.rs	0	1	1	1.0
src/libstd/sys/common/unwind/seh64_gnu.rs	5	3	8	0.5935828877005348
src/test/run-pass/issue-3480.rs	4	4	8	0.6739130434782609
src/test/run-pass/osmain.rs	0	7	7	0.5625
src/libstd/macros_stage0.rs	0	3	3	0.6
src/test/run-fail/expr-match-fail.rs	5	2	7	0.7289719626168224
src/test/codegen-units/item-collection/tuple-drop-glue.rs	2	3	5	0.5806451612903226
src/rt/libuv/src/ares/ares_data.h	0	3	3	0.6
src/test/run-pass/issue-5517.rs	1	2	3	0.9298245614035088
src/test/run-pass/issue-3154.rs	0	1	1	1.0
src/test/run-pass/leak-box-as-tydesc.rs	10	2	12	0.7346938775510204
src/test/run-pass/block-vec-map2.rs	10	4	14	0.4583333333333333
src/libnum/complex.rs	12	2	14	0.8611111111111112
src/test/run-make/extern-fn-reachable/main.rs	5	4	9	0.41624365482233505
src/test/run-make/manual-crate-name/Makefile	1	2	3	0.88
src/rustdoc_ng/main.rs	1	2	3	0.85
src/test/compile-fail/unboxed-closure-sugar-default.rs	9	3	12	0.3387096774193548
src/test/compile-fail/const-fn-error.rs	6	4	10	0.5462184873949579
src/librustdoc/config.rs	19	4	23	0.6976744186046512
src/librustc/middle/trans/monomorphize.rs	40	2	42	0.7817836812144212
src/test/compile-fail-fulldeps/syntax-extension-fourcc-bad-len.rs	2	1	3	0.92
src/test/compile-fail/issue-10200.rs	8	5	13	0.5071428571428571
src/test/codegen-units/non-generic-drop-glue.rs	2	3	5	0.4793388429752066
src/test/run-pass/overloaded-autoderef-count.rs	8	3	11	0.5168539325842697
src/test/run-pass/blind-item-local-shadow.rs	0	3	3	0.5
src/libcollections/trie/map.rs	9	4	13	0.4155844155844156
src/libstd/rand/mod.rs	50	3	53	0.48576409064497383
src/test/compile-fail/E0440.rs	2	3	5	0.4583333333333333
src/rt/libuv/test/blackhole-server.c	0	2	2	0.75
src/test/run-fail/overflowing-rsh-4.rs	14	5	19	0.3277591973244147
src/test/compile-fail/writing-to-immutable-obj.rs	0	5	5	0.36363636363636365
src/test/debuginfo/lexical-scopes-in-block-expression.rs	14	3	17	0.48148148148148145
src/test/run-pass/rt-circular-buffer.rs	8	6	14	0.25
src/rt/libuv/src/ares/ares_free_string.c	0	3	3	0.6
src/test/compile-fail/associated-types/higher-ranked-projection.rs	4	4	8	0.4883720930232558
src/test/run-pass/realloc-16687.rs	14	3	17	0.4197002141327623
src/rustdoc_ng/fold.rs	0	3	3	0.8529411764705882
src/test/run-pass/coerce-unify.rs	2	3	5	0.6086956521739131
src/test/run-pass/struct-partial-move-1.rs	6	3	9	0.4713375796178344
src/test/run-pass/unboxed-closures-move-some-upvars-in-by-ref-closure.rs	12	4	16	0.35135135135135137
src/test/pretty/example1.rs	0	5	5	0.2
src/test/compile-fail/conflicting-repr-hints.rs	2	3	5	0.576271186440678
src/libstd/ops.rs	14	1	15	0.8777777777777778
src/test/run-pass/resource-generic.rs	12	4	16	0.5319148936170213
src/libstd/freebsd_os.rs	0	11	11	0.21428571428571427
src/test/run-make/crate-data-smoke/rlib.rs	4	1	5	0.9032258064516129
src/test/compile-fail/mutable-huh-ptr-assign.rs	8	3	11	0.6388888888888888
src/test/compile-fail/associated-types-eq-expr-path.rs	6	3	9	0.3508771929824561
src/test/run-pass/issue-10228.rs	6	4	10	0.39361702127659576
src/test/run-pass/associated-types-struct-field-numbered.rs	6	3	9	0.37320574162679426
src/test/auxiliary/linkage-visibility.rs	7	4	11	0.4074074074074074
src/test/run-pass/foreach-external-iterators-nested.rs	12	3	15	0.4703703703703704
src/test/run-pass/early-vtbl-resolution.rs	16	3	19	0.43352601156069365
src/rustdoc_ng/core.rs	1	2	3	0.84
src/libextra/base64.rs	24	1	25	0.8465116279069768
src/libsync/comm/stream.rs	5	3	8	0.656441717791411
src/liballoc/boxed.rs	48	4	52	0.43441585828764234
src/test/run-pass/format-no-uppercase-statics.rs	1	2	3	0.9117647058823529
src/test/run-pass/trait-safety-ok-cc.rs	4	4	8	0.4050632911392405
src/test/auxiliary/struct_destructuring_cross_crate.rs	8	4	12	0.44680851063829785
src/test/run-pass/issue-12612.rs	5	3	8	0.5181818181818182
src/test/compile-fail/self-missing-method.rs	0	6	6	0.5833333333333334
src/libcore/global_env.rs	0	1	1	1.0
src/test/compile-fail/issue-2951.rs	11	4	15	0.5915492957746479
src/doc/trpl/strings.md	14	4	18	0.5415778251599147
src/libcore/rt/stack.rs	4	2	6	0.8
src/test/compile-fail/issue-13033.rs	8	3	11	0.6119402985074627
src/test/run-pass/const-enum-tuplestruct.rs	8	4	12	0.45695364238410596
src/libstd/rt/io/extensions.rs	14	1	15	0.8609022556390977
src/test/codegen/virtual-method-call.rs	5	3	8	0.5855855855855856
src/test/run-fail/overflowing-simd-lsh-1.rs	4	2	6	0.8448275862068966
src/test/run-pass/obj-recursion.rs	0	5	5	0.5
src/test/run-make/dep-info/lib2.rs	0	3	3	0.5833333333333334
src/test/run-pass/rec-auto.rs	14	2	16	0.7464788732394366
src/libserialize/Cargo.toml	2	3	5	0.631578947368421
src/test/compile-fail/variadic-ffi-2.rs	6	3	9	0.6619718309859155
src/boot/me/loop.ml	0	1	1	1.0
src/test/run-make/archive-duplicate-names/bar.rs	3	3	6	0.475
src/test/run-pass/issue-16530.rs	8	3	11	0.5597826086956522
src/doc/book/glossary.md	4	3	7	0.5306122448979592
src/test/stdtest/qsort3.rs	0	7	7	0.2777777777777778
src/test/run-fail/panic-set-unset-handler.rs	4	5	9	0.5588235294117647
src/libstd/unit.rs	11	3	14	0.6884422110552764
src/test/incremental/struct_change_nothing.rs	3	4	7	0.4777777777777778
src/libsyntax/ext/tt/transcribe.rs	66	3	69	0.5151843817787418
src/test/compile-fail/borrowck-borrow-from-owned-ptr.rs	11	3	14	0.5641025641025641
src/libnative/io/pipe_unix.rs	9	2	11	0.8316062176165803
src/test/codegen/static-method-call.rs	5	3	8	0.5855855855855856
src/test/run-pass/zip-same-length.rs	12	4	16	0.48484848484848486
LICENSE.txt	3	4	7	0.36
src/test/parse-fail/pat-range-bad-dots.rs	3	4	7	0.4117647058823529
src/test/run-pass/issue-4865-1.rs	0	4	4	0.6451612903225806
src/test/compile-fail/attr-dangling-in-mod.rs	6	3	9	0.38
src/test/run-pass/weird-exprs.rs	23	3	26	0.5018939393939394
src/test/run-pass/order-drop-with-match.rs	6	3	9	0.3981042654028436
doc/guide-testing.md	5	1	6	0.8846153846153846
src/test/compile-fail/union-const-eval.rs	0	1	1	1.0
src/etc/mingw-fix-include/bits/c++config.h	6	2	8	0.7111111111111111
src/doc/tarpl/vec-insert-remove.md	0	3	3	0.7115384615384616
src/test/compile-fail/alt-vec-mismatch.rs	3	3	6	0.7941176470588235
src/rt/arch/x86_64/regs.h	9	2	11	0.6615384615384615
src/test/compile-fail/issue-10656.rs	4	2	6	0.65
src/test/compile-fail/feature-gate-allow-internal-unstable.rs	3	3	6	0.5454545454545454
src/test/compile-fail/aux/two_macros.rs	0	1	1	1.0
src/test/run-pass/issue-3168.rs	18	2	20	0.6956521739130435
src/test/compile-fail/trait-impl-for-module.rs	9	3	12	0.5546218487394958
src/libstd/ctypes.rs	0	4	4	0.4
mk/libuv/x86_64/freebsd/src/libuv/run-tests.target.mk	0	5	5	0.2
src/rustc/middle/typeck/check/demand.rs	5	4	9	0.22727272727272727
src/comp/metadata/astencode.rs	0	5	5	0.6666666666666666
src/test/run-pass/long-while.rs	14	4	18	0.43523316062176165
src/test/bench/task-perf-word-count-generic.rs	12	7	19	0.28823529411764703
src/test/run-fail/issue-2061.rs	11	4	15	0.5795454545454546
src/test/compile-fail/issue-7061.rs	9	5	14	0.5483870967741935
src/doc/trpl/src/arrays-vectors-and-slices.md	0	2	2	0.9
src/librustc/middle/trans/cabi.rs	26	1	27	0.7584745762711864
src/test/compile-fail/issue-3477.rs	11	4	15	0.5660377358490566
src/test/run-pass/weak-lang-item.rs	11	4	15	0.47017543859649125
src/libbacktrace/ChangeLog.jit	6	5	11	0.5504587155963303
src/test/run-pass/issue22346.rs	5	3	8	0.48091603053435117
src/test/compile-fail/variance-invariant-arg-trait-match.rs	3	3	6	0.6551724137931034
src/test/compile-fail/issue-3243.rs	6	3	9	0.6896551724137931
src/test/run-pass/issue-18083.rs	0	4	4	0.6428571428571429
src/rt/libuv/src/unix/ev/event.c	0	1	1	1.0
src/libstd/sys/common/mutex.rs	11	5	16	0.3581395348837209
src/librustc/infer/lattice.rs	4	5	9	0.4782608695652174
src/test/compile-fail/weak-lang-item.rs	7	3	10	0.5907172995780591
src/test/bench/core-map.rs	36	3	39	0.5755329008341057
src/libcore/unstable/exchange_alloc.rs	7	2	9	0.8
src/libcore/any.rs	35	3	38	0.49779086892488955
src/test/run-pass/iface-to-str.rs	0	9	9	0.25
src/test/run-pass/resource-in-struct.rs	18	4	22	0.5479041916167665
src/test/compile-fail/issue-24365.rs	6	4	10	0.4507042253521127
src/test/run-pass/associated-types-cc.rs	5	3	8	0.5319148936170213
src/libstd/dynamic_lib.rs	43	4	47	0.47619047619047616
src/librustc_trans/callee.rs	20	6	26	0.4253731343283582
src/test/run-pass/issue-20825.rs	0	5	5	0.7222222222222222
src/comp/syntax/ast.rs	11	7	18	0.2571428571428571
src/test/run-pass-fulldeps/aux/dummy_mir_pass.rs	0	1	1	1.0
src/test/rustdoc/inline_local/issue-28537.rs	2	3	5	0.6875
src/librustc/middle/trans/mod.rs	17	1	18	0.8410041841004184
src/rt/arch/x86_64/ccall.S	6	3	9	0.6341463414634146
src/lib/f32.rs	0	1	1	1.0
src/libcore/i16.rs	0	5	5	0.5833333333333334
src/test/compile-fail/E0428.rs	3	3	6	0.46875
src/test/run-pass/cleanup-rvalue-scopes.rs	9	3	12	0.532967032967033
src/libstd/old_path/mod.rs	10	3	13	0.38107416879795397
src/test/compile-fail/coherence-vec-local.rs	7	3	10	0.30434782608695654
src/librustc/dep_graph/raii.rs	8	4	12	0.5428571428571428
src/test/run-pass/max-min-classes.rs	12	4	16	0.5714285714285714
src/rustc/metadata/common.rs	7	7	14	0.15942028985507245
src/libgraphviz/maybe_owned_vec.rs	20	2	22	0.5025839793281653
src/doc/trpl/borrow-and-asref.md	5	3	8	0.5315315315315315
src/test/run-pass/import-from-native.rs	0	4	4	0.5
src/test/run-pass/bench/issue-32062.rs	2	4	6	0.3953488372093023
src/rt/libuv/src/unix/ev/config.h.in	0	1	1	1.0
src/test/compile-fail/ascii-only-character-escape.rs	3	3	6	0.45161290322580644
src/rt/libuv/ev/missing	0	2	2	0.5
src/test/compile-fail/hrtb-just-for-static.rs	7	4	11	0.4112903225806452
src/test/compile-fail/match-tag-unary.rs	3	3	6	0.5
src/lib/Term.rs	0	4	4	0.3333333333333333
src/libstd/rt/join_latch.rs	4	3	7	0.6545454545454545
src/test/compile-fail/trait-object-reference-without-parens-suggestion.rs	6	4	10	0.6176470588235294
src/test/run-pass/aux/sepcomp_cci_lib.rs	0	1	1	1.0
mk/cfg/x86_64-unknown-freebsd.mk	6	4	10	0.4578313253012048
src/rt/arch/arm/context.cpp	5	3	8	0.5862068965517241
src/test/run-pass/deriving-clone-generic-struct.rs	11	3	14	0.5144927536231884
src/test/incremental/ich_resolve_results.rs	2	3	5	0.44
src/test/run-pass/static-function-pointer.rs	4	3	7	0.3305084745762712
src/test/run-pass/cci_iter_exe.rs	20	3	23	0.6156462585034014
src/test/compile-fail/ty_binding_span.rs	5	3	8	0.5301204819277109
src/librustpkg/testsuite/pass/fancy-lib/foo.rs	0	3	3	0.7777777777777778
src/test/run-pass/coherence-blanket.rs	4	3	7	0.6231884057971014
src/libstd/rt/sleeper_list.rs	7	2	9	0.75
src/test/compile-fail/issue-33464.rs	1	4	5	0.5365853658536586
src/test/run-pass/anon-obj-with-self-call.rs	0	5	5	0.5833333333333334
src/test/run-pass/send-resource.rs	22	4	26	0.4651685393258427
src/librustc_borrowck/graphviz.rs	14	3	17	0.35766423357664234
src/test/incremental/hashes/statics.rs	3	4	7	0.35555555555555557
src/test/ui/codemap_tests/issue-28308.stderr	6	3	9	0.422680412371134
src/libsyntax/util/interner.rs	45	3	48	0.5580389329488104
src/test/compile-fail/aux/xcrate_unit_struct.rs	0	1	1	1.0
src/test/compile-fail/regions-enum-not-wf.rs	4	2	6	0.7578947368421053
src/test/compile-fail-fulldeps/plugin-attr-register-deny.rs	1	2	3	0.7777777777777778
src/test/compile-fail/issue-2063.rs	18	2	20	0.631578947368421
src/librustc_passes/Cargo.toml	7	4	11	0.44559585492227977
src/librustc/dep_graph/query.rs	4	3	7	0.5686274509803921
src/rt/rust_util.h	25	2	27	0.5121951219512195
src/test/ui/lifetimes/borrowck-let-suggestion.stderr	3	3	6	0.4888888888888889
src/test/run-pass/interface-narrowing.rs	0	3	3	0.6666666666666666
src/test/codegen-units/partitioning/local-transitive-inlining.rs	5	5	10	0.5916230366492147
src/rt/jemalloc/include/msvc_compat/stdbool.h	0	5	5	0.7777777777777778
src/test/auxiliary/trait_default_method_xc_aux_2.rs	9	4	13	0.5297297297297298
src/libcore/uint-template/u8b.rs	0	1	1	1.0
src/doc/trpl/src/iterators.md	0	2	2	0.9
src/librustc/ty/maps.rs	7	5	12	0.3633217993079585
src/test/compile-fail/dropck-eyepatch-implies-unsafe-impl.rs	0	1	1	1.0
src/test/compile-fail/issue-20228-1.rs	1	2	3	0.8208955223880597
src/test/compile-fail/issue-18937.rs	1	3	4	0.6216216216216216
src/test/run-pass/struct-order-of-eval-2.rs	11	3	14	0.6167400881057269
src/test/compile-fail/user-defined-macro-rules.rs	4	4	8	0.39285714285714285
src/test/rustdoc/inline-default-methods.rs	4	3	7	0.4642857142857143
src/test/compile-fail/import.rs	23	3	26	0.5378787878787878
src/libsyntax/ext/pipes/parse_proto.rs	18	4	22	0.5443037974683544
src/test/parse-fail/obsolete-proc.rs	8	3	11	0.4819277108433735
src/test/run-pass/companionmod-src/b/x.rs	0	5	5	0.5454545454545454
src/libcore/serialization.rs	0	1	1	1.0
src/test/compile-fail/unique-unique-kind.rs	27	3	30	0.49885057471264366
src/libstd/rt/rc.rs	8	1	9	0.8125
src/test/compile-fail/lint-visible-private-types-1.rs	0	1	1	1.0
src/test/compile-fail/auxiliary/allocator3.rs	0	1	1	1.0
src/test/debug-info/by-value-non-immediate-argument.rs	8	1	9	0.9047619047619048
src/test/debug-info/simple.rs	0	2	2	0.8947368421052632
src/rustbook/static/rustbook.js	4	3	7	0.5714285714285714
src/test/compile-fail/issue-3214.rs	17	3	20	0.5865921787709497
src/test/debuginfo/borrowed-c-style-enum.rs	11	4	15	0.4564102564102564
src/test/compile-fail/aux/struct_variant_privacy.rs	0	1	1	1.0
src/rt/rust_log.h	12	5	17	0.3958333333333333
src/test/compile-fail/warn-ctypes-err-attr.rs	3	4	7	0.4
src/test/run-pass/aux/inline_dtor.rs	0	1	1	1.0
src/test/run-pass/extern-rust.rs	4	3	7	0.5
src/test/compile-fail/duplicate-trait-bounds.rs	4	3	7	0.5208333333333334
src/test/compile-fail/no-core-attribute.rs	0	3	3	0.6
src/test/compile-fail/the-case-of-the-recurring-closure.rs	2	3	5	0.76
src/test/compile-fail/issue-11925.rs	11	5	16	0.45726495726495725
src/test/compile-fail/aux/issue-30535.rs	0	1	1	1.0
src/test/run-make/issue-15460/foo.rs	3	2	5	0.6226415094339622
src/test/run-make/compiler-lookup-paths/e.rs	2	2	4	0.7428571428571429
src/test/compile-fail/borrowck/borrowck-ref-into-rvalue.rs	1	3	4	0.38461538461538464
src/librustrt/lib.rs	16	2	18	0.6334991708126037
src/test/auxiliary/privacy_reexport.rs	6	4	10	0.4619883040935672
src/librustc_front/print/pp.rs	0	4	4	0.5897435897435898
src/test/compile-fail/tstate-or-init.rs	0	6	6	0.3333333333333333
src/libsyntax_ext/deriving/cmp/partial_eq.rs	11	6	17	0.40683229813664595
src/test/compile-fail/feature-gate-lang-items.rs	0	5	5	0.5
src/test/run-pass/pipe-select-macro.rs	11	4	15	0.4594594594594595
src/test/compile-fail-fulldeps/syntax-extension-regex-unused.rs	5	2	7	0.7363636363636363
src/test/compile-fail/lint-non-camel-case-struct.rs	0	1	1	1.0
src/libstd/rt/deque.rs	2	2	4	0.8888888888888888
src/test/run-pass/enum-alignment.rs	9	3	12	0.5542635658914729
src/librustc/middle/ty/context.rs	13	3	16	0.6238532110091743
src/test/rustdoc/tuples.rs	2	3	5	0.5
src/libcore/dlist.rs	15	5	20	0.3641304347826087
src/test/run-fail/unwind-box-iface.rs	0	2	2	0.6666666666666666
src/test/compile-fail/issue-20939.rs	3	3	6	0.4594594594594595
src/test/compile-fail/dropck_no_diverge_on_nonregular_1.rs	3	2	5	0.6818181818181818
src/librustc_mir/build/into.rs	9	3	12	0.6338028169014085
src/test/compile-fail/issue-29106.rs	3	5	8	0.6901408450704225
src/test/parse-fail/pat-tuple-6.rs	3	3	6	0.49122807017543857
src/libstd/sys/windows/udp.rs	3	3	6	0.5217391304347826
src/test/parse-fail/removed-syntax-extern-const.rs	6	3	9	0.3917525773195876
src/test/compile-fail/deriving-no-inner-impl-error-message.rs	9	4	13	0.5069444444444444
src/librustrt/mutex.rs	13	2	15	0.5109780439121756
src/lib/U8.rs	0	1	1	1.0
src/test/compile-fail/coherence-impls-sized.rs	5	6	11	0.35443037974683544
src/test/run-pass/deref-on-ref.rs	5	3	8	0.4394904458598726
src/test/compile-fail/seq-args.rs	10	4	14	0.4153846153846154
src/test/ui/mismatched_types/trait-impl-fn-incompatibility.rs	2	4	6	0.4489795918367347
src/test/run-pass/expr-match-generic-box1.rs	5	2	7	0.8632478632478633
src/libstd/num/bigint.rs	11	2	13	0.8024691358024691
src/test/compile-fail/struct-pat-derived-error.rs	7	4	11	0.5666666666666667
src/test/compile-fail/ret-by-reference-temporary.rs	0	1	1	1.0
src/test/auxiliary/procedural_mbe_matching.rs	9	4	13	0.3548387096774194
src/test/auxiliary/use_from_trait_xc.rs	12	4	16	0.5244444444444445
src/test/compile-fail/issue-28586.rs	6	4	10	0.5211267605633803
src/test/compile-fail/E0458.rs	3	4	7	0.4158415841584158
src/rt/rust_builtin.cpp	59	2	61	0.4990421455938697
src/test/run-pass/join.rs	4	4	8	0.3
src/test/compile-fail/regions-outlives-projection-container-hrtb.rs	1	2	3	0.88
src/rt/libuv/src/win/timer.c	0	2	2	0.8
src/test/compile-fail/feature-gate-int-uint.rs	2	4	6	0.3448275862068966
src/libstd/cast.rs	16	1	17	0.8369565217391305
src/librustdoc/html/static/FiraSans-Regular.woff	0	1	1	1.0
src/test/compile-fail/crateresolve.rs	0	1	1	1.0
src/test/run-make/dep-info-spaces/foo foo.rs	2	2	4	0.5909090909090909
src/test/run-make/issue-14698/foo.rs	1	3	4	0.6333333333333333
src/libcore/int-template/i8.rs	3	4	7	0.44
src/test/compile-fail/empty-struct-braces-pat-3.rs	4	5	9	0.5423728813559322
src/test/compile-fail/borrowck-borrow-overloaded-deref-mut.rs	8	3	11	0.46564885496183206
src/libstd/net/parser.rs	16	5	21	0.5007656967840735
src/rt/libuv/doc/desired-api.md	0	2	2	0.5
src/comp/syntax/ext/log_syntax.rs	3	6	9	0.3333333333333333
src/test/stdtest/task.rs	4	6	10	0.3125
src/test/run-make/mixing-libs/prog.rs	2	2	4	0.8787878787878788
src/libsyntax/parse/obsolete.rs	54	3	57	0.5437992125984252
src/test/run-pass/extern-call-deep2.rs	21	4	25	0.6013071895424836
src/test/auxiliary/issue-4208-cc.rs	8	3	11	0.6756756756756757
src/librustc/middle/typeck/infer.rs	0	5	5	0.5
src/test/run-pass/issue-8351-1.rs	8	4	12	0.4410480349344978
src/libstd/rt/message_queue.rs	8	2	10	0.7962962962962963
src/test/run-pass/capture-clauses-boxed-closures.rs	8	3	11	0.4275092936802974
src/test/codegen/static-method-call-multi.cc	3	2	5	0.6744186046511628
src/test/run-pass/union-backcomp.rs	0	1	1	1.0
src/test/compile-fail/not-a-pred-2.rs	0	9	9	0.29411764705882354
src/test/run-pass/anon_trait_static_method_exe.rs	12	2	14	0.703125
src/test/run-pass/auto-ref-newtype.rs	8	2	10	0.7283950617283951
src/libstd/build.rs	14	4	18	0.5311827956989247
src/test/rustdoc/auxiliary/issue-36031.rs	3	3	6	0.6153846153846154
src/rt/libuv/ev/aclocal.m4	0	2	2	0.5
src/test/run-pass/regions-iface.rs	0	7	7	0.3076923076923077
src/libcore/int-template/i16.rs	3	4	7	0.44
src/test/parse-fail/struct-literal-in-for.rs	9	3	12	0.6127167630057804
src/libstd/io/native/file.rs	4	2	6	0.8369565217391305
src/test/compile-fail/issue-18119.rs	5	3	8	0.6825396825396826
src/rt/libuv/test/test-bind6-error.c	0	3	3	0.3333333333333333
src/test/run-pass/float.rs	12	2	14	0.7711864406779662
src/test/compile-fail/issue-12187-1.rs	9	4	13	0.5
src/test/run-pass/traits-issue-22019.rs	5	3	8	0.5365853658536586
src/test/run-pass/static-methods-in-traits.rs	12	3	15	0.3665338645418327
src/test/run-pass/svh-add-nothing.rs	5	3	8	0.4927536231884058
src/test/compile-fail/use-as-where-use-ends-with-mod-sep.rs	2	3	5	0.43137254901960786
src/test/run-pass/issue-1251.rs	17	2	19	0.5575757575757576
src/librustdoc/path_pass.rs	13	4	17	0.5921787709497207
src/test/run-pass/issue-3559	3	3	6	0.6190476190476191
src/rt/libuv/src/eio/config_freebsd.h	0	3	3	0.3333333333333333
src/libcore/path.rs	23	4	27	0.4835820895522388
src/libstd/sys/unix/ext/mod.rs	11	4	15	0.5440251572327044
src/test/run-pass/vec-macro-rvalue-scope.rs	5	4	9	0.4496124031007752
src/test/compile-fail/issue-3707.rs	11	3	14	0.6293706293706294
src/test/compile-fail/doc-before-rbrace.rs	3	3	6	0.3220338983050847
src/test/run-pass-fulldeps/aux/lint_group_plugin_test.rs	0	1	1	1.0
src/test/run-pass/trait-typedef-cc.rs	6	2	8	0.7209302325581395
src/test/run-pass/empty-tag.rs	16	4	20	0.3312883435582822
src/test/compile-fail/borrowck-hold-box.rs	0	1	1	1.0
src/test/codegen-units/item-collection/unused-traits-and-generics.rs	0	4	4	0.5
src/etc/emacs/cm-mode.el	4	2	6	0.68
src/test/compile-fail/use-ends-with-mod-sep.rs	2	3	5	0.42
src/libcore/cmath.rs	5	7	12	0.1746031746031746
src/rustc/syntax/visit.rs	0	5	5	0.42857142857142855
hrtb.md	0	1	1	1.0
src/rt/linenoise/linenoise.c	2	3	5	0.7586206896551724
src/libgreen/simple.rs	9	2	11	0.7774086378737541
src/rt/libuv/test/test-threadpool.c	0	1	1	1.0
src/librustc/metadata/decoder.rs	82	3	85	0.5825044631471563
src/test/incremental/commandline-args.rs	3	2	5	0.5833333333333334
src/test/parse-fail/range-3.rs	6	3	9	0.5348837209302325
src/test/compile-fail/constructor-as-cast.rs	0	6	6	0.3333333333333333
src/test/run-pass/log-linearized.rs	15	2	17	0.6962025316455697
src/rustc/middle/capture.rs	8	5	13	0.23076923076923078
src/test/compile-fail/type-arg-out-of-scope.rs	11	2	13	0.43333333333333335
src/test/compile-fail/E0444.rs	1	4	5	0.39655172413793105
src/librustc_driver/driver.rs	64	4	68	0.45332318619989853
src/test/compile-fail/invalid_crate_type_syntax.rs	0	6	6	0.631578947368421
src/comp/front/extenv.rs	1	6	7	0.2608695652173913
src/test/compile-fail/borrowck-pat-enum.rs	5	3	8	0.546875
src/test/parse-fail/pat-ref-enum.rs	3	4	7	0.4117647058823529
src/test/compile-fail/not-a-pred-3.rs	0	5	5	0.3333333333333333
src/librustc_save_analysis/Cargo.toml	5	5	10	0.3870967741935484
src/test/run-pass/issue-2548.rs	0	2	2	0.5
src/test/auxiliary/issue2170lib.rs	13	4	17	0.4566929133858268
src/test/run-pass/default_ty_param_dependent_defaults.rs	1	4	5	0.7272727272727273
doc/lib.css	0	4	4	0.7692307692307693
src/test/compile-fail/issue-2356.rs	21	5	26	0.5028901734104047
src/test/run-pass/swap-2.rs	22	3	25	0.43714285714285717
src/test/compile-fail/fn-bad-block-type.rs	6	3	9	0.5
src/test/run-pass/issue-9719.rs	8	4	12	0.37104072398190047
src/test/run-pass/myriad-closures.rs	3	4	7	0.42424242424242425
src/test/compile-fail/issue-26886.rs	5	2	7	0.4835164835164835
src/test/run-pass/mod_dir_path3.rs	11	4	15	0.4473684210526316
src/test/run-make/graphviz-flowgraph/f04.rs	6	2	8	0.6285714285714286
src/libstd/sync/raw.rs	1	3	4	0.5230769230769231
src/test/run-pass/test-runner-hides-main.rs	15	4	19	0.6225490196078431
src/test/run-pass/specialization/specialization-allowed-cross-crate.rs	1	3	4	0.75
src/test/compile-fail/impl-trait/disallowed-2.rs	1	3	4	0.3870967741935484
src/doc/trpl/type-aliases.md	4	3	7	0.5894736842105263
src/libsyntax/ext/format.rs	48	3	51	0.5915354330708661
src/librustc_trans/back/symbol_names.rs	8	6	14	0.4219858156028369
src/libcollectionstest/cow_str.rs	4	5	9	0.391304347826087
src/test/compile-fail/macro-crate-unexported-macro.rs	5	1	6	0.9042553191489362
src/test/compile-fail/regions-creating-enums.rs	17	4	21	0.4524590163934426
src/test/run-pass/borrowck-mut-uniq.rs	24	3	27	0.5427046263345195
src/test/compile-fail/macro-with-seps-err-msg.rs	7	3	10	0.5846153846153846
src/test/compile-fail/borrowck/borrowck-vec-pattern-move-tail.rs	4	3	7	0.5365853658536586
src/test/run-pass/newtype-struct-xc-2.rs	9	3	12	0.5769230769230769
src/test/compile-fail/crust-wrong-value-type.rs	0	3	3	0.3333333333333333
src/test/compile-fail/auxiliary/issue-21221-4.rs	0	2	2	0.6666666666666666
src/test/run-pass/struct-literal-dtor.rs	14	2	16	0.7391304347826086
src/test/compile-fail/while-bypass.rs	0	6	6	0.3333333333333333
src/test/compile-fail/borrowck-box-insensitivity.rs	10	3	13	0.5064102564102564
src/rustc/middle/typeck/check/regionck.rs	6	7	13	0.22666666666666666
src/librustuv/rc.rs	1	2	3	0.765625
src/test/run-pass/crust-1.rs	0	3	3	0.3333333333333333
src/test/compile-fail/borrowck-return-variable-on-stack-via-clone.rs	4	5	9	0.5
src/test/compile-fail/impl-trait/feature-gate.rs	1	3	4	0.5454545454545454
src/test/run-pass/env-home-dir.rs	8	5	13	0.32441471571906355
src/test/run-pass/iter-ret.rs	0	7	7	0.2857142857142857
src/test/run-make/codegen-options-parsing/dummy.rs	0	4	4	0.46153846153846156
src/test/run-pass/fixed-point-bind-box.rs	8	5	13	0.4691358024691358
src/test/run-pass/complex.rs	17	3	20	0.6547085201793722
src/librustc_driver/lib.rs	63	4	67	0.4191197084384637
src/test/run-make/issue-25581/Makefile	3	4	7	0.5194805194805194
src/libstd/num/complex.rs	6	2	8	0.803030303030303
mk/cfg/arm-unknown-linux-musleabi.mk	4	5	9	0.4189189189189189
src/rt/libuv/test/benchmark-ares.c	0	3	3	0.6666666666666666
src/test/run-pass/class-str-field.rs	12	2	14	0.5845070422535211
src/rt/libuv/test/test-getaddrinfo.c	0	3	3	0.6666666666666666
src/test/auxiliary/issue-13560-1.rs	4	3	7	0.44871794871794873
src/test/compile-fail/regions-escape-loop-via-vec.rs	21	4	25	0.4897959183673469
src/test/run-pass/foreign-mod-src/compiletest-ignore-dir	2	3	5	0.5428571428571428
src/doc/nomicon/subtyping.md	4	3	7	0.6842105263157895
src/test/codegen-units/partitioning/statics.rs	3	3	6	0.6535433070866141
src/test/compile-fail/alias-mismatch.rs	0	4	4	0.5
src/test/debug-info/text-to-include-2.txt	0	2	2	0.92
src/test/run-pass/unique-drop-complex.rs	15	3	18	0.4724770642201835
src/librustc_borrowck/borrowck/mod.rs	50	5	55	0.4360248447204969
src/test/codegen-units/item-collection/transitive-drop-glue.rs	2	3	5	0.5806451612903226
src/test/compile-fail/use-after-move-implicity-coerced-object.rs	13	3	16	0.5692307692307692
src/test/compile-fail/check_on_unimplemented_on_slice.rs	3	3	6	0.46153846153846156
src/libcore/sync.rs	0	3	3	0.8461538461538461
src/test/run-pass/deriving-zero.rs	13	2	15	0.6666666666666666
src/test/compile-fail/macro-local-data-key-priv.rs	5	2	7	0.7053571428571429
src/libstd/hashmap.rs	33	1	34	0.8152011922503726
src/libcore/tuple/mod.rs	4	3	7	0.5088757396449705
src/librustc_back/target/x86_64_unknown_openbsd.rs	14	4	18	0.5451807228915663
doc/tutorial/build.js	0	1	1	1.0
src/rt/rust_srv.h	0	6	6	0.36363636363636365
src/test/compile-fail/borrowck-unboxed-closures.rs	9	4	13	0.5852272727272727
src/libstd/cmp.rs	29	1	30	0.7138964577656676
src/librustc/driver/driver.rs	79	2	81	0.7489376770538244
src/test/run-pass/drop-trait.rs	13	3	16	0.6142857142857143
src/test/compile-fail/issue-21600.rs	6	5	11	0.5252525252525253
src/test/compile-fail/regions-iface-1.rs	0	7	7	0.23076923076923078
src/test/auxiliary/issue2378b.rs	9	1	10	0.825
src/libstd/os/freebsd/mod.rs	4	4	8	0.5757575757575758
src/test/compile-fail/variance-regions-indirect.rs	10	4	14	0.32
src/test/run-make/bootstrap-from-c-with-uvio/main.c	0	2	2	0.8947368421052632
src/rt/libuv/src/eio/eio.3	0	3	3	0.3333333333333333
src/test/run-pass/issue-28822.rs	0	2	2	0.8333333333333334
src/rt/jemalloc/config.stamp.in	0	5	5	0.7777777777777778
src/librustc_incremental/persist/work_product.rs	5	4	9	0.5061728395061729
src/test/compile-fail/const-err.rs	11	5	16	0.44868035190615835
src/test/run-pass/struct-field-shorthand.rs	3	3	6	0.6829268292682927
src/test/compile-fail/deriving-span-DeepClone-struct.rs	3	1	4	0.896551724137931
src/libproc_macro_plugin/lib.rs	5	3	8	0.5714285714285714
src/test/compile-fail/E0528.rs	3	3	6	0.43283582089552236
src/test/compile-fail-fulldeps/auxiliary/macro_crate_test.rs	10	6	16	0.3535714285714286
src/test/run-pass/associated-types-doubleendediterator-object.rs	8	3	11	0.3163841807909605
src/test/compile-fail/E0259.rs	3	3	6	0.4077669902912621
src/test/codegen-units/partitioning/local-generic.rs	5	4	9	0.5497630331753555
src/librustc/ast_map/blocks.rs	3	3	6	0.803921568627451
src/libstd/rt/uv/async.rs	5	2	7	0.8547008547008547
src/test/run-pass/linkage-visibility.rs	13	3	16	0.6129943502824858
src/libsyntax/errors/snippet/mod.rs	7	4	11	0.3851851851851852
src/test/run-pass/generic-bind.rs	4	7	11	0.2222222222222222
src/test/run-pass/create-dir-all-bare.rs	0	3	3	0.7090909090909091
src/doc/trpl/src/ffi.md	0	1	1	1.0
src/test/bench/shootout/shootout-chameneos-redux.rs	0	2	2	0.8888888888888888
src/test/compile-fail/borrowck-preserve-expl-deref.rs	3	2	5	0.8409090909090909
src/test/run-pass/mod_file_with_path_attr.rs	13	3	16	0.43902439024390244
src/test/compile-fail/range_traits-4.rs	1	5	6	0.4857142857142857
src/test/auxiliary/syntax_extension_with_dll_deps_2.rs	8	4	12	0.34104046242774566
src/test/run-pass/terminate-in-initializer.rs	22	4	26	0.5163511187607573
src/libstd/io/mem.rs	30	2	32	0.528604118993135
src/librustdoc/html/static/SourceCodePro-Regular.woff	0	4	4	0.8421052631578947
src/test/ui/mismatched_types/trait-impl-fn-incompatibility.stderr	5	2	7	0.453125
src/test/compile-fail/issue-23253.rs	6	5	11	0.4634146341463415
src/rt/libuv/src/unix/ev/config_netbsd.h	0	1	1	1.0
src/test/rustdoc/deprecated.rs	2	3	5	0.5365853658536586
src/rt/jemalloc/test/aligned_alloc.exp	0	5	5	0.7777777777777778
src/test/run-pass/issue-1516.rs	11	2	13	0.572972972972973
src/test/ui/codemap_tests/issue-11715.stderr	3	4	7	0.6176470588235294
src/test/run-pass/nullary-or-pattern.rs	10	4	14	0.3170731707317073
src/test/compile-fail/coherence_local_err_struct.rs	3	3	6	0.4
src/libstd/collections/hash/bench.rs	11	3	14	0.4416058394160584
src/test/run-make/extern-diff-internal-name/test.rs	3	2	5	0.6585365853658537
src/rustllvm/ArchiveWrapper.cpp	13	4	17	0.525
src/test/compile-fail/regions-variance-contravariant-use-covariant-in-second-position.rs	3	2	5	0.5806451612903226
src/test/auxiliary/orphan_check_diagnostics.rs	5	4	9	0.42748091603053434
src/test/run-make/dep-info-spaces/Makefile.foo	6	5	11	0.2897196261682243
mk/libuv/ia32/mac/src/libuv/uv.Makefile	0	5	5	0.5833333333333334
src/test/compile-fail/index-bot.rs	7	3	10	0.4375
src/libstd/prettyprint.rs	11	6	17	0.42748091603053434
src/test/run-fail/match-wildcards.rs	9	4	13	0.46875
src/test/run-pass/aux/issue-14344-1.rs	0	1	1	1.0
src/comp/middle/tstate/auxiliary.rs	11	7	18	0.21637426900584794
src/test/compile-fail/lint-raw-ptr-derive.rs	3	4	7	0.6764705882352942
src/test/auxiliary/svh-a-whitespace.rs	7	4	11	0.38666666666666666
src/libextra/time.rs	26	1	27	0.82574568288854
src/test/run-pass/cleanup-copy-mode.rs	14	2	16	0.7688442211055276
src/test/compile-fail/macro-parameter-span.rs	2	3	5	0.5833333333333334
src/rustbook/javascript.rs	11	4	15	0.4401114206128134
src/libcore/iter-trait/dlist.rs	15	5	20	0.25
src/test/compile-fail/deriving-meta-unknown-trait.rs	7	4	11	0.5591397849462365
src/librustc_back/target/x86_64_unknown_netbsd.rs	14	4	18	0.5421245421245421
src/test/compile-fail/aux/svh-uta-base.rs	0	1	1	1.0
src/libbacktrace/ansidecl.h	5	3	8	0.7662337662337663
src/test/run-pass/associated-types-impl-redirect.rs	14	3	17	0.47191011235955055
src/test/run-fail/unwind-box-str.rs	9	2	11	0.8037974683544303
src/rt/arch/armv7/morestack.S	3	3	6	0.6714285714285714
src/test/run-pass/match-struct-0.rs	6	3	9	0.4124293785310734
src/librustc_typeck/check/assoc.rs	17	4	21	0.4491525423728814
src/rt/libuv/src/ares/ares__read_line.c	0	3	3	0.6
src/test/parse-fail/pat-ranges-2.rs	4	2	6	0.48717948717948717
src/test/compile-fail/associated-const-type-parameter-arms.rs	2	3	5	0.7647058823529411
src/libstd/rt/context.rs	12	1	13	0.8596491228070176
src/test/compile-fail/fat-ptr-cast.rs	13	3	16	0.6428571428571429
src/doc/nomicon/vec.md	2	3	5	0.4909090909090909
src/doc/trpl/src/compound-data-types.md	0	2	2	0.9
src/test/compile-fail/while-loop-pred-constraints.rs	0	7	7	0.2777777777777778
src/test/compile-fail/while-let.rs	8	3	11	0.44360902255639095
src/test/run-pass/snake-case-no-lowercase-equivalent.rs	4	3	7	0.6349206349206349
src/test/run-pass/cap-clause-not-used.rs	3	5	8	0.4
src/test/compile-fail/lint-type-overflow.rs	13	3	16	0.6551724137931034
src/rt/bigint/bigint.h	0	2	2	0.6666666666666666
src/test/run-fail/expr-if-panic.rs	6	4	10	0.48717948717948717
src/comp/metadata/astencode_gen.rs	0	2	2	0.8333333333333334
src/test/compile-fail/generic-impl-more-params-with-defaults.rs	7	3	10	0.5419847328244275
src/etc/gdb_rust_pretty_printing.py	21	4	25	0.464354527938343
src/test/compile-fail/unboxed-closure-sugar-lifetime-elision.rs	6	3	9	0.36551724137931035
mk/cfg/x86_64-rumprun-netbsd.mk	5	4	9	0.5277777777777778
mk/libuv/x86_64/win/src/rt/libuv/run-benchmarks.target.mk	0	2	2	0.6666666666666666
src/test/compile-fail/aux/svh-a-change-lit.rs	0	1	1	1.0
src/test/compile-fail-fulldeps/aux/lint_for_crate.rs	0	1	1	1.0
src/test/run-pass/issue-31267.rs	2	2	4	0.7058823529411765
src/test/run-pass/associated-const-ufcs-infer-trait.rs	3	4	7	0.4482758620689655
src/test/compile-fail/issue-29161.rs	5	3	8	0.6336633663366337
src/test/incremental/change_crate_order/auxiliary/a.rs	3	4	7	0.40425531914893614
src/libstd/sync/condvar.rs	32	4	36	0.43983402489626555
src/test/debug-info/managed-pointer-within-unique.rs	10	1	11	0.9266666666666666
src/test/debug-info/issue7712.rs	0	2	2	0.9
src/test/compile-fail/feature-gate-on-unimplemented.rs	4	3	7	0.43243243243243246
src/test/bench/std/std-smallintmap.rs	0	2	2	0.8888888888888888
src/test/compile-fail/mutable-class-fields.rs	12	3	15	0.3815789473684211
src/test/run-pass/aux/blind-item-mixed-crate-use-item-foo.rs	0	1	1	1.0
src/comp/syntax/codemap.rs	9	7	16	0.2524271844660194
src/test/run-pass/crust-yield.rs	0	3	3	0.5555555555555556
src/test/run-pass/import-crate-with-invalid-spans/aux/crate_with_invalid_spans_macros.rs	0	1	1	1.0
src/test/compile-fail/deriving-span-Ord-enum.rs	4	1	5	0.8939393939393939
src/test/run-pass/parse-assoc-type-lt.rs	5	3	8	0.6507936507936508
src/test/compile-fail/issue-2995.rs	6	2	8	0.7727272727272727
src/test/run-pass/iter-sum-overflow-debug.rs	4	3	7	0.6428571428571429
src/test/run-pass/deriving-encodable-decodable-box.rs	10	3	13	0.44072948328267475
src/test/auxiliary/struct_variant_privacy.rs	7	5	12	0.39473684210526316
src/test/run-pass/class-implement-ifaces.rs	3	6	9	0.3333333333333333
src/test/run-pass/specialization/specialization-on-projection.rs	2	3	5	0.75
src/test/debuginfo/var-captured-in-stack-closure.rs	20	3	23	0.4300847457627119
src/libcore/iter-trait/dvecb.rs	0	1	1	1.0
src/test/run-pass/issue-9918.rs	4	3	7	0.35365853658536583
src/test/run-pass/issue-14344.rs	3	3	6	0.5588235294117647
src/doc/nomicon/casts.md	1	3	4	0.6530612244897959
src/libsyntax/parse/eval.rs	10	6	16	0.2545454545454545
src/test/compile-fail/auxiliary/const_fn_lib.rs	0	3	3	0.6451612903225806
src/test/compile-fail/issue-28450.rs	0	1	1	1.0
src/test/run-pass/aux/impl_privacy_xc_2.rs	0	1	1	1.0
src/test/run-pass/issue-13775.rs	3	3	6	0.4625
src/test/compile-fail/blind-item-local-shadow.rs	7	4	11	0.422680412371134
src/test/rustdoc/hidden-methods.rs	3	3	6	0.5454545454545454
src/test/compile-fail/gated-link-llvm-intrinsics.rs	4	2	6	0.5
src/tools/tidy/src/style.rs	5	3	8	0.5789473684210527
src/test/compile-fail/struct-fields-hints-no-dupe.rs	10	5	15	0.48299319727891155
src/test/run-pass/newtype-temporary.rs	5	3	8	0.5422535211267606
src/test/run-pass/new-box.rs	5	3	8	0.6535947712418301
src/libstd/sys/windows/process2.rs	7	4	11	0.44221105527638194
src/test/run-pass/vec-repeat-with-cast.rs	7	3	10	0.4927536231884058
src/bootstrap/util.rs	8	4	12	0.45985401459854014
doc/complement-project-faq.md	3	1	4	0.896551724137931
src/librustc_save_analysis/dump.rs	3	4	7	0.45217391304347826
src/doc/guide-plugin.md	4	2	6	0.5798319327731093
src/test/compile-fail/issue-3154.rs	8	2	10	0.7708333333333334
src/libunwind/lib.rs	4	3	7	0.4931506849315068
src/test/compile-fail/ext-nonexistent.rs	0	9	9	0.35714285714285715
src/rt/libuv/src/unix/sunos.c	0	2	2	0.6
src/rt/rust_gc.h	0	3	3	0.3333333333333333
src/test/compile-fail/aux/go_trait.rs	0	1	1	1.0
src/test/compile-fail/multitrait.rs	14	3	17	0.5847457627118644
src/test/compile-fail/where-clauses-not-parameter.rs	9	3	12	0.48878923766816146
src/test/parse-fail/range_inclusive_gate.rs	3	2	5	0.717391304347826
src/test/compile-fail/regions-appearance-constraint.rs	2	4	6	0.6923076923076923
src/test/auxiliary/svh-a-change-lit.rs	7	4	11	0.38666666666666666
src/test/compile-fail-fulldeps/proc-macro/auxiliary/derive-bad.rs	0	3	3	0.3333333333333333
src/test/run-pass/fat-arrow-alt.rs	5	3	8	0.6875
src/test/run-pass/issue-3424.rs	19	4	23	0.483739837398374
src/test/compile-fail/E0214.rs	3	4	7	0.3157894736842105
src/test/run-pass/coherence-bigint-vecint.rs	4	3	7	0.6091954022988506
src/test/rustdoc/extern-impl.rs	2	3	5	0.6
src/test/run-pass/issue-6157.rs	7	3	10	0.5145228215767634
src/test/compile-fail/trait-bounds-on-structs-and-enums-locals.rs	10	3	13	0.468503937007874
src/bootstrap/clean.rs	3	5	8	0.5076923076923077
src/test/compile-fail/new-box-syntax-bad.rs	4	2	6	0.84
src/test/run-fail/overflowing-lsh-4.rs	14	5	19	0.3277591973244147
src/librustc/ty/relate.rs	11	6	17	0.40774487471526194
src/test/compile-fail/lint-non-camel-case-enum.rs	0	1	1	1.0
src/libsyntax/ext/deriving/cmp/partial_eq.rs	7	4	11	0.5714285714285714
src/test/run-pass/purity-infer.rs	8	2	10	0.5130434782608696
src/test/compile-fail/lint-unused-import-tricky-names.rs	7	1	8	0.8849557522123894
src/test/compile-fail/coherence_copy_like_err_tuple.rs	6	3	9	0.5116279069767442
src/test/run-pass/issue-15858.rs	8	3	11	0.3372093023255814
src/test/rustdoc/inline_cross/issue-32881.rs	2	3	5	0.6304347826086957
src/test/run-make/issue-30063/Makefile	2	2	4	0.7575757575757576
src/test/run-pass/expr-scope.rs	10	4	14	0.391304347826087
src/test/run-pass/issue-9737.rs	5	3	8	0.75
src/librustc/middle/traits/fulfill.rs	27	4	31	0.45521885521885525
src/test/run-pass-fulldeps/compiler-calls.rs	17	5	22	0.433931484502447
src/test/run-pass/namespaced-enums-xcrate.rs	7	4	11	0.44881889763779526
src/librustc_back/target/dragonfly_base.rs	12	3	15	0.6295336787564767
src/libcore/condition.rs	10	4	14	0.572289156626506
src/test/parse-fail/keyword.rs	3	4	7	0.4117647058823529
src/test/parse-fail/macro-doc-comments-1.rs	2	3	5	0.6666666666666666
src/test/run-pass/native-struct.rs	0	2	2	0.6666666666666666
src/test/run-pass/integer-literal-suffix-inference-2.rs	4	3	7	0.5178571428571429
src/test/run-pass/macro-local-data-key.rs	3	2	5	0.8850574712643678
src/libnum/bigint.rs	28	2	30	0.8173784977908689
src/test/compile-fail-fulldeps/rustc-macro/two-crate-types-2.rs	4	4	8	0.5694444444444444
src/libsyntax/syntax.rs	10	1	11	0.8563829787234043
src/test/compile-fail/issue-25145.rs	7	3	10	0.6388888888888888
src/test/run-make/c-set-crate-map-manually/Makefile	0	2	2	0.9230769230769231
src/test/run-pass/foreign-truncated-arguments.rs	2	4	6	0.4262295081967213
src/test/run-pass/borrowck-preserve-box.rs	15	2	17	0.7333333333333333
src/libstd/old_io/process.rs	11	3	14	0.39365671641791045
src/libextra/num/complex.rs	11	3	14	0.7301587301587301
src/test/compile-fail/log-type-error.rs	0	2	2	0.75
src/librustc_trans/trans/mir/constant.rs	13	3	16	0.6175771971496437
src/llvm	49	5	54	0.508235294117647
src/test/compile-fail/issue-30589.rs	2	4	6	0.45098039215686275
src/test/compile-fail/closure-that-fails.rs	10	2	12	0.5276073619631901
mk/prepare.mk	17	3	20	0.5817901234567902
src/libstd/macros.rs	66	3	69	0.5387689848121503
src/test/run-pass/fun-indirect-call.rs	11	3	14	0.38064516129032255
src/test/compile-fail/cdylib-deps-must-be-static.rs	1	4	5	0.4883720930232558
src/test/run-pass/unique-match-discrim.rs	5	3	8	0.3469387755102041
src/rustc/middle/typeck/infer/to_str.rs	2	6	8	0.25
src/test/compile-fail/hygienic-label-3.rs	9	2	11	0.6633663366336634
mk/libuv/ia32/unix/Makefile	0	4	4	0.25
src/test/compile-fail/import-from-none.rs	0	3	3	0.3333333333333333
src/test/compile-fail/array-old-syntax-2.rs	7	2	9	0.5714285714285714
src/libcore/iter_private.rs	4	6	10	0.35772357723577236
src/rt/sundown/examples/smartypants.c	0	2	2	0.9310344827586207
src/libcollections/unicode.rs	2	1	3	0.9047619047619048
src/libcore/num/i8.rs	11	4	15	0.5032258064516129
src/rt/libuv/src/uv-unix.c	0	2	2	0.5
src/test/run-make/simple-dylib/Makefile	1	2	3	0.675
src/tools/compiletest/src/header.rs	8	5	13	0.41044776119402987
src/test/compile-fail/issue-12997-1.rs	3	2	5	0.76
src/test/run-pass/const-meth-pattern.rs	2	3	5	0.6097560975609756
src/test/compile-fail/issue-34839.rs	3	4	7	0.6666666666666666
src/test/debuginfo/tuple-in-tuple.rs	10	3	13	0.47692307692307695
src/test/auxiliary/issue-5521.rs	7	4	11	0.5317073170731708
src/test/compile-fail/borrowck-preserve-box-in-field.rs	3	2	5	0.8409090909090909
src/libsyntax/util/move_map.rs	4	3	7	0.7049180327868853
src/test/compile-fail/trait-bounds-sugar.rs	14	3	17	0.5304659498207885
src/test/compile-fail/trait-safety-trait-impl.rs	5	5	10	0.35106382978723405
src/libcollections/bitflags.rs	0	1	1	1.0
src/rt/libuv/src/uv-cygwin.c	0	3	3	0.3333333333333333
src/rt/jemalloc/include/jemalloc/internal/arena.h	3	2	5	0.8
src/rt/libuv/test/test-pipe-bind-error.c	0	2	2	0.6666666666666666
src/etc/rustdoc.py	0	3	3	0.5
src/libcore/bessel.rs	0	3	3	0.7142857142857143
src/test/run-pass/issue-19121.rs	5	3	8	0.53125
src/test/compile-fail/glob-resolve1.rs	10	4	14	0.5966850828729282
src/test/compile-fail/unboxed-closures-infer-fnmut-move-missing-mut.rs	4	2	6	0.5185185185185185
src/test/run-make/pretty-print-to-file/Makefile	4	3	7	0.42
src/test/run-pass/check_const-feature-gated.rs	0	4	4	0.7333333333333333
src/test/compile-fail/lex-illegal-num-char-escape-2.rs	2	1	3	0.9411764705882353
src/test/run-pass/mod-merge-hack-template.rs	3	3	6	0.5882352941176471
src/test/compile-fail/kindck-impl-type-params-2.rs	17	3	20	0.4533333333333333
src/test/run-pass/borrowck-wg-autoderef-and-autoborrowvec-combined-issue-6272.rs	3	1	4	0.9178082191780822
src/librustc_trans/mir/block.rs	19	6	25	0.4348370927318296
src/libcore/rt/thread.rs	1	3	4	0.8493150684931506
src/test/run-pass/aux/kinds_in_metadata.rs	0	1	1	1.0
src/test/compile-fail/consider-removing-last-semi.rs	5	3	8	0.45454545454545453
src/libfuzzer/rand_util.rs	8	3	11	0.6835443037974683
src/rt/rust_crate_map.cpp	4	5	9	0.5945945945945946
src/libstd/old_io/net/mod.rs	3	3	6	0.42718446601941745
src/libstd/unstable/weak_task.rs	4	1	5	0.875
src/libcore/rt/message_queue.rs	0	3	3	0.5833333333333334
src/test/run-pass/issue-2611.rs	9	4	13	0.5517241379310345
src/test/run-pass/constraint-prop.rs	3	6	9	0.24
src/test/auxiliary/explicit_self_xcrate.rs	13	3	16	0.5797101449275363
src/test/compile-fail/typeck-auto-trait-no-supertraits-2.rs	0	6	6	0.36363636363636365
src/test/run-pass/issue-28279.rs	2	2	4	0.76
src/test/run-pass/nullable-pointer-iotareduction.rs	28	3	31	0.5803698435277382
src/libsyntax/ast_map/blocks.rs	14	3	17	0.5226860254083484
src/test/run-pass/into-iterator-type-inference-shift.rs	5	3	8	0.3741496598639456
src/test/compile-fail/self-vs-path-ambiguity.rs	2	4	6	0.4583333333333333
src/test/compile-fail/aux/svh-a-change-type-ret.rs	0	1	1	1.0
src/test/compile-fail/regions-close-over-type-parameter-2.rs	6	3	9	0.42528735632183906
src/test/compile-fail/multiple-main-2.rs	8	3	11	0.35353535353535354
src/test/incremental/rlib_cross_crate/b.rs	3	5	8	0.4186046511627907
src/test/run-pass/issue-11411.rs	0	2	2	0.5
src/test/compile-fail/issue-16401.rs	8	4	12	0.5643153526970954
src/test/compile-fail/const-fn-not-in-trait.rs	5	3	8	0.48314606741573035
src/lib/std.rc	15	5	20	0.2616822429906542
src/librustc/middle/trans/machine.rs	20	3	23	0.6939890710382514
src/test/debug-info/tuple-struct.rs	8	1	9	0.9196428571428571
src/test/incremental/krate_reassign_34991/main.rs	2	3	5	0.4418604651162791
src/comp/middle/tstate/bitvectors.rs	9	6	15	0.24390243902439024
src/test/run-pass/struct-path-associated-type.rs	0	3	3	0.5
src/test/compile-fail/borrowck-closures-mut-and-imm.rs	10	3	13	0.4318181818181818
src/test/compile-fail/once-cant-call-twice-on-stack.rs	10	1	11	0.8905109489051095
src/libstd/sys/windows/mod.rs	30	4	34	0.4271907216494845
src/test/run-pass/where-clause-early-bound-lifetimes.rs	6	3	9	0.5540540540540541
src/test/compile-fail/tstate-unsat-after-item.rs	0	7	7	0.36363636363636365
src/test/run-pass/issue-16819.rs	3	3	6	0.5909090909090909
src/test/compile-fail/writing-through-read-alias.rs	6	4	10	0.24
src/test/compile-fail/union/union-derive.rs	3	4	7	0.5176470588235295
src/libcore/hashmap.rs	13	3	16	0.6824644549763034
src/test/parse-fail/keyword-box-as-identifier.rs	0	5	5	0.5454545454545454
src/test/debug-info/generic-static-method-on-struct-and-enum.rs	9	1	10	0.9197080291970803
src/test/rustdoc/aux/rustdoc-extern-default-method.rs	0	1	1	1.0
src/test/compile-fail/regions-escape-bound-fn-2.rs	12	2	14	0.48
src/test/run-pass/use_inline_dtor.rs	6	3	9	0.5393258426966292
src/rustc/middle/regionck.rs	2	3	5	0.45
src/test/run-pass/associated-types-region-erasure-issue-20582.rs	4	3	7	0.5849056603773585
src/rt/libuv/src/ev/ev++.h	0	2	2	0.5
src/test/compile-fail/issue-1763.rs	0	9	9	0.2857142857142857
src/test/compile-fail-fulldeps/proc-macro/export-macro.rs	0	3	3	0.3333333333333333
src/rt/sundown/html_block_names.txt	0	2	2	0.9310344827586207
src/librustc_back/target/s390x_unknown_linux_gnu.rs	7	3	10	0.4609375
src/lib/unicode.rs	0	4	4	0.3333333333333333
src/doc/nomicon/data.md	0	3	3	0.6
src/libcore/iter/sources.rs	3	6	9	0.45794392523364486
src/test/debuginfo/associated_types.rs	5	2	7	0.6904761904761905
src/test/run-pass/typeck_type_placeholder_1.rs	10	3	13	0.38011695906432746
src/rt/libuv/src/unix/eio/xthread.h	0	1	1	1.0
src/libcore/uint-template/u8.rs	3	4	7	0.5185185185185185
src/test/ui/span/issue28498-reject-lifetime-param.stderr	2	4	6	0.5853658536585366
src/doc/trpl/unsized-types.md	4	3	7	0.6074074074074074
src/rt/libuv/src/unix/process.c	0	2	2	0.6666666666666666
src/test/rustdoc/inline_cross/hidden-use.rs	1	5	6	0.5641025641025641
mk/cfg/arm-apple-ios	3	3	6	0.6627906976744186
src/test/run-pass/issue-1899.rs	0	3	3	0.5
src/test/compile-fail/issue-18343.rs	7	3	10	0.4675324675324675
src/test/rustdoc/issue-27104.rs	3	2	5	0.7021276595744681
src/test/compile-fail/const-fn-mismatch.rs	6	4	10	0.4316546762589928
src/doc/footer.inc	8	6	14	0.5245098039215687
src/test/compile-fail/macro-match-nonterminal.rs	7	2	9	0.5609756097560976
src/test/run-pass/issue-25394.rs	3	2	5	0.7741935483870968
src/libcore/iter-trait.rs	12	5	17	0.23214285714285715
src/test/debuginfo/method-on-trait.rs	15	3	18	0.40869565217391307
src/test/run-pass/aux/cgu_test_a.rs	0	1	1	1.0
src/test/compile-fail/keyword-priv-as-identifier.rs	2	3	5	0.5306122448979592
src/test/run-pass/exterior.rs	18	3	21	0.5
src/rt/libuv/src/ev/config_linux.h	0	3	3	0.3333333333333333
src/test/compile-fail/associated-const-type-parameters.rs	5	2	7	0.75
src/test/run-pass/issue-24972.rs	3	3	6	0.717948717948718
src/librustc_mir/build/matches/test.rs	20	4	24	0.5606936416184971
src/test/debug-info/nil-enum.rs	9	1	10	0.9147286821705426
src/test/run-pass/where-clause-method-substituion.rs	6	3	9	0.49056603773584906
src/test/auxiliary/issue-30109-1.rs	3	3	6	0.47560975609756095
src/libstd/io/process.rs	33	2	35	0.55
src/test/compile-fail/aux/svh-a-change-significant-cfg.rs	0	1	1	1.0
src/test/run-pass/closure-reform.rs	19	3	22	0.488272921108742
src/lib/box.rs	0	8	8	0.25
src/rustc/metadata/cstore.rs	7	9	16	0.23404255319148937
src/test/compile-fail/const-err-multi.rs	4	6	10	0.3253968253968254
src/libextra/iter.rs	3	3	6	0.8
src/test/compile-fail/hrtb-higher-ranker-supertraits-transitive.rs	6	4	10	0.5256410256410257
src/test/codegen-units/partitioning/local-inlining.rs	5	5	10	0.5916230366492147
src/libfuzzer/fuzzer.rc	22	3	25	0.6657608695652174
src/test/compile-fail/E0161.rs	0	5	5	0.5789473684210527
src/test/compile-fail/bad-value-ident-true.rs	8	4	12	0.3333333333333333
src/test/compile-fail/reserved-m64.rs	0	2	2	0.6
src/test/run-pass/issue-11577.rs	9	5	14	0.4846153846153846
src/test/debug-info/simple-tuple.rs	13	1	14	0.9024390243902439
src/librustc_trans/type_of.rs	12	6	18	0.4090909090909091
src/test/compile-fail/issue-14091.rs	6	5	11	0.45045045045045046
src/test/compile-fail/wf-in-fn-ret.rs	1	2	3	0.8571428571428571
src/test/ui/dropck/dropck-eyepatch-reorder.rs	3	3	6	0.45652173913043476
src/test/run-pass/extern-pass-TwoU64s-ref.rs	10	1	11	0.8873239436619719
src/etc/vim/plugin/rust.vim	3	2	5	0.475
src/test/compile-fail/issue-2330.rs	13	2	15	0.6527777777777778
src/test/run-pass/pipe-peek.rs	12	4	16	0.6106870229007634
src/test/parse-fail/removed-syntax-fixed-vec.rs	5	3	8	0.609375
src/test/compile-fail/issue-7573.rs	12	4	16	0.578544061302682
src/test/run-pass/bind-methods.rs	0	4	4	0.375
src/test/run-pass/issue-5950.rs	5	3	8	0.5284552845528455
src/libcore/build.rs	5	4	9	0.4405594405594406
src/test/run-pass/issue-21622.rs	2	3	5	0.6363636363636364
src/test/run-pass/trait-bounds-basic.rs	9	3	12	0.6307053941908713
src/lib/fs.rs	10	6	16	0.2676056338028169
src/lib/fun_treemap.rs	0	7	7	0.3076923076923077
src/test/compile-fail/issue-21659-show-relevant-trait-impls-1.rs	6	3	9	0.6620689655172414
unbounded-lifetimes.md	0	1	1	1.0
src/test/run-pass/regions-mock-tcx.rs	17	3	20	0.5020325203252033
src/rt/jemalloc/src/tsd.c	0	5	5	0.7777777777777778
src/libnative/io/file.rs	5	2	7	0.872093023255814
src/test/compile-fail/regions-wf-trait-object.rs	4	3	7	0.6875
src/rustc/front/core_inject.rs	7	4	11	0.25
src/test/bench/shootout/shootout-nbody.rs	0	2	2	0.8888888888888888
src/test/compile-fail/issue-17758.rs	3	2	5	0.85
src/test/compile-fail/kindck-send-object.rs	11	4	15	0.3738601823708207
src/test/compile-fail/coherence-projection-ok-orphan.rs	2	4	6	0.45098039215686275
src/test/compile-fail/unsafe-for.rs	0	8	8	0.3333333333333333
src/rt/jemalloc/configure	6	2	8	0.8153846153846154
src/test/ui/span/regions-escape-loop-via-variable.stderr	1	3	4	0.38461538461538464
src/lib/Deque.rs	0	1	1	1.0
src/libstd/rt/io/pipe.rs	3	2	5	0.8383838383838383
src/test/compile-fail/aux/orphan_check_diagnostics.rs	0	1	1	1.0
src/test/compile-fail/E560.rs	5	3	8	0.4148936170212766
src/test/run-pass/classes-simple-method.rs	13	3	16	0.3835125448028674
src/doc/trpl/src/unsafe.md	0	1	1	1.0
src/doc/trpl/src/basic.md	0	2	2	0.9
src/test/compile-fail-fulldeps/proc-macro/derive-bad.rs	0	3	3	0.3333333333333333
src/test/run-pass/intrinsics-integer.rs	22	3	25	0.4922737306843267
src/libstd/os/dragonfly/fs.rs	3	3	6	0.6666666666666666
src/test/compile-fail/lint-owned-heap-memory.rs	8	2	10	0.6704545454545454
src/test/compile-fail/typeck-default-trait-impl-trait-where-clause-2.rs	8	4	12	0.5827814569536424
src/test/run-pass/issue-9446.rs	7	1	8	0.896551724137931
src/test/run-pass/const-tuple-struct.rs	11	3	14	0.3741496598639456
src/rt/jemalloc/include/jemalloc/internal/rtree.h	3	2	5	0.8
src/librustc/dep_graph/debug.rs	2	5	7	0.47368421052631576
src/rt/jemalloc/include/jemalloc/internal/quarantine.h	3	2	5	0.8
src/test/compile-fail/borrowck-field-sensitivity.rs	9	3	12	0.5522388059701493
src/test/run-pass/issue-5754.rs	6	3	9	0.4520547945205479
src/test/run-pass/issue-4446.rs	15	4	19	0.4613583138173302
src/test/run-pass/crateresolve6.rs	8	2	10	0.6666666666666666
src/test/compile-fail/lub-if.rs	11	4	15	0.6352941176470588
src/rustc/driver/rustc.rs	13	7	20	0.27611940298507465
src/test/run-pass/specialization/specialization-overlap-projection.rs	2	3	5	0.75
src/test/run-pass/utf8.rs	26	3	29	0.6261467889908257
src/test/compile-fail/borrowck-issue-2657-2.rs	14	3	17	0.5026737967914439
src/test/compile-fail/unboxed-closures-failed-recursive-fn-1.rs	7	5	12	0.44642857142857145
src/comp/middle/block_use.rs	0	5	5	0.4444444444444444
src/librustdoc/html/layout.rs	35	4	39	0.617399438727783
src/test/compile-fail/issue-2587-2.rs	0	5	5	0.3888888888888889
src/test/run-pass/builtin-superkinds-simple.rs	4	3	7	0.4
src/test/compile-fail/issue-31495.rs	1	4	5	0.7
src/libstd/sys/windows/compat.rs	4	5	9	0.4601226993865031
src/test/run-pass/issue-5741.rs	7	3	10	0.6086956521739131
src/test/run-pass/svh-add-redundant-cfg.rs	5	3	8	0.4927536231884058
src/librustc_trans/debuginfo/create_scope_map.rs	16	4	20	0.4591651542649728
src/doc/tarpl/references.md	0	3	3	0.6904761904761905
src/test/run-pass/issue-1451.rs	6	4	10	0.35294117647058826
src/libstd/box.rs	0	1	1	1.0
src/libstd/mtypes.rs	0	2	2	0.8333333333333334
src/test/run-pass/method-where-clause.rs	5	3	8	0.41284403669724773
mk/libuv/ia32/unix/linux/src/libuv/run-tests.target.mk	0	4	4	0.6363636363636364
src/rt/libuv/test/test-ping-pong.c	0	5	5	0.4444444444444444
src/test/run-make/linkage-attr-on-static/foo.c	4	4	8	0.35
src/test/compile-fail/kindck-pod.rs	2	2	4	0.8571428571428571
src/test/run-pass/deriving-simple.rs	0	5	5	0.36363636363636365
src/libstd/rt/kill.rs	13	2	15	0.8238636363636364
src/test/compile-fail/borrowck-overloaded-index-autoderef.rs	7	3	10	0.4375
src/test/run-pass/trait-region-pointer-simple.rs	13	4	17	0.5526315789473685
src/doc/trpl/more-strings.md	8	4	12	0.49595687331536387
src/rt/libuv/src/win/cares.c	0	1	1	1.0
mk/cfg/powerpc64-unknown-linux-gnu.mk	5	4	9	0.5403225806451613
src/test/run-pass/issue-21033.rs	7	4	11	0.4
src/test/compile-fail/loop-properly-diverging-2.rs	2	3	5	0.6756756756756757
src/test/run-make/interdependent-c-libraries/main.rs	0	3	3	0.8666666666666667
src/librustc_borrowck/borrowck/README.md	6	2	8	0.6958762886597938
src/libstd/net.rs	10	6	16	0.1951219512195122
src/rt/libuv/src/win/req.c	0	2	2	0.8
src/libbacktrace/aclocal.m4	6	1	7	0.8181818181818182
src/test/auxiliary/lang-item-public.rs	14	4	18	0.5168738898756661
src/test/run-pass/dvec-test.rs	2	8	10	0.21212121212121213
src/test/run-pass/match-enum-struct-1.rs	9	4	13	0.4624505928853755
src/test/run-pass/issue-2196.rs	3	4	7	0.6
src/librustdoc/sort_item_name_pass.rs	7	4	11	0.6067415730337079
src/test/compile-fail/regions-reborrow-from-shorter-mut-ref-mut-ref.rs	3	2	5	0.5909090909090909
src/test/run-pass/issue-14901.rs	8	4	12	0.4247787610619469
src/test/run-pass/where-clauses-cross-crate.rs	5	3	8	0.43956043956043955
src/test/compile-fail/E0297.rs	7	4	11	0.4413793103448276
src/test/auxiliary/svh-a-comment.rs	7	4	11	0.38666666666666666
src/test/compile-fail/lint-output-format.rs	7	3	10	0.5050505050505051
src/test/compile-fail/issue-15919.rs	2	3	5	0.8
src/test/compile-fail/regions-return-ref-to-upvar-issue-17403.rs	12	3	15	0.34497816593886466
src/test/bench/shootout/shootout-pidigits.rs	0	2	2	0.8888888888888888
src/libstd/sys/windows/timer.rs	10	3	13	0.5370786516853933
src/test/run-fail/mir_trans_calls_diverging_drops.rs	6	4	10	0.5380116959064327
src/test/run-pass/macro-doc-raw-str-hashes.rs	2	3	5	0.6190476190476191
src/test/compile-fail/borrowck-imm-field-imm-base.rs	0	7	7	0.35714285714285715
src/libstd/bitflags.rs	25	2	27	0.4556786703601108
src/test/run-pass/default_ty_param_trait_impl_simple.rs	2	3	5	0.7441860465116279
src/test/compile-fail/typeck-cast-pointer-to-float.rs	7	3	10	0.5928571428571429
src/test/run-pass/assert-eq-macro-unsized.rs	2	2	4	0.7241379310344828
doc/po/ja/guide-container.md.po	2	1	3	0.9090909090909091
src/test/run-pass/issue-29227.rs	1	4	5	0.6206896551724138
src/test/compile-fail/gated-macro_registrar.rs	2	1	3	0.92
src/rt/rust_gc_metadata.cpp	5	3	8	0.5714285714285714
src/test/parse-fail/keyword-abstract.rs	6	3	9	0.5333333333333333
src/test/rustdoc/auxiliary/issue-19190-3.rs	0	2	2	0.6666666666666666
src/test/run-pass/issue-21363.rs	5	3	8	0.3780487804878049
src/test/debuginfo/generic-struct-style-enum.rs	14	4	18	0.48936170212765956
src/rt/libuv/src/ev/README	0	2	2	0.5
src/test/compile-fail/tstate-while-loop-unsat-constriants.rs	0	4	4	0.4
mk/cfg/arm-unknown-linux-gnueabihf	3	3	6	0.6627906976744186
src/test/run-pass/slowparse-string.rs	1	3	4	0.782608695652174
src/test/compile-fail/object-lifetime-default-from-box-error.rs	4	3	7	0.5
src/test/compile-fail/empty-impl-semicolon.rs	6	4	10	0.40298507462686567
src/test/compile-fail/unused-unsafe.rs	1	3	4	0.7727272727272727
src/test/run-pass/obj-dtor-2.rs	0	5	5	0.36363636363636365
src/test/compile-fail/alt-vec-illegal-tail-element-loan.rs	0	4	4	0.4
src/libstd/sys/unix/ext/io.rs	6	4	10	0.5587044534412956
src/test/debuginfo/generic-method-on-generic-struct.rs	15	3	18	0.4255874673629243
src/test/compile-fail/deref-non-pointer.rs	5	3	8	0.5454545454545454
src/librustc_back/target/thumbv7m_none_eabi.rs	3	4	7	0.4444444444444444
src/test/run-pass/hrtb-opt-in-copy.rs	9	3	12	0.36099585062240663
src/libcollectionstest/btree/set.rs	15	4	19	0.6143497757847534
src/rt/jemalloc/test/posix_memalign.c	0	5	5	0.7777777777777778
src/librustrt/at_exit_imp.rs	4	3	7	0.5333333333333333
src/libcore/num/u64.rs	12	4	16	0.5325443786982249
src/rt/libuv/test/test-idle.c	0	1	1	1.0
src/libcollections/deque.rs	8	2	10	0.8128342245989305
src/test/run-fail/die-macro-expr.rs	11	3	14	0.532967032967033
src/test/run-pass/unique-autoderef-index.rs	18	3	21	0.4653846153846154
src/libstd/failure.rs	12	3	15	0.4392523364485981
src/test/run-pass/aux/issue-11225-3.rs	0	1	1	1.0
src/doc/trpl/concurrency.md	26	4	30	0.4388586956521739
src/test/compile-fail/issue-12729.rs	3	3	6	0.3770491803278688
src/test/run-pass/trait-inheritance-num0.rs	16	3	19	0.5512367491166078
src/librustdoc/escape_pass.rs	8	4	12	0.5483870967741935
src/test/run-pass/new-vstore-mut-box-syntax.rs	7	2	9	0.7857142857142857
src/boot/me/simplify.ml	0	1	1	1.0
src/test/debuginfo/extern-c-fn.rs	6	3	9	0.449438202247191
src/test/compile-fail/coerce-bare-fn-to-closure-and-proc.rs	5	3	8	0.5302013422818792
src/test/run-pass/simd-generics.rs	11	3	14	0.4110429447852761
src/test/run-pass/num-wrapping.rs	4	3	7	0.6403508771929824
src/librustc_const_eval/pattern.rs	6	3	9	0.42696629213483145
src/test/compile-fail/borrowck-loan-local-as-both-mut-and-imm.rs	15	3	18	0.57847533632287
src/test/parse-fail/issue-23620-invalid-escapes.rs	7	4	11	0.35359116022099446
src/test/run-pass/iter-map-to-vec.rs	12	2	14	0.5076923076923077
src/test/run-pass/lib-path.rs	0	2	2	0.5
src/test/compile-fail/impl-trait/auto-trait-leak.rs	5	4	9	0.379746835443038
src/librustc/middle/ty/adjustment.rs	8	3	11	0.6666666666666666
src/comp/driver/diagnostic.rs	3	7	10	0.42105263157894735
src/test/compile-fail/auxiliary/go_trait.rs	1	3	4	0.38461538461538464
src/test/ui/codemap_tests/two_files.rs	4	4	8	0.4268292682926829
src/librustpkg/source_control.rs	13	1	14	0.8307692307692308
src/test/compile-fail/augmented-assignments-trait.rs	3	3	6	0.6615384615384615
src/rustc/syntax/ext/env.rs	0	2	2	0.5
src/librustc/middle/check_static_recursion.rs	21	4	25	0.48256467941507314
src/test/compile-fail/issue-15965.rs	5	3	8	0.42134831460674155
src/test/compile-fail/deriving-span-PartialOrd-struct.rs	4	3	7	0.5625
src/test/compile-fail/associated-types/issue-36499.rs	0	6	6	0.6470588235294118
src/test/run-pass/kindck-owned-trait-contains-1.rs	19	3	22	0.6006389776357828
src/libcore/unstable/simd.rs	0	3	3	0.8888888888888888
src/test/compile-fail/dupe-symbols-1.rs	2	4	6	0.5806451612903226
src/librustc_back/target/armv7_linux_androideabi.rs	10	4	14	0.5191256830601093
src/test/run-fail/zip-different-lengths.rs	13	4	17	0.5272727272727272
src/librustdoc/html/static/playpen.js	18	5	23	0.47191011235955055
src/test/compile-fail/privacy-ns2.rs	13	3	16	0.5952380952380952
src/libstd/io/comm_adapters.rs	22	2	24	0.4948453608247423
src/test/run-pass/issue-33992.rs	4	2	6	0.6428571428571429
src/test/run-pass/specialization/aux/specialization_cross_crate_defaults.rs	0	1	1	1.0
src/libstd/rt/args.rs	22	3	25	0.6062639821029083
src/librustc/middle/ty/walk.rs	3	3	6	0.527027027027027
src/test/compile-fail/aux/crateresolve1-2.rs	0	1	1	1.0
mk/libuv/ia32/unix/src/rt/libuv/uv.Makefile	0	1	1	1.0
src/test/run-pass/issue-28777.rs	3	3	6	0.725
src/test/compile-fail/borrowck-imm-field-mut-base.rs	0	8	8	0.3125
src/test/run-make/graphviz-flowgraph/f23.dot-expected.dot	11	2	13	0.4682080924855491
src/test/run-make/compiler-lookup-paths/d.rs	2	2	4	0.7428571428571429
src/test/compile-fail/issue-23595-2.rs	3	3	6	0.5409836065573771
src/test/run-pass/macro-nested_stmt_macros.rs	3	3	6	0.52
src/libstd/tempfile.rs	14	4	18	0.49079754601226994
src/comp/front/parser.rs	7	7	14	0.3118556701030928
src/test/compile-fail/issue-24883.rs	2	3	5	0.5813953488372093
src/test/compile-fail/bind-alias.rs	0	5	5	0.42857142857142855
src/test/debuginfo/type-names.rs	24	3	27	0.3745819397993311
src/test/compile-fail/borrowck-in-static.rs	4	3	7	0.6031746031746031
mk/libuv/x86_64/mac/src/libuv/run-benchmarks.target.mk	0	5	5	0.5384615384615384
src/test/compile-fail/unsafe-alt.rs	3	5	8	0.21739130434782608
src/test/compile-fail/issue-17431-6.rs	5	3	8	0.6407766990291263
mk/cfg/i386-apple-ios	3	3	6	0.6627906976744186
src/test/compile-fail/non-constant-expr-for-vec-repeat.rs	15	3	18	0.5066666666666667
src/test/run-pass/borrowck-univariant-enum.rs	16	3	19	0.4797979797979798
src/test/compile-fail/dst-rvalue.rs	5	2	7	0.5
src/librustc_borrowck/borrowck/doc.rs	5	3	8	0.441025641025641
src/test/run-pass/signal-alternate-stack-cleanup.rs	3	2	5	0.6829268292682927
src/test/auxiliary/macro_with_super_1.rs	6	3	9	0.4444444444444444
src/test/pretty/raw-str-nonexpr.rs	9	3	12	0.5735294117647058
src/librustc/middle/fast_reject.rs	14	3	17	0.4592720970537262
src/rt/libuv/src/unix/eio/config_cygwin.h	0	1	1	1.0
src/test/compile-fail/aux/variant-namespacing.rs	0	1	1	1.0
src/tools/compiletest/src/json.rs	5	6	11	0.37037037037037035
src/librustdoc/html/static/jquery-2.0.3.min.js	0	2	2	0.9444444444444444
src/test/run-pass/issue-2190-2.rs	8	3	11	0.7047619047619048
src/test/run-pass/unreachable-code.rs	22	4	26	0.47003154574132494
src/test/run-pass/block-fn-coerce.rs	15	3	18	0.3432203389830508
src/test/compile-fail/region-object-lifetime-in-coercion.rs	6	4	10	0.3522267206477733
src/rt/rust_port_selector.h	0	9	9	0.3157894736842105
src/test/compile-fail/const-tup-index-span.rs	6	6	12	0.43902439024390244
src/test/compile-fail/vec-res-add.rs	25	2	27	0.5276073619631901
src/test/run-pass/issue28498-must-work-ex1.rs	0	3	3	0.8333333333333334
src/libstd/rope.rs	29	3	32	0.4447513812154696
src/test/codegen/coercions.rs	4	6	10	0.5277777777777778
src/test/run-pass/associated-types-struct-field-named.rs	6	3	9	0.37320574162679426
src/librustc_data_structures/lib.rs	20	5	25	0.5633187772925764
src/comp/metadata/common.rs	10	4	14	0.2857142857142857
src/test/compile-fail/imports/unused.rs	3	3	6	0.6153846153846154
src/test/run-pass/qquote.rs	4	3	7	0.4583333333333333
src/test/ui/compare-method/region-unrelated.rs	1	2	3	0.6764705882352942
mk/libuv/x86_64/win/src/rt/libuv/run-tests.target.mk	0	3	3	0.5
src/test/compile-fail/int-literal-too-large-span.rs	5	4	9	0.36792452830188677
src/test/auxiliary/specialization_cross_crate.rs	3	3	6	0.47191011235955055
src/test/run-pass/rl-human-test.rs	3	1	4	0.925
src/test/run-pass/simd-size-align.rs	6	3	9	0.40559440559440557
src/test/compile-fail/typeck-default-trait-impl-supertrait.rs	9	4	13	0.4258064516129032
src/doc/nomicon/references.md	0	3	3	0.6923076923076923
src/rt/libuv/src/ev/Makefile.am	0	2	2	0.5
src/test/run-pass/issue_9155.rs	8	3	11	0.5825242718446602
src/libstd/linux_os.rs	0	11	11	0.15789473684210525
src/comp/syntax/ext/concat_idents.rs	2	7	9	0.34615384615384615
src/rt/arch/x86_64/gpr.cpp	7	2	9	0.6785714285714286
src/rt/libuv/test/test-fail-always.c	0	3	3	0.6
src/test/compile-fail/unsafe-around-compiler-generated-unsafe.rs	3	1	4	0.90625
src/test/compile-fail/elided-test.rs	5	2	7	0.7906976744186046
src/libcore/vec.rs	47	5	52	0.39579158316633267
src/test/run-make/save-analysis/SubDir/mod.rs	4	3	7	0.5166666666666667
src/test/compile-fail/macro-backtrace-invalid-internals.rs	9	5	14	0.5423728813559322
src/test/compile-fail/stability-attribute-non-staged.rs	5	4	9	0.6527777777777778
src/test/rustdoc/inline_cross/auxiliary/rustdoc-nonreachable-impls.rs	0	4	4	0.5
src/test/run-pass/regions-borrow-evec-at.rs	11	2	13	0.6153846153846154
src/rt/libuv/gyp_uv	0	1	1	1.0
src/libsyntax/ext/deriving.rs	8	5	13	0.4378698224852071
src/test/run-pass/issue-17816.rs	15	3	18	0.354978354978355
src/test/run-pass/sepcomp-statics.rs	7	3	10	0.4722222222222222
src/librustc/middle/typeck/infer/lattice.rs	25	2	27	0.6835781041388518
src/test/compile-fail/method-suggestion-no-duplication.rs	14	4	18	0.4479166666666667
src/test/debug-info/simd.rs	4	1	5	0.9242424242424242
src/librustc/util/enum_set.rs	12	1	13	0.802547770700637
src/rustc/middle/typeck/deriving.rs	0	4	4	0.36363636363636365
src/test/compile-fail/E0388.rs	1	3	4	0.38235294117647056
src/test/debug-info/boxed-struct.rs	10	1	11	0.8972602739726028
src/test/run-pass/issue-32518.rs	2	3	5	0.4864864864864865
src/rt/rust.cpp	18	4	22	0.22580645161290322
src/test/parse-fail/issue-37113.rs	3	3	6	0.65
src/test/run-fail/unwind-box-fn-unique.rs	10	2	12	0.8300970873786407
src/rt/sync/interrupt_transparent_queue.h	0	2	2	0.5
src/test/run-pass/string-self-append.rs	20	3	23	0.5664556962025317
src/doc/style/changing/pre-1-0.md	4	4	8	0.4307692307692308
src/libnative/io/addrinfo.rs	11	1	12	0.875
src/test/run-pass/associated-types-iterator-binding.rs	10	3	13	0.36764705882352944
src/rt/libuv/test/test-loop-handles.c	0	4	4	0.5714285714285714
src/test/parse-fail/keyword-ref-as-identifier.rs	6	3	9	0.5333333333333333
src/rustc/middle/trans/machine.rs	0	4	4	0.4
src/test/run-pass/vec-matching-legal-tail-element-borrow.rs	20	3	23	0.5384615384615384
src/test/compile-fail/panic-runtime/want-unwind-got-abort2.rs	1	4	5	0.5405405405405406
src/librustc/middle/typeck/infer/to_str.rs	17	2	19	0.7647058823529411
src/test/compile-fail/variance-contravariant-arg-trait-match.rs	2	4	6	0.5370370370370371
src/test/auxiliary/custom_derive_plugin.rs	12	3	15	0.6
src/test/run-pass/foreign2.rs	17	3	20	0.5
src/test/compile-fail/import-glob-0.rs	12	2	14	0.5806451612903226
src/test/compile-fail/deriving-span-PartialOrd-enum.rs	4	3	7	0.5625
src/test/codegen/float_math.rs	2	4	6	0.35714285714285715
src/test/auxiliary/issue-11225-2.rs	5	4	9	0.4315068493150685
src/test/compile-fail/block-require-return.rs	0	8	8	0.2
src/rt/isaac/randport.cpp	1	3	4	0.8076923076923077
src/libstd/rt/io/signal.rs	4	2	6	0.8333333333333334
src/test/compile-fail/mutable-huh-variance-vec1.rs	4	7	11	0.2972972972972973
src/rt/jemalloc/src/ctl.c	0	5	5	0.7777777777777778
doc/po/ja/rustpkg.md.po	5	1	6	0.8846153846153846
src/test/compile-fail/core-tls-store-pointer.rs	8	2	10	0.8322147651006712
src/librustc_trans/symbol_map.rs	1	4	5	0.7368421052631579
src/test/compile-fail/unsized-inherent-impl-self-type.rs	6	4	10	0.3277310924369748
src/test/run-make/graphviz-flowgraph/f21.dot-expected.dot	11	2	13	0.47093023255813954
src/test/run-pass/issue-30018-panic.rs	3	3	6	0.5054945054945055
src/test/compile-fail/dep-graph-unrelated.rs	3	3	6	0.5853658536585366
src/librustc/util/io.rs	0	2	2	0.8947368421052632
src/test/ui/span/issue-36530.stderr	4	4	8	0.4444444444444444
src/compiletest/runtest.rs	108	3	111	0.5723221266614542
src/test/compile-fail/empty-struct-braces-expr.rs	3	3	6	0.6338028169014085
src/test/run-pass/issue24687-embed-debuginfo.rs	5	4	9	0.36
src/librustc_trans/save/dump.rs	1	4	5	0.5625
src/test/compile-fail/issue-14285.rs	6	3	9	0.36666666666666664
src/libcore/rt/io/mock.rs	0	3	3	0.6428571428571429
src/etc/platform-intrinsics/x86/fma.json	6	3	9	0.5638297872340425
src/test/run-make/c-dynamic-dylib/foo.rs	4	1	5	0.8947368421052632
src/test/run-make/issue-15460/bar.rs	2	1	3	0.9090909090909091
src/test/compile-fail/inherit-struct5.rs	2	2	4	0.8181818181818182
src/compiletest/header.rs	53	3	56	0.552461139896373
src/test/compile-fail/pattern-ident-path-generics.rs	5	3	8	0.6229508196721312
src/test/run-pass/tuple-struct-constructor-pointer.rs	5	3	8	0.5112781954887218
src/test/run-pass/foreach-put-structured.rs	16	3	19	0.4358974358974359
src/test/compile-fail/pred-on-wrong-slots.rs	0	9	9	0.23529411764705882
src/rt/rust_sched_launcher.cpp	7	3	10	0.32558139534883723
src/test/incremental/callee_caller_cross_crate/b.rs	3	4	7	0.4418604651162791
mk/cfg/i686-unknown-linux-musl.mk	6	5	11	0.4558139534883721
src/librustc/util/nodemap.rs	17	3	20	0.45709828393135726
src/test/compile-fail/mutable-huh-variance-box.rs	2	6	8	0.4230769230769231
src/librustc/dep_graph/visit.rs	2	5	7	0.5080213903743316
src/test/run-pass/unique-pinned-nocopy-2.rs	9	3	12	0.736
mk/cfg/arm-unknown-linux-gnueabi.mk	4	4	8	0.4375
src/test/compile-fail/issue-2590.rs	11	4	15	0.5850340136054422
src/librustc_metadata/cstore.rs	17	5	22	0.4628975265017668
src/test/compile-fail/kindck-send-unsafe.rs	10	4	14	0.4120603015075377
src/test/compile-fail/borrowck-init-in-fru.rs	7	4	11	0.5616438356164384
src/libstd/sys/unix/backtrace/mod.rs	3	2	5	0.8297872340425532
src/test/compile-fail/prim-with-args.rs	9	3	12	0.711864406779661
src/test/run-make/staticlib-blank-lib/Makefile	2	2	4	0.5294117647058824
src/test/auxiliary/two_macros.rs	4	4	8	0.37349397590361444
src/test/run-pass/task-killjoin.rs	19	2	21	0.5763888888888888
src/test/compile-fail/match-vec-mismatch.rs	15	3	18	0.6153846153846154
vec-deref.md	0	1	1	1.0
src/test/run-pass/paren-free.rs	13	2	15	0.5977011494252874
src/test/compile-fail-fulldeps/lint-plugin-deny-attr.rs	3	3	6	0.4875
src/test/run-pass/panic-during-tld-destroy.rs	0	3	3	0.6666666666666666
mk/cfg/x86_64-apple-darwin	3	3	6	0.6627906976744186
src/test/run-pass/eq-multidispatch.rs	8	4	12	0.37823834196891193
src/test/run-pass/issue-26997.rs	2	4	6	0.30612244897959184
src/test/run-pass/issue-4865-2.rs	2	3	5	0.6222222222222222
src/comp/front/extfmt.rs	4	4	8	0.5774647887323944
src/test/compile-fail/gated-struct-enums.rs	2	2	4	0.7307692307692307
src/test/run-pass-fulldeps/rustc-macro/auxiliary/derive-a.rs	3	6	9	0.4576271186440678
src/test/run-pass/aux/associated-types-cc-lib.rs	0	1	1	1.0
src/librustc_back/slice.rs	1	2	3	0.8571428571428571
src/libsyntax/ext/deriving/hash.rs	25	3	28	0.4823008849557522
src/libcoretest/raw.rs	2	2	4	0.7321428571428571
src/test/run-make/llvm-pass/plugin.rs	0	4	4	0.7368421052631579
src/rt/libuv/test/test-ipc.c	0	2	2	0.6
src/test/compile-fail/fail-simple.rs	11	3	14	0.5901639344262295
src/etc/gen-keywords-table.py	0	1	1	1.0
src/libstd/run_program.rs	0	10	10	0.2222222222222222
src/test/run-pass/return-nil.rs	6	5	11	0.37662337662337664
src/test/compile-fail/return-uninit.rs	0	6	6	0.2857142857142857
src/test/auxiliary/rlib_crate_test.rs	6	4	10	0.44966442953020136
src/test/parse-fail/keyword-extern-as-identifier.rs	6	3	9	0.5333333333333333
src/rustc/front/test.rs	8	6	14	0.27884615384615385
src/test/compile-fail/alt-vec-tail-move.rs	0	8	8	0.2857142857142857
src/test/run-fail/overflowing-simd-lsh-4.rs	4	2	6	0.8448275862068966
src/librustpkg/parse_args.rs	4	1	5	0.8974358974358975
src/test/run-pass/unique-in-tag.rs	11	4	15	0.5989847715736041
src/test/compile-fail/byte-string-literals.rs	3	3	6	0.5490196078431373
src/libcore/unit.rs	2	5	7	0.35294117647058826
src/test/compile-fail/borrowck-rvalues-mutable-bad.rs	1	2	3	0.8928571428571429
src/libstd/iterator.rs	21	2	23	0.7590579710144928
src/test/parse-fail/struct-no-fields-5.rs	5	3	8	0.5441176470588235
src/test/run-make/linkage-attr-on-static/Makefile	4	5	9	0.40425531914893614
mk/libuv/win/src/rt/libuv/uv.target.mk	0	3	3	0.3333333333333333
src/test/compile-fail/macros-no-semicolon-items.rs	3	3	6	0.4482758620689655
src/test/run-make/lto-no-link-whole-rlib/bar.c	3	2	5	0.8235294117647058
src/librustc_incremental/persist/mod.rs	7	5	12	0.46184738955823296
src/test/codegen-units/item-collection/drop_in_place_intrinsic.rs	3	3	6	0.43333333333333335
mk/cfg/mipsel-unknown-linux-musl.mk	2	3	5	0.627906976744186
src/test/compile-fail/attrs-with-no-formal-in-generics-3.rs	3	4	7	0.5609756097560976
src/lib/bool.rs	0	3	3	0.5
src/libstd/rt/uv/file.rs	9	2	11	0.8
src/test/debug-info/tuple-in-struct.rs	11	1	12	0.9
src/test/run-pass/enum-discrim-range-overflow.rs	7	4	11	0.3333333333333333
src/test/run-pass/int-conversion-coherence.rs	11	1	12	0.7049180327868853
src/test/run-pass/associated-types-simple.rs	5	3	8	0.41605839416058393
src/test/compile-fail/attr-before-ext.rs	9	4	13	0.3763440860215054
src/test/stdtest/bool.rs	0	4	4	0.25
src/comp/back/x86_64.rs	0	9	9	0.3333333333333333
src/test/codegen/internalize-closures.rs	3	4	7	0.42857142857142855
src/test/run-pass/bind-native-fn.rs	0	9	9	0.1875
src/test/compile-fail/object-safety-sized.rs	6	5	11	0.5069444444444444
src/librustc_back/target/x86_64_apple_ios.rs	15	5	20	0.5735735735735735
src/test/compile-fail/regions-infer-at-fn-not-param.rs	10	2	12	0.6119402985074627
src/librbml/Cargo.toml	4	5	9	0.5108695652173914
src/test/run-pass/closure-return-bang.rs	3	2	5	0.6666666666666666
src/test/incremental/hashes/enum_defs.rs	5	4	9	0.5121951219512195
src/test/run-make/rustdoc-search-index/Makefile	5	4	9	0.3223684210526316
src/test/run-pass/last-use-is-capture.rs	15	3	18	0.54
src/test/auxiliary/issue_3907.rs	6	4	10	0.3689839572192513
src/test/run-pass-fulldeps/proc-macro/add-impl.rs	0	3	3	0.3333333333333333
src/test/run-pass/traits-issue-23003.rs	4	3	7	0.4897959183673469
src/test/compile-fail/qquote.rs	0	1	1	1.0
src/libcore/num/u16.rs	12	4	16	0.5325443786982249
src/test/run-pass/expr-if-panic-all.rs	4	3	7	0.3894736842105263
src/libsyntax/parse/attr.rs	63	4	67	0.5134345794392523
src/libstd/sync/mpsc/shared.rs	17	3	20	0.41030927835051545
src/test/debuginfo/text-to-include-3.txt	5	2	7	0.7714285714285715
src/test/run-pass/cci_capture_clause.rs	11	4	15	0.35428571428571426
src/rt/libuv/src/unix/eio/autogen.sh	0	1	1	1.0
src/test/run-make/use-extern-for-plugins/Makefile	8	3	11	0.39896373056994816
src/test/run-pass/issue-24313.rs	6	4	10	0.34375
src/libstd/hash_old.rs	0	3	3	0.625
src/test/compile-fail/type-parameter-invalid-lint.rs	4	3	7	0.5982142857142857
src/libstd/os/sunos/raw.rs	0	1	1	1.0
src/test/run-pass/export-abstract-tag.rs	11	4	15	0.3565217391304348
src/test/run-pass/panic-runtime/link-to-unwind.rs	1	4	5	0.5405405405405406
src/rt/libuv/include/ares.h	0	4	4	0.5
src/rt/arch/i386/gpr.cpp	7	2	9	0.6785714285714286
src/rt/libuv/src/unix/eio/ecb.h	0	1	1	1.0
src/test/compile-fail/auxiliary/issue_30123_aux.rs	0	1	1	1.0
src/lib/either.rs	6	5	11	0.23076923076923078
src/test/auxiliary/crateresolve-3.rs	0	2	2	0.6666666666666666
src/test/run-make/use-extern-for-plugins/baz.rs	3	3	6	0.5882352941176471
src/libstd/num/uint-template/u8.rs	0	2	2	0.875
src/rustc/util/common.rs	11	5	16	0.29473684210526313
src/test/parse-fail/issue-21153.rs	8	5	13	0.3870967741935484
src/test/run-pass/issue-10764.rs	3	3	6	0.5283018867924528
src/rt/rust_debug.h	6	4	10	0.5689655172413793
src/rt/sync/condition_variable.cpp	0	2	2	0.6666666666666666
src/libsyntax/crateid.rs	8	2	10	0.8755555555555555
src/test/run-pass-fulldeps/aux/syntax_extension_with_dll_deps_2.rs	0	1	1	1.0
src/test/compile-fail/E0522.rs	1	4	5	0.3269230769230769
src/test/compile-fail/issue-17718-const-borrow.rs	4	4	8	0.6875
src/test/auxiliary/where_clauses_xc.rs	6	4	10	0.45535714285714285
src/librustc/middle/wf.rs	1	3	4	0.8
src/test/run-pass/crust-call-deep.rs	0	3	3	0.6
src/test/compile-fail-fulldeps/proc-macro/feature-gate-1.rs	0	3	3	0.3333333333333333
src/libsyntax/ext/auto_encode.rs	17	3	20	0.6352201257861635
src/libstd/logging.rs	11	2	13	0.8376811594202899
src/test/run-fail/assert-eq-macro-panic.rs	10	4	14	0.37209302325581395
src/test/auxiliary/msvc-data-only-lib.rs	2	3	5	0.44086021505376344
src/test/compile-fail/E0133.rs	4	4	8	0.4391891891891892
src/test/stdtest/sys.rs	0	5	5	0.2857142857142857
src/librustc/middle/typeck/check/alt.rs	3	4	7	0.3333333333333333
src/rt/libuv/src/ev/config_darwin.h	0	3	3	0.3333333333333333
src/libstd/rt/io/file.rs	12	3	15	0.7835497835497836
src/librustc_mir/tcx/expr.rs	6	3	9	0.6880733944954128
src/llvmext/MachOObjectFile.cpp	0	2	2	0.5
src/rt/sundown/html/html.c	0	2	2	0.9302325581395349
src/test/run-pass/aux/xcrate_unit_struct.rs	0	1	1	1.0
src/test/compile-fail/macro-use-bad-args-2.rs	5	3	8	0.5384615384615384
src/test/run-pass/mir_struct_with_assoc_ty.rs	4	4	8	0.525
src/test/run-fail/unwind-initializer-indirect.rs	8	2	10	0.808695652173913
src/libstd/uv_ll.rs	21	5	26	0.40668523676880225
src/test/rustdoc/issue-31808.rs	2	3	5	0.5277777777777778
src/libstd/io/flate.rs	3	1	4	0.8809523809523809
doc/Languages.txt	0	2	2	0.8
src/test/debug-info/reference-to-managed-basic.rs	2	2	4	0.8333333333333334
src/test/run-pass/tuple-struct-trivial.rs	10	3	13	0.38095238095238093
src/libcore/at_vec.rs	23	4	27	0.509375
src/test/run-make/extern-overrides-distribution/Makefile	4	4	8	0.2857142857142857
src/test/compile-fail/issue28498-reject-passed-to-fn.rs	4	4	8	0.676923076923077
src/test/compile-fail/issue-30535.rs	2	3	5	0.5714285714285714
src/test/compile-fail/for-each-over-bs.rs	0	3	3	0.3333333333333333
src/test/run-pass/new-box-syntax.rs	10	4	14	0.5915032679738562
src/test/run-pass/command-line-args.rs	6	6	12	0.2413793103448276
src/test/auxiliary/reexport-should-still-link.rs	4	3	7	0.4189189189189189
src/test/run-make/interdependent-c-libraries/bar.rs	3	3	6	0.6170212765957447
mk/cfg/x86_64-unknown-linux-gnu.mk	8	4	12	0.5241379310344828
src/test/auxiliary/xc_conditions_4.rs	4	1	5	0.9333333333333333
src/test/run-pass/constraint-prop-swap.rs	2	7	9	0.23076923076923078
src/test/run-pass/enum-variants.rs	17	4	21	0.5802919708029197
src/libcompiler_builtins/lib.rs	5	5	10	0.49473684210526314
mk/libuv/mips/unix/linux/Makefile	0	3	3	0.8
src/test/run-pass/method-two-trait-defer-resolution-2.rs	8	3	11	0.3449612403100775
src/test/run-pass/auxiliary/privacy_reexport.rs	0	2	2	0.6666666666666666
src/test/debug-info/trait-pointers.rs	10	1	11	0.8761061946902655
src/test/run-pass/nested-alts.rs	8	4	12	0.49122807017543857
src/test/run-pass/issue-4107.rs	7	3	10	0.43333333333333335
src/test/compile-fail/unboxed-closures-infer-fnmut-calling-fnmut-no-mut.rs	4	3	7	0.4
src/rustc/front/config.rs	7	5	12	0.425531914893617
src/test/run-pass/borrowck-wg-simple.rs	7	2	9	0.7843137254901961
src/libstd/extfmt.rs	0	6	6	0.3
src/test/auxiliary/issue-9906.rs	10	4	14	0.48704663212435234
src/test/run-pass-fulldeps/macro-quote-prelude.rs	3	3	6	0.5645161290322581
src/test/run-pass/aux/svh-a-macro.rs	0	1	1	1.0
src/etc/rust-lldb	8	3	11	0.5202702702702703
src/test/run-pass/iter-eachi.rs	13	2	15	0.5428571428571428
src/test/compile-fail/regions-name-undeclared.rs	5	3	8	0.509090909090909
src/doc/nomicon/lifetime-elision.md	2	3	5	0.6851851851851852
src/test/compile-fail/deriving-span-Zero-tuple-struct.rs	7	2	9	0.7142857142857143
src/test/compile-fail/issue-19398.rs	5	3	8	0.5
src/libstd/rt/unwind_msvc.rs	0	2	2	0.5
src/librustc/middle/resolve_lifetime.rs	57	4	61	0.4821750090025207
src/test/run-pass/aux/macro_reexport_1.rs	0	1	1	1.0
src/test/run-pass/private-method.rs	12	4	16	0.36363636363636365
src/librustpkg/testsuite/pass/install-paths/bench.rs	0	3	3	0.7777777777777778
src/libcore/uint.rs	3	7	10	0.28205128205128205
src/boot/be/ra.ml	0	1	1	1.0
src/libstd/os/bitrig/fs.rs	3	2	5	0.8
src/test/compile-fail/removed-syntax-uniq-self.rs	2	1	3	0.9487179487179487
src/test/run-pass/aux/svh-a-whitespace.rs	0	1	1	1.0
src/test/run-pass/issue-24434.rs	4	2	6	0.4827586206896552
src/test/run-pass/task-comm-17.rs	14	4	18	0.439873417721519
mk/cfg/i686-apple-darwin.mk	6	5	11	0.5619834710743802
src/libcore/rt/sched.rs	3	3	6	0.5967741935483871
src/doc/tarpl/coercions.md	0	3	3	0.6904761904761905
src/doc/rustdoc.md	22	2	24	0.5595238095238095
src/test/compile-fail/name-clash-nullary-2.rs	3	4	7	0.4594594594594595
src/libterm/terminfo/parm.rs	38	3	41	0.5010645848119234
src/librustpkg/api.rs	15	1	16	0.8476190476190476
src/test/rustdoc/issue-21092.rs	8	4	12	0.44692737430167595
src/test/run-fail/str-overrun.rs	15	3	18	0.6282051282051282
src/libsyntax/ext/deriving/generic/mod.rs	50	3	53	0.4449152542372881
src/test/compile-fail/gated-trace_macros.rs	4	1	5	0.8095238095238095
src/test/run-pass/aux/extern-take-value.rs	0	1	1	1.0
src/librustc_data_structures/obligation_forest/node_index.rs	2	3	5	0.6666666666666666
src/test/run-pass/auxiliary/go_trait.rs	1	3	4	0.38461538461538464
src/test/compile-fail/reserved-m128.rs	0	2	2	0.6
src/libcollections/borrow.rs	24	4	28	0.47058823529411764
src/test/run-pass/vec-slice-drop.rs	17	3	20	0.5653495440729484
src/test/ui/macros/bad_hello.rs	2	3	5	0.46808510638297873
src/test/compile-fail/E0207.rs	4	4	8	0.3401360544217687
src/test/run-pass/issue-8391.rs	6	3	9	0.46511627906976744
src/test/auxiliary/cci_no_inline_lib.rs	17	4	21	0.45257452574525747
src/test/compile-fail/overloaded-calls-bad.rs	13	6	19	0.42686567164179107
src/test/compile-fail/ret-by-reference-from-temporary.rs	0	1	1	1.0
src/test/auxiliary/inline-default-methods.rs	6	3	9	0.35294117647058826
src/test/run-pass/issue-16671.rs	14	5	19	0.3577023498694517
src/librustpkg/testsuite/pass/src/fancy-lib/foo.rs	2	1	3	0.9090909090909091
src/test/run-pass/union/union-inherent-method.rs	2	3	5	0.5238095238095238
src/test/compile-fail/no_freeze-struct.rs	3	1	4	0.8928571428571429
src/test/compile-fail/extern-with-type-bounds.rs	10	4	14	0.35751295336787564
src/test/run-pass/issue-16602-3.rs	3	3	6	0.5483870967741935
src/doc/trpl/comments.md	9	4	13	0.5303030303030303
src/test/compile-fail/pat-tuple-overfield.rs	5	4	9	0.47619047619047616
src/doc/trpl/advanced-macros.md	4	3	7	0.38461538461538464
src/test/run-make/extern-fn-with-packed-struct/test.c	5	4	9	0.5046728971962616
src/test/run-pass/simd-issue-10604.rs	8	3	11	0.5693069306930693
src/test/auxiliary/associated-const-cc-lib.rs	5	4	9	0.41414141414141414
src/libstd/sys/windows/ext/thread.rs	3	3	6	0.6666666666666666
src/test/parse-fail/unbalanced-doublequote.rs	3	4	7	0.4117647058823529
src/test/run-pass/box-inside-if2.rs	10	3	13	0.7196969696969697
src/libsyntax/util/nodemap.rs	0	1	1	1.0
src/libstd/getopts.rs	36	4	40	0.42162162162162165
src/test/compile-fail/union/union-repr-c.rs	3	3	6	0.5116279069767442
src/test/run-pass/auxiliary/typeid-intrinsic-aux2.rs	4	4	8	0.3904761904761905
src/test/compile-fail/macro-expansion-tests.rs	3	4	7	0.5531914893617021
src/test/compile-fail/non-exhaustive-match-nested.rs	19	4	23	0.5387931034482759
src/rt/libuv/src/ev/install-sh	0	2	2	0.5
src/test/run-pass/auxiliary/issue-36954.rs	1	2	3	0.7391304347826086
src/test/run-pass/feature-gate-negate-unsigned.rs	2	3	5	0.6136363636363636
src/test/compile-fail/issue-22426-1.rs	3	2	5	0.6333333333333333
src/test/run-pass-fulldeps/proc-macro/load-two.rs	3	4	7	0.3448275862068966
src/test/run-fail/panic-arg.rs	5	5	10	0.3854166666666667
src/test/compile-fail/unsendable-class.rs	24	2	26	0.5480093676814989
src/lib/linux_os.rs	11	5	16	0.2
src/rustdoc_ng/lib.rs	1	2	3	0.85
src/test/run-fail/spawnfail.rs	11	2	13	0.6785714285714286
src/test/compile-fail/union-fields.rs	0	1	1	1.0
src/rustc/back/linkage.rs	0	2	2	0.5
src/libcore/arc.rs	6	7	13	0.1956521739130435
src/test/run-pass/issue28498-ugeh-with-passed-to-fn.rs	1	2	3	0.8695652173913043
src/test/run-pass/box-pattern.rs	8	4	12	0.6593406593406593
src/test/run-fail/unwind-initializer.rs	8	2	10	0.808695652173913
src/test/compile-fail/keyword-struct-as-identifier.rs	2	3	5	0.3275862068965517
src/libcore/num/flt2dec/bignum.rs	7	3	10	0.6717171717171717
src/rustc/middle/typeck/infer/resolve.rs	1	7	8	0.24242424242424243
src/test/compile-fail/regions-struct-not-wf.rs	5	3	8	0.6018518518518519
src/test/run-pass/issue-3878.rs	13	4	17	0.4888888888888889
src/test/compile-fail/object-safety-by-value-self.rs	3	3	6	0.3548387096774194
src/rt/rust_crate_cache.cpp	2	9	11	0.19444444444444445
src/libbacktrace/nounwind.c	9	4	13	0.6176470588235294
src/test/compile-fail/use-mod-2.rs	7	5	12	0.44366197183098594
src/test/run-pass/traits-assoc-type-in-supertrait.rs	4	3	7	0.4224137931034483
src/test/run-pass/issue-33461.rs	1	4	5	0.4883720930232558
src/test/compile-fail/noncopyable-class.rs	19	3	22	0.6275862068965518
src/test/compile-fail/binop-logic-int.rs	14	3	17	0.3058823529411765
src/test/run-pass/alt-ref-binding-mut-option.rs	5	5	10	0.6216216216216216
src/test/compile-fail/E0449.rs	3	5	8	0.391304347826087
src/test/compile-fail/issue-2467.rs	8	2	10	0.7407407407407407
src/test/run-pass/associated-types-normalize-in-bounds-ufcs.rs	6	3	9	0.5213675213675214
src/test/run-pass/standalone-method.rs	0	4	4	0.5
src/rt/jemalloc/include/msvc_compat/stdint.h	3	2	5	0.8
src/libstd/thread/local.rs	19	4	23	0.5370581527936146
src/comp/middle/tstate/ann.rs	1	6	7	0.3333333333333333
src/test/parse-fail/removed-syntax-record.rs	3	4	7	0.4117647058823529
src/rt/libuv/src/unix/ev/event.h	0	1	1	1.0
src/test/compile-fail/fn-constraint.rs	3	6	9	0.21739130434782608
src/test/compile-fail/issue-3021-d.rs	20	3	23	0.6363636363636364
src/test/compile-fail/variance-invariant-self-trait-match.rs	6	3	9	0.47058823529411764
src/test/parse-fail/regions-fn-bound.rs	3	3	6	0.6056338028169014
src/test/run-make/weird-output-filenames/Makefile	4	3	7	0.46308724832214765
src/test/run-pass/specialization-translate-projections-with-params.rs	0	1	1	1.0
src/test/parse-fail/omitted-arg-in-item-fn.rs	5	3	8	0.4426229508196721
src/test/run-pass/traits-default-method-macro.rs	11	4	15	0.5914893617021276
src/test/run-pass/log-poly.rs	17	3	20	0.5884476534296029
src/test/compile-fail/const-eval-overflow.rs	17	5	22	0.45698924731182794
src/libextra/sync/mod.rs	0	3	3	0.8
src/librustc_resolve/macros.rs	6	7	13	0.42196531791907516
src/test/compile-fail/raw-str-unbalanced.rs	6	4	10	0.5145631067961165
src/test/run-pass/borrowck-preserve-box-in-uniq.rs	14	3	17	0.7185929648241206
src/libserialize/json.rs	85	3	88	0.4641990291262136
src/test/compile-fail/main-wrong-location.rs	0	3	3	0.8947368421052632
src/test/run-pass/generic-tag-local.rs	13	3	16	0.41843971631205673
src/test/compile-fail-fulldeps/proc-macro/require-rustc-macro-crate-type.rs	0	5	5	0.4166666666666667
src/librustdoc/sort_pass.rs	12	4	16	0.5405405405405406
src/test/run-pass/regions-infer-contravariance-due-to-ret.rs	11	3	14	0.4378698224852071
mk/libuv/x86_64/unix/src/rt/libuv/run-benchmarks.target.mk	0	3	3	0.5
src/test/run-fail/borrowck-wg-fail-2.rs	4	2	6	0.875
src/doc/nomicon/transmutes.md	2	3	5	0.7368421052631579
src/test/run-pass/issue-3012-2.rs	13	3	16	0.5848214285714286
src/test/run-pass/expr-if-generic-box1.rs	12	3	15	0.6762589928057554
src/grammar/raw-string-literal-ambiguity.md	2	2	4	0.8823529411764706
src/test/run-pass/vec-to_str.rs	18	3	21	0.4947089947089947
src/test/compile-fail/issue-23080-2.rs	7	4	11	0.5670103092783505
src/test/run-pass/class-methods-cross-crate.rs	11	3	14	0.4268292682926829
src/doc/style/.gitignore	0	1	1	1.0
src/test/compile-fail/E0023.rs	3	4	7	0.3391304347826087
src/test/compile-fail/issue-2281-part1.rs	8	2	10	0.8487394957983193
src/librustc_resolve/build_reduced_graph.rs	36	5	41	0.4867498051441933
src/test/run-pass/issue-511.rs	0	6	6	0.375
src/comp/util/interner.rs	0	3	3	0.4
src/doc/nomicon/send-and-sync.md	3	3	6	0.7142857142857143
src/libserialize/serialize.rs	37	3	40	0.46111975116640747
src/test/pretty/issue-30731.rs	2	3	5	0.6
src/test/compile-fail/assoc-inherent.rs	7	3	10	0.5233644859813084
src/librustc_const_eval/Cargo.toml	11	4	15	0.4700854700854701
src/test/compile-fail/tstate-fru.rs	0	6	6	0.3
src/rt/rust_sched_reaper.h	2	4	6	0.4482758620689655
src/test/run-pass/issue-19081.rs	5	4	9	0.4657534246575342
src/test/run-make/graphviz-flowgraph/f03.dot-expected.dot	8	2	10	0.5757575757575758
src/test/run-pass/typestate-transitive.rs	0	9	9	0.21428571428571427
src/librustc/middle/typeck/infer/region_inference/mod.rs	27	2	29	0.7026178010471205
src/libstd/sys/unix/path.rs	2	5	7	0.4722222222222222
src/doc/trpl/static.md	1	3	4	0.5636363636363636
src/etc/platform-intrinsics/arm.json	6	3	9	0.5945945945945946
src/test/run-make/windows-subsystem/Makefile	0	2	2	0.8076923076923077
src/libdebug/fmt.rs	3	1	4	0.9354838709677419
src/test/compile-fail/lex-bad-fp-base-1.rs	3	1	4	0.9
src/test/compile-fail/deriving-span-Clone-enum-struct-variant.rs	5	3	8	0.75
src/test/run-pass/mir_fat_ptr.rs	5	5	10	0.5445544554455446
src/rt/arch/mipsel/morestack.S	3	3	6	0.6140350877192983
src/test/run-fail/issue-2272.rs	8	2	10	0.780952380952381
doc/po/ja/rust.md.po	9	1	10	0.89
src/libproc_macro/qquote.rs	6	4	10	0.37623762376237624
src/test/run-fail/die-macro.rs	8	2	10	0.6630434782608695
src/test/run-pass-fulldeps/qquote.rs	43	2	45	0.6048951048951049
src/test/compile-fail/liveness-dead.rs	14	3	17	0.6204379562043796
src/test/run-pass/while-cont.rs	11	3	14	0.7153284671532847
src/liballoc/arc_stage0.rs	3	2	5	0.509090909090909
src/test/compile-fail/issue-18919.rs	8	3	11	0.42105263157894735
src/lib/aio.rs	6	4	10	0.43333333333333335
src/libbacktrace/mmapio.c	9	4	13	0.6176470588235294
src/test/parse-fail/keyword-match-as-identifier.rs	6	3	9	0.5333333333333333
src/test/bench/shootout-fasta-redux.rs	33	3	36	0.47440519105984136
src/librustc_trans/trans/mir/analyze.rs	7	2	9	0.6410256410256411
src/test/compile-fail/duplicate_entry_error.rs	0	4	4	0.6129032258064516
src/etc/emacs/Makefile	0	3	3	0.8947368421052632
FiraSans-Medium.woff	0	1	1	1.0
src/libcore/rt/io/mem.rs	3	2	5	0.7
src/libcore/rt/local_sched.rs	0	2	2	0.7222222222222222
src/test/run-make/extern-fn-with-union/test.c	5	4	9	0.49523809523809526
src/test/run-pass/yield1.rs	27	4	31	0.5476190476190477
src/test/run-pass/invoke-external-foreign.rs	12	2	14	0.6647058823529411
src/test/run-pass/issue-33687.rs	2	3	5	0.3488372093023256
src/test/run-make/linkage-attr-on-static/bar.rs	4	3	7	0.49056603773584906
src/rt/libuv/src/ares/ares_rules.h	0	3	3	0.6
src/test/run-pass/issue-22894.rs	2	3	5	0.38235294117647056
src/librustc/middle/trans/macros.rs	9	3	12	0.7027027027027027
src/doc/book/generics.md	1	4	5	0.4230769230769231
src/test/auxiliary/trait_inheritance_overloading_xc.rs	15	4	19	0.4032697547683924
src/test/compile-fail/issue-31212.rs	2	3	5	0.5609756097560976
src/test/run-pass/match-range-infer.rs	3	2	5	0.6296296296296297
src/test/compile-fail/crateresolve2.rs	6	2	8	0.7894736842105263
src/test/run-pass/issue-36401.rs	3	4	7	0.5
mk/intrinsics.mk	0	2	2	0.6666666666666666
src/test/compile-fail/impl-unused-tps.rs	3	2	5	0.55
src/test/compile-fail/obsolete-syntax.rs	15	2	17	0.7835820895522388
src/test/run-pass/aux/static-function-pointer-aux.rs	0	1	1	1.0
src/test/run-pass/module-polymorphism3-files/float-template.rs	0	2	2	0.8571428571428571
src/test/run-make/dep-info-spaces/Makefile	6	5	11	0.2897196261682243
src/test/run-pass/static-mut-foreign.rs	8	3	11	0.6572769953051644
src/rustc/middle/resolve3.rs	11	6	17	0.2975206611570248
src/test/compile-fail/cfg-non-opt-expr.rs	4	3	7	0.6236559139784946
src/test/auxiliary/no_std_crate.rs	6	4	10	0.5964912280701754
src/test/compile-fail/regions-bound-lists-feature-gate.rs	2	2	4	0.8285714285714286
src/doc/trpl/lang-items.md	6	4	10	0.5
src/test/compile-fail/struct-no-fields-3.rs	6	3	9	0.4943820224719101
src/doc/nomicon/phantom-data.md	7	4	11	0.4803921568627451
src/doc/style/features/types/newtype.md	5	6	11	0.437125748502994
src/librustc_back/target/fuchsia_base.rs	3	3	6	0.6190476190476191
src/libnative/io/mod.rs	18	2	20	0.7966101694915254
src/test/compile-fail/issue-20616-9.rs	6	3	9	0.5466666666666666
src/libsyntax/pkgid.rs	2	1	3	0.9347826086956522
src/test/run-pass/issue-30891.rs	2	3	5	0.6451612903225806
src/test/compile-fail/feature-gate-unboxed-closures-ufcs-calls.rs	8	4	12	0.5333333333333333
src/test/compile-fail/implicit-copy-1.rs	0	2	2	0.5
src/test/pretty/fn-return.rs	4	3	7	0.43103448275862066
src/librustc_llvm/Cargo.toml	6	4	10	0.5869565217391305
src/doc/trpl/src/variable-bindings.md	0	2	2	0.9
src/rustdoc_ng/html/markdown.rs	0	2	2	0.8666666666666667
src/libcollectionstest/vec_deque.rs	14	5	19	0.5292153589315526
src/librustc/lib.rs	82	4	86	0.561950993989829
src/test/run-pass/dst-dtor-2.rs	1	2	3	0.6341463414634146
src/doc/po/ja/tutorial.md.po	9	1	10	0.8766233766233766
src/librustc_mir/build/mod.rs	25	4	29	0.5111111111111111
src/test/bench/shootout-fannkuchredux.rs	13	5	18	0.2857142857142857
mk/libuv/x86_64/mac/gyp-mac-tool	0	6	6	0.5
src/test/compile-fail/borrowck-argument.rs	3	3	6	0.609375
src/test/run-pass/enum-disr-val-pretty.rs	17	4	21	0.5928338762214984
src/test/run-pass/issue-2074.rs	7	4	11	0.41798941798941797
src/test/compile-fail/issue-17450.rs	3	2	5	0.8421052631578947
src/libextra/tempfile.rs	12	1	13	0.8229665071770335
src/libnative/io/timer_win32.rs	4	2	6	0.898876404494382
src/test/pretty/record-trailing-comma.rs	10	3	13	0.49586776859504134
src/test/compile-fail/issue-28625.rs	2	3	5	0.3488372093023256
src/test/run-pass/issue-11225-2.rs	11	3	14	0.5478723404255319
src/doc/trpl/src/pointers.md	0	1	1	1.0
src/etc/extract-tests.py	11	2	13	0.7793103448275862
src/test/compile-fail/E0445.rs	2	4	6	0.3611111111111111
src/librustpkg/testsuite/pass/src/external-crate/src/main.rs	0	3	3	0.875
src/test/compile-fail/keyword-else-as-identifier.rs	2	3	5	0.3333333333333333
src/test/run-pass/tuple-struct-matching.rs	12	3	15	0.5514018691588785
src/test/run-make/extern-flag-fun/Makefile	4	3	7	0.6986301369863014
src/test/run-pass/block-arg-can-be-followed-by-call.rs	12	2	14	0.7373737373737373
src/libstd/old_io/mem.rs	11	3	14	0.3827433628318584
src/test/run-fail/result-get-fail.rs	17	1	18	0.8155339805825242
src/libnative/io/c_windows.rs	1	2	3	0.7407407407407407
src/comp/middle/tstate/states.rs	12	7	19	0.24431818181818182
src/test/run-fail/panic-task-name-static.rs	3	3	6	0.4819277108433735
src/test/auxiliary/issue_20389.rs	6	4	10	0.3008130081300813
src/libcore/num/int-template/i64.rs	1	4	5	0.7333333333333333
src/test/compile-fail/issue-11382.rs	3	2	5	0.6956521739130435
src/test/compile-fail/mir-dataflow/uninits-1.rs	5	5	10	0.4095238095238095
src/test/debug-info/text-to-include-3.txt	0	2	2	0.92
src/test/run-pass/issue-29844.rs	3	2	5	0.8461538461538461
src/test/compile-fail/liveness-unused	0	3	3	0.8666666666666667
src/libstd/rt/libunwind.rs	18	3	21	0.43711340206185567
src/rt/jemalloc/test/rallocm.exp	0	5	5	0.7777777777777778
src/test/run-pass/object-method-numbering.rs	5	3	8	0.46835443037974683
src/test/run-pass/regions-borrow-estr-uniq.rs	8	2	10	0.7142857142857143
src/test/run-pass/expr-alt-fail.rs	10	3	13	0.5185185185185185
src/test/run-pass/tag-variant-disr-val.rs	24	3	27	0.5056947608200456
src/test/run-pass/issue-30081.rs	2	2	4	0.8181818181818182
src/test/rustdoc/aux/issue-28927-2.rs	0	1	1	1.0
src/test/compile-fail/issue-6936.rs	6	4	10	0.35353535353535354
src/test/run-make/error-found-staticlib-instead-crate/foo.rs	3	3	6	0.5294117647058824
src/test/run-pass/const-byte-str-cast.rs	4	5	9	0.4222222222222222
src/test/run-make/libs-through-symlinks/Makefile	5	2	7	0.4864864864864865
doc/po/rust.md.pot	10	1	11	0.8760330578512396
src/test/run-pass-fulldeps/auxiliary/custom_derive_plugin.rs	6	5	11	0.32666666666666666
src/bootstrap/native.rs	9	5	14	0.4345991561181435
src/libcore/rt/context.rs	7	3	10	0.7795275590551181
src/test/run-pass/linked-failure.rs	0	5	5	0.6923076923076923
src/libcore/rt.rs	11	5	16	0.3125
src/rustc/middle/fn_usage.rs	0	4	4	0.5
src/test/compile-fail/unused-imports-warn.rs	3	6	9	0.5098039215686274
src/test/compile-fail/syntax-extension-fourcc-bad-len.rs	6	1	7	0.8974358974358975
src/test/compile-fail/issue-14915.rs	6	2	8	0.5933333333333334
src/test/run-pass/expr-match-box.rs	5	2	7	0.8721804511278195
src/test/run-pass/method-overriding.rs	0	1	1	1.0
src/libstd/io/native/process.rs	5	2	7	0.8461538461538461
src/test/compile-fail/staged_api.rs	5	3	8	0.5348837209302325
src/rustc/middle/trans/common.rs	14	7	21	0.20704845814977973
src/test/compile-fail/unboxed-closures-recursive-fn-using-fn-mut.rs	5	3	8	0.36666666666666664
src/test/compile-fail/unbalanced-doublequote.rs	6	3	9	0.46938775510204084
src/test/run-pass/union-packed.rs	0	1	1	1.0
src/test/compile-fail/match-range-fail.rs	18	3	21	0.4912891986062718
src/test/compile-fail/vec-field.rs	12	2	14	0.627906976744186
src/librustc/middle/trans/cleanup.rs	23	2	25	0.7276995305164319
src/test/compile-fail/block-uninit.rs	0	8	8	0.23529411764705882
src/test/compile-fail/lint-stability-fields.rs	6	4	10	0.5666666666666667
src/librustc_front/intravisit.rs	7	4	11	0.5490909090909091
src/test/run-pass/const-block-item.rs	8	3	11	0.43037974683544306
src/doc/trpl/bibliography.md	5	2	7	0.75
src/rt/libuv/src/unix/ev/Makefile.am	0	1	1	1.0
src/test/run-pass/regions-no-variance-from-fn-generics.rs	9	3	12	0.4945652173913043
src/test/compile-fail/bad-send.rs	0	5	5	0.375
mk/libuv/ia32/mac/src/libuv/run-benchmarks.target.mk	0	5	5	0.5384615384615384
src/test/run-pass/do-empty-args.rs	3	1	4	0.9230769230769231
src/test/compile-fail/method-path-in-pattern.rs	8	4	12	0.5431034482758621
src/test/run-fail/tls-exit-status.rs	6	3	9	0.39655172413793105
src/test/run-pass/static-methods-in-traits2.rs	7	5	12	0.47474747474747475
mk/cfg/x86_64-unknown-haiku.mk	4	4	8	0.3709677419354839
mk/libuv/ia32/unix/src/libuv/run-benchmarks.target.mk	0	3	3	0.3333333333333333
src/libcore/private.rs	14	5	19	0.3548387096774194
src/test/rustdoc/issue-28478.rs	1	4	5	0.5714285714285714
src/test/debug-info/shadowed-variable.rs	7	1	8	0.9066666666666666
src/doc/trpl/intermediate.md	3	2	5	0.6530612244897959
src/librustpkg/rustpkg.rc	20	1	21	0.7404371584699454
src/bootstrap/bin/rustdoc.rs	5	4	9	0.38181818181818183
src/test/run-make/json-errors/foo.rs	3	3	6	0.5222222222222223
src/test/run-pass-fulldeps/plugin-args-2.rs	3	3	6	0.5384615384615384
src/lib/time.rs	0	8	8	0.26666666666666666
src/test/compile-fail/E0535.rs	2	4	6	0.4069767441860465
src/test/run-make/rustdoc-assoc-types/Makefile	1	3	4	0.4375
src/etc/platform-intrinsics/x86/avx2.json	6	3	9	0.6565656565656566
src/test/run-pass/parser-unicode-whitespace.rs	2	3	5	0.5961538461538461
src/test/compile-fail/aux/issue_21202.rs	0	1	1	1.0
src/libstd/win32_fs.rs	0	2	2	0.5
src/test/run-make/execution-engine/Makefile	9	4	13	0.652542372881356
src/test/compile-fail/issue-4366-2.rs	6	3	9	0.6699029126213593
src/test/compile-fail/mut-not-freeze.rs	14	3	17	0.5066225165562914
src/test/compile-fail/E0423.rs	4	3	7	0.45348837209302323
src/test/run-pass/borrowck-borrow-from-expr-block.rs	21	3	24	0.5408653846153846
src/test/run-pass/aux/cci_nested_lib.rs	0	1	1	1.0
src/test/run-pass/regions-infer-bivariance.rs	2	3	5	0.4
src/libgreen/stack.rs	14	2	16	0.7563025210084033
src/lib/uint.rs	9	7	16	0.19047619047619047
src/test/compiletest/header.rs	3	3	6	0.7
src/librustc_trans/trans/debuginfo/utils.rs	8	4	12	0.5341880341880342
src/test/compile-fail/borrowck-multiple-captures.rs	13	4	17	0.4308300395256917
src/test/run-fail/linked-failure.rs	13	3	16	0.4715447154471545
src/test/bench/rt/rt-spawn-rate.rs	0	2	2	0.8888888888888888
src/comp/metadata/defs.rs	0	1	1	1.0
src/librustc_trans/asm.rs	6	6	12	0.35714285714285715
src/test/run-make/rlib-chain/m4.rs	2	2	4	0.8787878787878788
src/run.py	0	4	4	0.4
src/rt/libuv/desired-api.md	0	2	2	0.5
src/librustc/middle/trans/basic_block.rs	10	2	12	0.8387096774193549
src/test/compile-fail/issue-25076.rs	5	3	8	0.4666666666666667
src/rustc/middle/tstate/ck.rs	4	7	11	0.3055555555555556
src/comp/README	0	6	6	0.4444444444444444
src/test/auxiliary/issue-25185-1.rs	4	4	8	0.4722222222222222
src/test/compile-fail/borrowck-mut-vec-as-imm-slice-bad.rs	7	4	11	0.3469387755102041
src/rustdoc/tystr_pass.rs	13	4	17	0.4722222222222222
src/test/compile-fail/issue-12116.rs	8	4	12	0.4022346368715084
src/test/compile-fail/coherence_local_err_tuple.rs	3	3	6	0.4
src/doc/style/style/naming/conversions.md	4	6	10	0.2111111111111111
src/test/run-pass/drop-bind-thunk-args.rs	0	7	7	0.2
src/doc/trpl/src/crates-and-modules.md	0	1	1	1.0
src/test/run-fail/unwind-alt.rs	10	3	13	0.5967741935483871
src/test/run-fail/unwind-box-vec.rs	9	2	11	0.8104575163398693
src/libcore/atomics.rs	3	2	5	0.8543689320388349
src/test/run-make/a-b-a-linker-guard/b.rs	2	3	5	0.4222222222222222
src/test/run-pass/aux/cci_class_4.rs	0	1	1	1.0
src/test/run-pass/issue-9123.rs	5	3	8	0.5444444444444444
src/libregex/parse.rs	20	2	22	0.47692307692307695
src/librustc_trans/back/msvc/registry.rs	8	3	11	0.5674418604651162
src/boot/me/dead.ml	0	3	3	0.7333333333333333
src/test/run-pass/issue-29746.rs	2	3	5	0.6774193548387096
src/libstd/rt/global_heap.rs	13	2	15	0.854066985645933
src/test/run-make/graphviz-flowgraph/f08.dot-expected.dot	8	2	10	0.5217391304347826
src/libnative/io/pipe_win32.rs	8	2	10	0.8762214983713354
src/libcore/to_str.rs	21	4	25	0.4846153846153846
src/libstd/serialization2.rs	0	6	6	0.29411764705882354
mk/cfg/i586-unknown-linux-gnu.mk	5	6	11	0.4438202247191011
src/test/run-make/static-dylib-by-default/Makefile	6	4	10	0.5172413793103449
src/test/run-pass/overloaded-calls-param-vtables.rs	12	3	15	0.3954802259887006
src/test/run-pass/overloaded-calls-simple.rs	10	3	13	0.40234375
src/rt/libuv/src/unix/eio/configure.ac	0	1	1	1.0
src/test/run-pass/aux/traitimpl.rs	0	1	1	1.0
src/test/run-pass-fulldeps/proc-macro/auxiliary/derive-same-struct.rs	0	3	3	0.3333333333333333
src/test/compile-fail/svh-change-significant-cfg.rs	9	3	12	0.6422764227642277
src/test/compile-fail/export-tag-variant.rs	13	3	16	0.5566037735849056
src/test/run-pass/issue-5572.rs	7	3	10	0.6206896551724138
src/test/compile-fail/alt-tag-nullary.rs	6	4	10	0.6111111111111112
src/libstd/sys/windows/args.rs	3	4	7	0.47619047619047616
src/comp/metadata/creader.rs	16	3	19	0.46511627906976744
src/librustpkg/testsuite/pass/fancy-lib/fancy-lib.rc	0	1	1	1.0
src/libserialize/base64.rs	25	2	27	0.5563002680965148
src/etc/gedit/share/mime/packages/rust.xml	8	2	10	0.546875
concurrency.md	0	2	2	0.875
src/test/compile-fail/import-shadow-3.rs	4	2	6	0.625
src/test/run-pass/const-enum-vector.rs	13	4	17	0.5064516129032258
src/test/run-fail/unwind-partial-vec.rs	10	2	12	0.8013245033112583
src/test/run-pass/auxiliary/extern-take-value.rs	0	1	1	1.0
mk/libuv/arm/unix/android/Makefile	0	7	7	0.4375
src/test/run-make/reproducible-build/reproducible-build-aux.rs	3	3	6	0.3958333333333333
src/libcore/uint-template/u64b.rs	0	1	1	1.0
src/test/compile-fail/non_owned-struct.rs	4	1	5	0.8541666666666666
src/doc/book/closures.md	20	6	26	0.433852140077821
src/test/run-pass/vec-slice.rs	18	3	21	0.3826530612244898
src/test/auxiliary/issue-17718.rs	8	4	12	0.4057377049180328
src/lib/_io.rs	4	3	7	0.4583333333333333
src/serializer/serializer.rs	0	6	6	0.375
src/test/run-pass/issue-27890.rs	2	3	5	0.6785714285714286
src/test/compile-fail/fru-typestate.rs	0	6	6	0.375
src/rustllvm/rustllvm.linux.def	0	1	1	1.0
src/test/ui/span/issue28498-reject-trait-bound.stderr	2	4	6	0.5853658536585366
src/test/run-pass/constrained-type.rs	5	5	10	0.22727272727272727
src/test/compile-fail/issue-21449.rs	6	3	9	0.6929824561403509
src/test/compile-fail/privacy/restricted/tuple-struct-fields/test3.rs	1	6	7	0.3977272727272727
mk/pp.mk	12	4	16	0.5368421052631579
src/test/run-fail/small-negative-indexing.rs	10	2	12	0.6862745098039216
src/test/run-pass/issue-12582.rs	9	3	12	0.6160714285714286
src/test/run-pass/allocator-system.rs	0	3	3	0.8181818181818182
src/rt/rust_task.h	29	4	33	0.32754342431761785
src/rustc/metadata/tyencode.rs	8	8	16	0.19672131147540983
src/test/run-make/relocation-model/Makefile	5	3	8	0.42391304347826086
src/test/compile-fail/type-parameter-defaults-referencing-Self.rs	3	3	6	0.48717948717948717
src/libsyntax/parse/mod.rs	91	3	94	0.5587341772151899
src/libcore/util.rs	15	5	20	0.49019607843137253
src/test/run-pass/module-polymorphism-files/inst_f64.rs	0	2	2	0.8571428571428571
src/librustc_back/target/aarch64_unknown_linux_gnu.rs	16	5	21	0.5112612612612613
src/librustc_back/x86.rs	10	4	14	0.38493723849372385
src/rt/rust_task_thread.h	2	2	4	0.875
src/test/compile-fail/hygienic-label-2.rs	5	2	7	0.7692307692307693
src/test/compile-fail/enum-deriving-incomplete.rs	0	5	5	0.36363636363636365
src/test/run-pass/transmute-specialization.rs	1	3	4	0.3870967741935484
src/libcore/pipes.rs	23	5	28	0.42015209125475284
src/librand/lib.rs	46	3	49	0.5
src/test/auxiliary/crateresolve1-3.rs	11	4	15	0.5483870967741935
src/test/compile-fail/E0120.rs	2	6	8	0.3644859813084112
src/lib/EBML.rs	0	1	1	1.0
src/nightlies.txt	2	3	5	0.6122448979591837
src/doc/tarpl/constructors.md	0	3	3	0.7254901960784313
src/test/auxiliary/crateresolve6-2.rs	0	3	3	0.3333333333333333
src/test/compile-fail/issue-17904-2.rs	5	3	8	0.4716981132075472
src/test/run-fail/overflowing-pow.rs	9	5	14	0.422680412371134
src/test/run-pass/companionmod-src/d/x.rs	0	5	5	0.5454545454545454
doc/rustpkg.md	6	2	8	0.8676470588235294
src/libstd/gc.rs	15	2	17	0.8222222222222222
src/doc/nomicon/meet-safe-and-unsafe.md	2	3	5	0.7368421052631579
src/librustc_back/target/mips_unknown_linux_gnu.rs	16	5	21	0.4879120879120879
src/test/compile-fail/wf-enum-fields-struct-variant.rs	0	3	3	0.8181818181818182
src/test/compile-fail/assoc-eq-2.rs	3	3	6	0.4861111111111111
src/libstd/fmt/parse.rs	11	1	12	0.8845070422535212
src/test/compile-fail/issue-36617.rs	5	4	9	0.4074074074074074
src/test/run-pass/loop-diverges.rs	7	3	10	0.42528735632183906
src/test/pretty/alt-naked-expr-medium.rs	8	2	10	0.75
src/test/compile-fail/extfmt-non-literal.rs	9	3	12	0.5227272727272727
doc/tutorial/setup.md	0	1	1	1.0
src/test/run-pass/hrtb-precedence-of-plus-where-clause.rs	11	4	15	0.42424242424242425
src/rt/libuv/src/uv-darwin.c	0	3	3	0.3333333333333333
src/test/compile-fail/E0137.rs	2	6	8	0.4067796610169492
src/librustc_mir/repr.rs	7	4	11	0.728
src/librustc_trans/save/data.rs	1	4	5	0.5510204081632653
src/test/compile-fail/resource-vec-copy.rs	0	2	2	0.5
src/libstd/u8.rs	0	1	1	1.0
src/librustc/back/passes.rs	15	2	17	0.7619047619047619
src/rt/sync/rust_thread.h	7	2	9	0.6410256410256411
src/test/run-pass/global-scope.rs	15	3	18	0.46236559139784944
src/test/compile-fail/E0517.rs	3	4	7	0.47191011235955055
src/rt/libuv/src/ares/ares_strcasecmp.h	0	3	3	0.6
src/test/run-pass/deriving-via-extension-struct-like-enum-variant.rs	17	4	21	0.5263157894736842
src/liballoc/oom.rs	2	3	5	0.4791666666666667
src/test/compile-fail/keyword-typeof.rs	3	3	6	0.4772727272727273
src/test/run-pass/deriving-rand.rs	15	3	18	0.532967032967033
src/rt/libuv/ev/config.guess	0	2	2	0.5
src/test/run-pass/issue-6334.rs	8	3	11	0.477124183006536
src/test/run-fail/qquote.rs	3	3	6	0.6060606060606061
src/test/run-pass/command-exec.rs	6	4	10	0.3533834586466165
src/test/run-pass/match-enum-struct-0.rs	9	4	13	0.456
src/test/compile-fail/issue-30302.rs	5	4	9	0.6428571428571429
src/rt/libuv/src/ares/ares_writev.c	0	3	3	0.6
src/test/compile-fail/hrtb-debruijn-in-receiver.rs	4	3	7	0.5283018867924528
src/test/run-pass/issue-19102.rs	0	3	3	0.7368421052631579
src/test/run-pass/unboxed-closures-infer-kind.rs	11	3	14	0.38922155688622756
src/librustpkg/testsuite/pass/external-crate/main.rs	0	3	3	0.8235294117647058
src/test/compile-fail/associated-types-project-from-hrtb-in-struct.rs	4	2	6	0.6567164179104478
src/rt/libuv/src/win/process.c	0	2	2	0.6666666666666666
src/test/compile-fail/borrowck-break-uninit.rs	4	4	8	0.6206896551724138
src/rt/libuv/ev/ev.pod	0	2	2	0.5
src/test/run-make/lto-smoke/main.rs	2	2	4	0.8709677419354839
src/rt/arch/i386/_context.s	0	1	1	1.0
src/rt/jemalloc/test/ALLOCM_ARENA.c	0	5	5	0.7777777777777778
src/rt/libuv/src/win/winsock.h	0	2	2	0.6666666666666666
src/test/compile-fail/borrowck-uninit-in-assignop.rs	6	3	9	0.6666666666666666
src/rt/libuv/src/ev/ev_epoll.c	0	2	2	0.5
src/test/compile-fail/lub-match.rs	13	4	17	0.5596330275229358
src/test/parse-fail/attr-before-stmt.rs	7	2	9	0.5454545454545454
src/test/run-make/prefer-rlib/Makefile	1	2	3	0.8636363636363636
src/test/run-pass/issue-11940.rs	4	3	7	0.4537037037037037
src/libregex/test/native_static.rs	2	4	6	0.5769230769230769
src/libnative/io/tty_win32.rs	4	1	5	0.9272727272727272
src/test/compile-fail/gated-attr-literals.rs	3	3	6	0.5370370370370371
src/librustc_trans/trans/mir/rvalue.rs	13	3	16	0.6150793650793651
src/test/compile-fail/return-from-diverging.rs	0	4	4	0.4
src/librustc/middle/trans/cabi_arm.rs	20	2	22	0.744578313253012
src/test/parse-fail/issue-19096.rs	6	3	9	0.5348837209302325
src/test/run-pass/specialization/auxiliary/specialization_cross_crate.rs	0	2	2	0.6666666666666666
src/test/run-pass/multidispatch-infer-from-single-impl.rs	2	2	4	0.49122807017543857
src/libcollections/list.rs	2	2	4	0.6470588235294118
src/test/compile-fail/specialization-polarity.rs	0	1	1	1.0
src/libsyntax/parse/prec.rs	9	5	14	0.391304347826087
src/librustc_typeck/coherence/overlap.rs	26	5	31	0.496
src/test/compile-fail/lint-uppercase-variables.rs	16	3	19	0.4083129584352078
mk/libuv/ia32/mac/src/rt/libuv/run-benchmarks.target.mk	0	1	1	1.0
src/test/run-fail/fail-macro-explicit.rs	7	2	9	0.6842105263157895
src/test/compile-fail/lex-unknown-str-escape.rs	4	1	5	0.9298245614035088
src/test/run-pass/aux/default_type_params_xc.rs	0	1	1	1.0
src/libnative/io/c_win32.rs	5	2	7	0.9011627906976745
src/test/run-pass/struct-like-variant-match.rs	13	4	17	0.47391304347826085
src/test/codegen/virtual-method-call-struct-return.cc	3	2	5	0.6744186046511628
src/test/run-pass/aux/cci_intrinsic.rs	0	1	1	1.0
src/rt/rust_kernel.h	20	3	23	0.3641304347826087
src/libcollections/lru_cache.rs	8	1	9	0.8636363636363636
src/test/compile-fail/issue-15129.rs	3	3	6	0.5636363636363636
src/test/compile-fail/range-3.rs	4	3	7	0.417910447761194
src/test/compile-fail/E0166.rs	4	4	8	0.3973509933774834
src/test/compile-fail/issue-12511.rs	2	3	5	0.5227272727272727
src/librustpkg/package_source.rs	23	1	24	0.8237547892720306
src/libstd/to_str.rs	21	1	22	0.8602620087336245
src/librustrt/local_data.rs	16	2	18	0.6009501187648456
src/test/compile-fail/resolve-conflict-item-vs-extern-crate.rs	8	4	12	0.5826771653543307
src/doc/tarpl/obrm.md	0	3	3	0.7631578947368421
src/libcoretest/atomic.rs	5	4	9	0.5054347826086957
src/boot/driver/llvm/glue.ml	0	1	1	1.0
src/test/run-pass/fn-assign-managed-to-bare-2.rs	5	2	7	0.7391304347826086
src/librustc_mir/transform/util.rs	4	3	7	0.6335877862595419
src/test/parse-fail/removed-syntax-field-semicolon.rs	3	4	7	0.4117647058823529
src/test/compile-fail/issue-14227.rs	3	2	5	0.855072463768116
src/test/compile-fail/issue-28324.rs	2	3	5	0.4888888888888889
src/libstd/rt/io/process.rs	3	2	5	0.8315789473684211
src/test/debuginfo/destructured-local.rs	16	3	19	0.45609065155807366
src/librustc_typeck/check/method/probe.rs	44	4	48	0.41615416154161544
src/test/compile-fail/borrowck-borrow-overloaded-auto-deref-mut.rs	10	3	13	0.5873015873015873
src/test/compile-fail/ifmt-bad-arg.rs	13	3	16	0.6532846715328468
src/librustc_lint/unused.rs	24	5	29	0.4932249322493225
src/test/run-make/extern-fn-generic/test.c	4	3	7	0.5217391304347826
src/test/run-pass/match-pattern-lit.rs	5	3	8	0.5986394557823129
src/librustc_borrowck/borrowck/gather_loans/move_error.rs	26	4	30	0.4766269477543538
src/librustc/driver/config.rs	31	2	33	0.6882530120481928
src/test/run-pass/object-safety-sized-self-by-value-self.rs	4	3	7	0.4444444444444444
src/rustc/middle/typeck/check.rs	12	7	19	0.17197452229299362
src/test/compile-fail/static-mut-foreign-requires-unsafe.rs	4	2	6	0.7931034482758621
src/librustc/middle/ty/mod.rs	19	3	22	0.6199040767386091
src/test/parse-fail/mut-patterns.rs	3	4	7	0.4117647058823529
src/test/debug-info/basic-types.rs	13	1	14	0.9027027027027027
src/test/compile-fail/issue-6610.rs	4	3	7	0.5797101449275363
src/test/run-make/rustdoc-recursion/Makefile	2	3	5	0.5353535353535354
src/test/compile-fail/auxiliary/allocator1.rs	0	1	1	1.0
src/libstd/num/uint-template/uint.rs	0	2	2	0.875
src/libsyntax/owned_slice.rs	22	3	25	0.504774897680764
src/test/run-pass/regions-early-bound-trait-param.rs	13	3	16	0.4827586206896552
src/test/run-pass/crust-call-scrub.rs	0	3	3	0.5555555555555556
src/test/run-pass/iter-step-overflow-ndebug.rs	0	2	2	0.6666666666666666
src/test/run-pass/issue-7784.rs	17	4	21	0.41418764302059496
src/test/bench/shootout-ackermann.rs	29	3	32	0.5562632696390658
src/libsyntax/ast.rs	131	3	134	0.5510609067317966
src/test/compile-fail/unboxed-closure-sugar-used-on-struct-3.rs	5	4	9	0.35
src/test/compile-fail/issue-11844.rs	5	3	8	0.5473684210526316
src/test/compile-fail/borrowck-uninit-after-item.rs	4	4	8	0.5961538461538461
src/libcore/num/float_macros.rs	9	4	13	0.6190476190476191
src/test/run-pass/nondrop-cycle.rs	4	3	7	0.5294117647058824
src/libsyntax/ext/deriving/bounds.rs	18	3	21	0.5295138888888888
src/test/compile-fail/dupe-symbols-5.rs	2	4	6	0.5806451612903226
src/librustc/back/target_strs.rs	12	1	13	0.8181818181818182
src/librustc_back/x86_64.rs	11	4	15	0.41923076923076924
man/rust.1	3	1	4	0.88
src/test/run-pass/irrefutable-unit.rs	5	5	10	0.5094339622641509
src/test/compile-fail/match-range-fail-dominate.rs	5	3	8	0.5375
src/test/ui/span/wf-method-late-bound-regions.stderr	1	3	4	0.38461538461538464
src/test/run-pass/packed-struct-size.rs	12	4	16	0.5938566552901023
src/test/run-pass/autoref-vec-push.rs	0	1	1	1.0
src/test/compile-fail/issue-3096-2.rs	10	3	13	0.6551724137931034
src/doc/guide-crates.md	6	4	10	0.4280442804428044
src/rt/libuv/test/test-ref.c	0	1	1	1.0
src/libcore/num/uint-template/u8.rs	3	3	6	0.7241379310344828
src/test/compile-fail/borrowck-assign-to-subfield.rs	6	3	9	0.75
src/test/compile-fail/aux/allocator-dylib2.rs	0	1	1	1.0
src/test/run-pass/aux/derive-no-std.rs	0	1	1	1.0
src/librustpkg/testsuite/pass/src/hello-world/main.rs	6	1	7	0.8771929824561403
src/test/run-pass/record-pat.rs	16	4	20	0.32075471698113206
src/test/run-pass/trait-contravariant-self.rs	6	3	9	0.6571428571428571
src/rustllvm/RustGCMetadataPrinter.cpp	0	3	3	0.6666666666666666
mk/cfg/i686-unknown-freebsd.mk	7	4	11	0.5462184873949579
src/test/run-pass/regions-creating-enums2.rs	12	4	16	0.3716216216216216
src/jemalloc	11	4	15	0.6258064516129033
src/libproc_macro/lib.rs	6	4	10	0.3897058823529412
src/rt/libuv/src/ares/ares_gethostbyaddr.c	0	4	4	0.5
src/librustpkg/testsuite/pass/hello-world/main.rs	0	3	3	0.7777777777777778
src/libcore/num/i16.rs	11	4	15	0.5032258064516129
src/test/pretty/attr-variant-data.rs	1	5	6	0.5
src/test/compile-fail/panic-runtime/transitive-link-a-bunch.rs	1	4	5	0.5405405405405406
src/librustc_trans/trans/cabi_arm.rs	10	5	15	0.4227941176470588
src/test/run-pass/issue-10763.rs	3	3	6	0.49122807017543857
src/test/run-pass/issue-19100.rs	9	5	14	0.32432432432432434
src/libstd/path/windows.rs	43	2	45	0.535752401280683
src/libsyntax/ext/pipes/mod.rs	10	5	15	0.6176470588235294
src/librustc/front/feature_gate.rs	28	2	30	0.8255959849435383
src/librustc_data_structures/blake2b.rs	2	5	7	0.34375
src/test/compile-fail/copy-res-into-tup.rs	0	2	2	0.5
src/test/compile-fail/borrowck-uninit.rs	4	4	8	0.6206896551724138
src/test/run-fail/test-threads-invalid-value.rs	0	2	2	0.9047619047619048
src/test/compile-fail/pushpop-unsafe-rejects.rs	3	3	6	0.5930232558139535
src/librustc/middle/ty/fold.rs	8	3	11	0.5828220858895705
src/lib/linux_OS.rs	0	1	1	1.0
src/rt/libuv/src/ares/README.cares	0	3	3	0.6
src/test/run-pass/sio-client.rs	0	6	6	0.3333333333333333
src/doc/po/ja/guide-container.md.po	3	1	4	0.8961038961038961
src/test/compile-fail/issue-20616-2.rs	3	4	7	0.6470588235294118
src/test/auxiliary/macro_reexport_1.rs	6	4	10	0.42038216560509556
src/test/run-pass/unwind-unique.rs	24	3	27	0.5290581162324649
src/test/auxiliary/changing-crates-b.rs	4	4	8	0.4825174825174825
src/test/compile-fail/variadic-ffi-3.rs	14	6	20	0.4649350649350649
src/doc/book/references-and-borrowing.md	22	3	25	0.5281837160751566
src/test/compile-fail/trait-impl-method-mismatch.rs	20	2	22	0.72
mk/libuv/x86_64/unix/linux/src/libuv/uv.target.mk	0	4	4	0.6363636363636364
src/test/run-pass/issue-18619.rs	7	3	10	0.4715909090909091
src/test/run-pass/issue-1989.rs	5	4	9	0.5882352941176471
src/test/bench/vec-append.rs	0	1	1	1.0
src/test/compile-fail/trait-as-struct-constructor.rs	11	6	17	0.5105633802816901
src/lib/math_f32.rs	0	2	2	0.5
src/rt/libuv/test/test-tcp-flags.c	0	2	2	0.75
src/test/compile-fail/for-expn.rs	3	3	6	0.5925925925925926
src/doc/style/style/optional.md	4	6	10	0.2111111111111111
src/libsyntax/ext/deriving/ty.rs	23	1	24	0.8466522678185745
src/test/debug-info/trait-generic-static-default-method.rs	6	1	7	0.9207920792079208
src/test/compile-fail/match-arrows-block-then-binop.rs	2	3	5	0.4
src/test/run-pass/nil-pattern.rs	4	6	10	0.48214285714285715
src/test/compile-fail/const-recursive.rs	10	2	12	0.7307692307692307
src/libsync/atomics.rs	3	2	5	0.8032786885245902
src/test/compile-fail/associated-const-no-item.rs	2	3	5	0.7647058823529411
src/doc/tarpl/exotic-sizes.md	0	3	3	0.6727272727272727
src/librustc_incremental/persist/load.rs	10	5	15	0.4256505576208178
src/libcore/rt/io/net/ip.rs	3	2	5	0.8214285714285714
src/test/compile-fail/swap-no-lval.rs	8	3	11	0.6481481481481481
mk/linenoise.mk	0	1	1	1.0
src/libstd/fs.rs	60	4	64	0.4920774647887324
src/test/run-pass/macro-with-braces-in-expr-position.rs	11	4	15	0.41304347826086957
src/libstd/arc.rs	21	4	25	0.501187648456057
src/rt/bigint/bigint_int.cpp	0	2	2	0.6666666666666666
src/librustc/middle/ty_walk.rs	11	4	15	0.44880174291938996
src/test/run-pass/import-trailing-comma.rs	9	4	13	0.35802469135802467
src/test/run-pass/mid-path-type-params.rs	7	3	10	0.4765625
src/test/incremental/hashes/panic_exprs_no_overflow_checks.rs	1	3	4	0.45454545454545453
src/rt/rust_gpr_base.h	7	2	9	0.6785714285714286
src/gyp	1	2	3	0.76
src/test/compile-fail/issue-17718-const-mut.rs	4	3	7	0.45098039215686275
src/libextra/dlist.rs	22	2	24	0.7985611510791367
src/libcoretest/slice.rs	15	4	19	0.5072886297376094
src/test/compile-fail/auxiliary/ambig_impl_2_lib.rs	0	2	2	0.6666666666666666
src/rt/jemalloc/README	0	5	5	0.7777777777777778
src/libbacktrace/sort.c	7	5	12	0.6265060240963856
src/test/compile-fail/hrtb-identity-fn-borrows.rs	3	3	6	0.6666666666666666
src/rustc/back/link.rs	12	8	20	0.29605263157894735
src/rustc/middle/trans/consts.rs	2	5	7	0.2558139534883721
src/test/compile-fail/issue-33293.rs	1	5	6	0.6285714285714286
src/librustdoc/prune_hidden_pass.rs	9	5	14	0.578125
src/test/run-pass/aux/static_fn_inline_xc_aux.rs	0	1	1	1.0
src/rustc/back/x86.rs	0	8	8	0.3684210526315789
src/test/run-pass/deriving-via-extension-enum.rs	13	4	17	0.4864864864864865
src/test/run-pass/issue-912.rs	4	3	7	0.6896551724137931
src/test/run-pass/native-fn-linkname.rs	0	7	7	0.21428571428571427
src/librustc_trans/_match.rs	16	6	22	0.41042345276872966
src/test/compile-fail/use-mod-4.rs	3	3	6	0.4897959183673469
src/test/parse-fail/keyword-typeof.rs	6	3	9	0.5333333333333333
src/test/run-fail/borrowck-wg-mut-then-imm.rs	3	2	5	0.9
src/doc/book/syntax-index.md	15	4	19	0.5310344827586206
src/test/compile-fail/bad-type-env-capture.rs	11	4	15	0.5252525252525253
src/test/codegen/hello.rs	1	2	3	0.9
src/test/run-pass/pred.rs	0	8	8	0.3333333333333333
src/test/run-pass/vec-growth.rs	19	3	22	0.45414847161572053
src/test/parse-fail/class-implements-bad-trait.rs	4	4	8	0.4482758620689655
src/test/ui/codemap_tests/repair_span_std_macros.stderr	6	3	9	0.422680412371134
src/test/auxiliary/default_type_params_xc.rs	7	4	11	0.40963855421686746
src/rt/arch/i386/morestack.S	17	3	20	0.5320197044334976
src/test/pretty/block-arg-disambig.rs	9	3	12	0.6666666666666666
src/libcore/num.rs	7	5	12	0.2777777777777778
src/test/debug-info/basic-types-mut-globals.rs	4	1	5	0.9215686274509803
src/libextra/rope.rs	7	2	9	0.7157894736842105
src/test/ui/hello_world/main.rs	1	4	5	0.5405405405405406
src/test/compile-fail/namespaced-enum-glob-import-no-impls-xcrate.rs	3	3	6	0.525
src/librustc_data_structures/control_flow_graph/reachable/mod.rs	7	4	11	0.4318181818181818
mk/libuv/ia32/win/Makefile-e	0	3	3	0.3333333333333333
src/test/run-pass/log-ret.rs	0	2	2	0.5
src/doc/nomicon/safe-unsafe-meaning.md	9	4	13	0.6866359447004609
src/librustc_trans/trans/collector.rs	7	4	11	0.5294117647058824
src/doc/book/concurrency.md	14	3	17	0.5057142857142857
src/librustc_trans/trans/_match.rs	43	4	47	0.43
src/doc/trpl/inference.md	0	1	1	1.0
src/libextra/lib.rs	19	2	21	0.8626865671641791
src/test/compile-fail/issue-3021-c.rs	10	3	13	0.6829268292682927
src/test/compile-fail/regions-proc-bound-capture.rs	8	4	12	0.4463276836158192
src/test/run-pass/macro-multiple-items.rs	10	4	14	0.4144144144144144
src/doc/book/inline-assembly.md	7	4	11	0.589041095890411
src/libcore/array.rs	26	4	30	0.3455399061032864
src/test/run-pass/issue-29030.rs	2	2	4	0.6818181818181818
src/libbacktrace/config.sub	5	2	7	0.7708333333333334
src/test/run-pass/arr_cycle.rs	4	4	8	0.5
src/libregex/vm.rs	15	2	17	0.46593001841620624
src/test/run-pass/regions-dependent-addr-of.rs	14	3	17	0.40389294403892945
src/doc/tarpl/concurrency.md	0	3	3	0.74
src/test/compile-fail/feature-gate-box-pat.rs	3	3	6	0.3673469387755102
src/test/compile-fail/gated-thread-local.rs	4	2	6	0.4444444444444444
src/test/run-pass/issue-4448.rs	16	4	20	0.45664739884393063
src/lib/ebml.rs	3	6	9	0.25
src/test/compile-fail/import-prefix-macro-2.rs	2	3	5	0.6216216216216216
src/test/run-pass/issue-21291.rs	7	2	9	0.4845360824742268
src/test/run-pass/unboxed-closures-counter-not-moved.rs	12	4	16	0.35135135135135137
src/test/compile-fail/deriving-span-Ord-enum-struct-variant.rs	4	1	5	0.8939393939393939
src/libstd/io/buffered.rs	59	3	62	0.48455107233733186
src/libcore/private/weak_task.rs	4	3	7	0.6153846153846154
src/test/rustdoc/auxiliary/issue-34274.rs	2	5	7	0.44680851063829785
src/test/run-pass/for-loop-into-iterator.rs	4	3	7	0.5043478260869565
src/test/run-pass/overloaded-deref.rs	18	3	21	0.5041666666666667
src/test/compile-fail/keyword-match-as-identifier.rs	2	3	5	0.3275862068965517
src/test/compile-fail/associated-types/cache/project-fn-ret-contravariant.rs	4	4	8	0.46938775510204084
src/lib/_str.rs	4	5	9	0.5
src/rt/arch/mips/morestack.S	3	3	6	0.7073170731707317
src/test/run-pass/issue-2869.rs	4	4	8	0.46875
src/librustpkg/path_util.rs	21	2	23	0.8284023668639053
src/test/run-pass-fulldeps/rustc-macro/auxiliary/expand-with-a-macro.rs	4	4	8	0.5694444444444444
src/test/rustdoc/search-index.rs	4	2	6	0.6666666666666666
src/test/bench/core-std.rs	50	3	53	0.5739604635310157
src/test/compile-fail/E0163.rs	5	3	8	0.6666666666666666
src/test/compile-fail/reserved-f16.rs	0	2	2	0.6
src/test/run-fail/expr-if-panic-fn.rs	5	5	10	0.3854166666666667
src/libstd/sys/windows/rand.rs	3	3	6	0.5692307692307692
src/test/run-pass/issue-21726.rs	4	3	7	0.6470588235294118
src/test/compile-fail/kindck-owned-trait.rs	12	3	15	0.7037037037037037
src/rt/libuv-auto-clean-trigger	1	2	3	0.68
src/test/compile-fail/issue-4500.rs	0	4	4	0.6060606060606061
src/comp/front/extsimplext.rs	0	2	2	0.5
src/test/compile-fail/E0503.rs	1	4	5	0.3269230769230769
src/test/run-pass/main-int.rs	0	1	1	1.0
src/test/ui/compare-method/proj-outlives-region.rs	1	2	3	0.6764705882352942
src/test/run-pass/pat-ranges.rs	4	2	6	0.48717948717948717
src/test/run-fail/unwind-fail.rs	7	2	9	0.7927927927927928
src/doc/trpl/arrays.md	0	4	4	0.46
src/test/run-make/cdylib/bar.rs	1	4	5	0.4883720930232558
src/libnative/lib.rs	17	2	19	0.7634112792297112
src/test/codegen/scalar-function-call.rs	5	3	8	0.640625
src/test/compile-fail/infinite-vec-type-recursion.rs	13	4	17	0.35555555555555557
src/test/run-pass/mutable-alias-vec.rs	17	5	22	0.5818965517241379
src/test/run-pass/specialization/specialization-projection-alias.rs	2	3	5	0.75
src/test/run-fail/unwind-move.rs	13	2	15	0.7559055118110236
src/rt/libuv/src/ares/ares_destroy.c	0	3	3	0.6
mk/libuv/ia32/mac/src/rt/libuv/uv.target.mk	0	2	2	0.5
src/test/run-fail/trivial-message2.rs	0	10	10	0.25
src/test/compile-fail/nested-ty-params.rs	8	4	12	0.4772727272727273
src/test/parse-fail/trailing-plus-in-bounds.rs	5	4	9	0.29896907216494845
src/rustc/driver/diagnostic.rs	0	4	4	0.4
src/test/run-pass/lazy-and-or.rs	17	3	20	0.6078431372549019
src/test/compile-fail/block-coerce-no-2.rs	8	2	10	0.4594594594594595
src/test/bench/noise.rs	27	3	30	0.5155601659751037
src/libstd/sys/unix/env.rs	4	5	9	0.5192307692307693
src/test/run-pass/struct-return.rs	26	3	29	0.5575539568345323
src/libsyntax/errors/mod.rs	12	3	15	0.4911504424778761
src/test/run-make/output-type-permutations/Makefile	10	3	13	0.6081081081081081
src/test/compile-fail-fulldeps/rustc-macro/auxiliary/derive-a.rs	4	4	8	0.5694444444444444
src/test/incremental/ich_nested_items.rs	2	3	5	0.44
src/doc/nomicon/borrow-splitting.md	0	3	3	0.6923076923076923
src/test/compile-fail/method-call-err-msg.rs	12	5	17	0.5023696682464455
src/test/compile-fail/issue-7970a.rs	6	3	9	0.3855421686746988
src/test/compile-fail/traits-elaborate-type-region-unrelated.rs	0	1	1	1.0
src/test/run-pass/borrowck-wg-borrow-mut-to-imm-2.rs	2	3	5	0.7391304347826086
src/test/compile-fail/regions-assoc-type-outlives-container-wc.rs	4	3	7	0.4175824175824176
src/libproc_macro_plugin/Cargo.toml	3	3	6	0.5813953488372093
src/libstd/u32.rs	0	2	2	0.5
mk/libuv/ia32/mac/src/libuv/run-tests.target.mk	0	6	6	0.5
src/lib/list.rs	8	5	13	0.19672131147540983
src/librustc/middle/typeck/infer/error_reporting.rs	29	2	31	0.7130124777183601
src/test/compile-fail/zip-missing-check.rs	0	6	6	0.25
src/test/debuginfo/generic-struct.rs	11	3	14	0.49145299145299143
src/test/compile-fail/issue32829.rs	3	2	5	0.5094339622641509
src/librustc_trans/trans/debuginfo/gdb.rs	10	4	14	0.5183823529411765
src/test/run-pass/core-rt-smoke.rs	3	3	6	0.84
src/test/compile-fail/dropck_no_diverge_on_nonregular_3.rs	5	3	8	0.4878048780487805
src/test/run-pass/issue-2708.rs	14	3	17	0.4890829694323144
src/grammar/xidcontinue.g4	5	3	8	0.36585365853658536
src/test/run-pass/borrow-by-val-method-receiver.rs	19	3	22	0.4745762711864407
src/test/run-pass/const-autoderef.rs	11	3	14	0.41798941798941797
src/test/compile-fail/unboxed-closure-sugar-region.rs	6	3	9	0.3597560975609756
src/test/parse-fail/paamayim-nekudotayim.rs	6	3	9	0.44
src/test/run-pass/const-expr-in-vec-repeat.rs	10	3	13	0.4782608695652174
src/libcore/num/diy_float.rs	7	3	10	0.6
src/rt/sundown/CONTRIBUTING.md	2	1	3	0.94
src/libstd/uv.rs	8	5	13	0.32142857142857145
src/test/debug-info/simple-struct.rs	14	1	15	0.9053254437869822
src/test/run-pass/fn-type-infer.rs	17	4	21	0.4352517985611511
src/librustc/metadata/csearch.rs	49	3	52	0.5744234800838575
src/test/run-fail/task-comm-recv-block.rs	15	2	17	0.6343283582089553
src/libcollections/trie.rs	21	2	23	0.7338582677165354
src/test/compile-fail/regions-in-structs.rs	4	3	7	0.7894736842105263
src/test/stdtest/unsafe.rs	0	3	3	0.5
src/libstd/num/uint-template/u16.rs	0	2	2	0.875
src/test/run-fail/unwind-check.rs	0	5	5	0.3333333333333333
src/test/debuginfo/closure-in-generic-function.rs	12	3	15	0.41134751773049644
src/test/compile-fail/issue-16538.rs	13	3	16	0.3787465940054496
src/test/debug-info/borrowed-unique-basic.rs	10	1	11	0.9069767441860465
src/rt/libuv/src/ev/Changes	0	2	2	0.5
src/test/run-make/mixing-deps/dylib.rs	3	3	6	0.6428571428571429
src/test/run-pass-fulldeps/aux/issue-16822.rs	0	1	1	1.0
src/test/compile-fail/simplext-2.rs	0	1	1	1.0
src/test/compile-fail/regions-variance-covariant-use-contravariant.rs	2	3	5	0.6056338028169014
src/test/compile-fail/attrs-after-extern-mod.rs	6	3	9	0.56
src/rt/rust_aio.cpp	0	1	1	1.0
src/doc/trpl/references-and-borrowing.md	20	3	23	0.5919439579684763
src/rustc/middle/typeck/infer/region_inference.rs	0	2	2	0.5
src/rt/libuv/src/ev/ev_vars.h	0	2	2	0.5
src/test/run-fail/unwind-assert.rs	7	2	9	0.8114754098360656
src/test/compile-fail/cross-crate-glob-collision.rs	0	8	8	0.35294117647058826
src/libstd/rt/io/net/addrinfo.rs	1	2	3	0.8275862068965517
src/test/run-pass/aux/namespaced_enums.rs	0	1	1	1.0
src/libcargo/cargo.rc	11	4	15	0.3089430894308943
src/test/run-pass/issue-15104.rs	9	4	13	0.390625
src/doc/trpl/src/standard-input.md	0	2	2	0.9
src/test/compile-fail/borrowck-use-uninitialized-in-cast-trait.rs	5	3	8	0.45454545454545453
src/test/compile-fail/syntax-extension-fourcc-non-literal.rs	6	1	7	0.8974358974358975
src/libhexfloat/lib.rs	12	2	14	0.8618266978922716
src/libsyntax/ext/mtwt.rs	32	3	35	0.45107632093933464
src/rt/libuv/src/win/tty.c	0	2	2	0.8
src/rustc/metadata/loader.rs	11	5	16	0.3125
src/test/compile-fail/auxiliary/default_ty_param_cross_crate_crate.rs	0	1	1	1.0
src/test/bench/shootout-threadring.rs	34	4	38	0.5679542203147353
src/comp/back/upcall.rs	10	6	16	0.17592592592592593
src/libstd/os/mod.rs	13	4	17	0.5314465408805031
src/test/run-make/no-duplicate-libs/main.rs	0	3	3	0.7777777777777778
src/test/compile-fail/const-array-oob-arith.rs	1	3	4	0.6
src/test/compile-fail/coerce-unsafe-to-closure.rs	7	4	11	0.49019607843137253
src/test/compile-fail/struct-base-wrong-type-2.rs	11	3	14	0.41353383458646614
src/test/compile-fail/E0055.rs	4	5	9	0.3900709219858156
src/test/auxiliary/associated-types-cc-lib.rs	7	4	11	0.3622448979591837
src/libcore/ptr.rs	80	4	84	0.4555209415022499
src/librustc/middle/borrowck/loan.rs	7	5	12	0.5680473372781065
src/librustc_resolve/Cargo.toml	6	4	10	0.44214876033057854
src/test/run-pass/resource-destruct-with-class.rs	0	2	2	0.6666666666666666
src/test/compile-fail/issue-1965.rs	5	4	9	0.3548387096774194
mk/rt.mk	71	4	75	0.6022840119165839
src/test/compile-fail/object-lifetime-default-from-rptr-box-error.rs	7	4	11	0.43243243243243246
src/test/parse-fail/tuple-float-index.rs	0	3	3	0.8823529411764706
src/test/run-pass/pipe-manual-1.rs	0	1	1	1.0
src/test/run-pass/issue-4208.rs	7	3	10	0.6260869565217392
src/rt/arch/armv7s/record_sp.S	3	3	6	0.6714285714285714
src/comp/middle/walk.rs	6	7	13	0.2054794520547945
src/test/compile-fail/issue28498-reject-lifetime-param.rs	4	4	8	0.6875
src/rt/libuv/src/unix/ev/configure	0	1	1	1.0
src/test/compile-fail/where-clause-method-substituion.rs	10	3	13	0.34507042253521125
src/test/run-pass/issue-16739.rs	9	4	13	0.3805668016194332
src/test/compile-fail/gated-no-std.rs	5	3	8	0.5873015873015873
src/doc/tarpl/lifetimes.md	0	3	3	0.6727272727272727
src/comp/front/config.rs	6	8	14	0.23636363636363636
src/test/compile-fail-fulldeps/rustc-macro/feature-gate-2.rs	4	4	8	0.5694444444444444
src/test/run-pass/issue-26095.rs	1	2	3	0.8333333333333334
src/test/run-pass/deriving-show.rs	17	4	21	0.47601476014760147
src/comp/syntax/ext/env.rs	6	7	13	0.3170731707317073
src/test/compile-fail/xcrate-private-by-default.rs	8	3	11	0.6086956521739131
src/test/compile-fail/deprecation-lint.rs	6	5	11	0.4740740740740741
src/librustc_typeck/check/demand.rs	23	4	27	0.4374079528718704
src/test/compile-fail/borrowck-lend-flow-if.rs	9	4	13	0.5603715170278638
src/test/compile-fail/unsafe-modifying-str.rs	3	1	4	0.9347826086956522
src/test/run-pass/objects-coerce-from-managed-to-borrowed.rs	5	1	6	0.9253731343283582
src/librust/rust.rs	18	1	19	0.8447653429602888
src/test/compile-fail/conflicting-implementations-aux.rs	4	2	6	0.6595744680851063
src/test/run-pass/double-ref.rs	6	3	9	0.4267515923566879
src/test/compile-fail/E0244.rs	4	4	8	0.308411214953271
src/libsyntax/entry.rs	5	3	8	0.6869565217391305
src/test/run-pass/issue-28983.rs	4	3	7	0.7297297297297297
src/rt/libuv/test/test-udp-dgram-too-big.c	0	1	1	1.0
src/librustdoc/html/static/FiraSans-LICENSE.txt	0	4	4	0.8421052631578947
src/test/run-pass/rec-extend.rs	10	3	13	0.3448275862068966
src/test/compile-fail/E0459.rs	3	4	7	0.4158415841584158
src/test/run-pass/for-loop-fail.rs	18	3	21	0.6024096385542169
mk/cfg/aarch64-apple-ios.mk	11	3	14	0.45794392523364486
src/rt/libuv/test/test-async.c	0	4	4	0.5714285714285714
src/test/run-pass/aux/static_mut_xc.rs	0	1	1	1.0
src/test/parse-fail/non-str-meta.rs	7	4	11	0.375
src/libsyntax/ext/deriving/debug.rs	5	3	8	0.6574074074074074
src/test/parse-fail/keyword-in-as-identifier.rs	0	4	4	0.5
src/test/run-pass/overloaded-index.rs	7	3	10	0.44405594405594406
src/test/run-pass/issue-8827.rs	10	4	14	0.4267515923566879
src/test/run-pass/vec-trailing-comma.rs	6	3	9	0.5853658536585366
src/librustdoc/markdown_index_pass.rs	12	4	16	0.6063348416289592
src/test/parse-fail/suffixed-literal-meta.rs	3	3	6	0.5370370370370371
src/test/compile-fail/issue-19538.rs	5	2	7	0.7608695652173914
src/test/compile-fail/wf-impl-associated-type-trait.rs	5	3	8	0.6116504854368932
src/test/run-pass/method-attributes.rs	11	3	14	0.375
src/doc/style/style/naming/iterators.md	4	6	10	0.33587786259541985
src/libcore/rt/rtio.rs	2	2	4	0.7142857142857143
mk/libuv/x86_64/win/src/libuv/uv.target.mk	0	6	6	0.5
src/test/compile-fail/E0275.rs	1	3	4	0.5094339622641509
src/lib/ivec.rs	5	3	8	0.4666666666666667
src/test/run-make/issue-26006/in/time/lib.rs	2	3	5	0.6071428571428571
src/doc/trpl/tracing-macros.md	1	3	4	0.4065934065934066
src/librustpkg/testsuite/pass/src/simple-lib/src/lib.rs	0	2	2	0.875
src/rt/libuv/src/unix/ev/config.sub	0	1	1	1.0
src/libcore/unstable/lang.rs	8	3	11	0.6774193548387096
src/test/run-pass/associated-types-in-fn.rs	5	3	8	0.41605839416058393
src/test/parse-fail/keyword-enum-as-identifier.rs	6	3	9	0.5333333333333333
doc/po/tutorial.md.pot	11	1	12	0.8870967741935484
src/test/run-pass-fulldeps/aux/syntax_extension_with_dll_deps_1.rs	0	1	1	1.0
src/test/run-make/issue-24445/Makefile	2	3	5	0.45161290322580644
src/test/compile-fail/cast-from-nil.rs	7	4	11	0.3620689655172414
src/librustc_platform_intrinsics/Cargo.toml	3	3	6	0.5571428571428572
mk/stage3.mk	2	6	8	0.43333333333333335
src/test/run-pass/class-cast-to-trait-cross-crate-2.rs	20	3	23	0.6311881188118812
src/test/run-pass/pat-tuple-6.rs	3	3	6	0.4915254237288136
src/doc/tarpl/lifetime-mismatch.md	0	3	3	0.74
src/test/compile-fail/tag-type-args.rs	9	3	12	0.5060240963855421
src/test/compile-fail/issue-13497-2.rs	3	2	5	0.5384615384615384
src/test/run-pass/impl-inherent-prefer-over-trait.rs	4	3	7	0.39603960396039606
src/librustpkg/testsuite/pass/src/c-dependencies/pkg.rs	10	1	11	0.8928571428571429
src/test/run-pass/class-attributes-2.rs	16	3	19	0.5792349726775956
src/librustc_front/visit.rs	7	4	11	0.6740506329113924
src/test/run-pass/aux/cci_class_3.rs	0	1	1	1.0
src/test/incremental/spans_insignificant_w_o_debuginfo.rs	3	3	6	0.7714285714285715
src/test/compile-fail/.gitattributes	2	2	4	0.6521739130434783
src/test/compile-fail/E0432.rs	2	3	5	0.4583333333333333
src/test/compile-fail/not-panic-safe-5.rs	3	4	7	0.6178861788617886
src/test/rustdoc/redirect.rs	3	3	6	0.38461538461538464
src/doc/nomicon/vec-drain.md	2	2	4	0.8297872340425532
src/libcore/task/local_data_priv.rs	13	3	16	0.6008583690987125
src/librustc_mir/graphviz/mod.rs	8	2	10	0.71875
src/librustc_back/target/solaris_base.rs	3	3	6	0.7340425531914894
src/test/compile-fail/issue-1920-1.rs	5	3	8	0.5714285714285714
src/test/run-pass/issue-12660.rs	7	4	11	0.33653846153846156
src/test/run-pass-fulldeps/aux/lint_for_crate.rs	0	1	1	1.0
src/test/run-fail/fail-non-utf8.rs	4	2	6	0.6625
src/test/run-pass/issue-26468.rs	2	3	5	0.45454545454545453
src/test/compile-fail/mutable-huh-variance-ptr.rs	5	7	12	0.4358974358974359
src/test/run-pass/new-style-constants.rs	8	3	11	0.6721311475409836
src/test/run-pass/pipe-bank-proto.rs	14	3	17	0.5459459459459459
src/test/run-pass/hrtb-resolve-lifetime.rs	4	4	8	0.42857142857142855
src/test/compile-fail/move-fragments-7.rs	5	3	8	0.5054945054945055
src/test/compile-fail/private-struct-field-cross-crate.rs	13	3	16	0.5027932960893855
src/test/run-pass/issue-13259-windows-tcb-trash.rs	5	4	9	0.4604651162790698
src/test/run-pass/issue-3429.rs	8	3	11	0.39705882352941174
src/test/compile-fail/generic-non-trailing-defaults.rs	5	3	8	0.3894736842105263
src/test/compile-fail/macro-input-future-proofing.rs	5	4	9	0.4931506849315068
src/rt/libuv/src/unix/fs.c	0	2	2	0.8
src/doc/tarpl/destructors.md	0	3	3	0.6981132075471698
src/libstd/string.rs	2	2	4	0.8636363636363636
src/doc/guide-container.md	10	2	12	0.8059701492537313
src/test/run-pass/init-res-into-things.rs	23	3	26	0.5349344978165939
src/test/compile-fail/unsized2.rs	8	4	12	0.3956043956043956
src/libcore/iter-trait/dlistb.rs	0	1	1	1.0
src/etc/apple-darwin.supp	5	4	9	0.647887323943662
src/test/compile-fail/qquote-1.rs	22	4	26	0.5973597359735974
src/test/run-make/atomic-lock-free/Makefile	4	5	9	0.5154639175257731
src/test/run-pass/aux/cci_impl_lib.rs	0	1	1	1.0
src/test/run-pass/issue-15523.rs	3	3	6	0.49019607843137253
src/test/compile-fail/issue-2478.rs	9	2	11	0.7241379310344828
src/test/codegen-units/generic-drop-glue.rs	2	3	5	0.4793388429752066
src/test/stdtest/c_vec.rs	0	7	7	0.3
src/test/auxiliary/macro_crate_nonterminal.rs	5	4	9	0.3275862068965517
src/test/compile-fail/bad-crate-id2.rs	3	3	6	0.43010752688172044
src/test/run-pass/attr-start.rs	9	4	13	0.4474885844748858
src/test/compile-fail/keyword-ref-as-identifier.rs	2	3	5	0.5306122448979592
src/test/run-pass/issue-18425.rs	7	3	10	0.4358974358974359
src/test/run-pass/class-trait-bounded-param.rs	7	3	10	0.5921052631578947
src/test/compile-fail/recursion_limit.rs	12	4	16	0.4
src/test/run-pass/const-region-ptrs.rs	12	3	15	0.6881720430107527
src/libcore/num/uint-template/uint.rs	7	2	9	0.7676056338028169
src/librustc_trans/mir/analyze.rs	12	6	18	0.4451345755693582
src/librustc/middle/borrowck/gather_loans/move_error.rs	14	3	17	0.6102150537634409
mk/libuv/ia32/unix/src/libuv/uv.target.mk	0	4	4	0.25
src/test/compile-fail/borrowck-confuse-region.rs	0	6	6	0.3125
src/test/parse-fail/issue-33455.rs	3	3	6	0.4897959183673469
src/libextra/serialize.rs	13	1	14	0.8436363636363636
src/libcore/rt/uv.rs	1	3	4	0.7321428571428571
src/test/compile-fail/builtin-superkinds-simple.rs	13	4	17	0.40225563909774437
src/test/compile-fail/E0264.rs	1	3	4	0.39622641509433965
src/test/borrowck-loan-of-static-data-issue-27616.rs	3	2	5	0.82
src/test/compile-fail/ptr-coercion.rs	11	4	15	0.39906103286384975
src/test/run-pass/coerce-to-closure-and-proc.rs	6	4	10	0.3891891891891892
src/test/run-pass/acyclic-unwind.rs	8	5	13	0.30952380952380953
src/test/compile-fail/lint-non-snake-case-crate.rs	3	4	7	0.6153846153846154
src/lib/FS.rs	0	1	1	1.0
mk/libuv/unix/src/rt/libuv/uv.Makefile	0	2	2	0.5
src/test/run-pass/import-prefix-macro.rs	2	3	5	0.6216216216216216
src/test/run-fail/dst-raw-slice.rs	4	2	6	0.6808510638297872
src/test/pretty/ivec-type.pp	0	2	2	0.5
src/librustc_typeck/coherence/unsafety.rs	18	4	22	0.40509915014164305
src/test/debug-info/struct-in-struct.rs	11	1	12	0.8931297709923665
src/test/compile-fail/issue-1451.rs	8	1	9	0.8064516129032258
src/test/ui/compare-method/traits-misc-mismatch-1.stderr	1	2	3	0.6764705882352942
src/test/run-pass/regions-early-bound-used-in-bound.rs	7	3	10	0.4205607476635514
src/librustpkg/crate_id.rs	2	2	4	0.8636363636363636
src/test/run-pass/const-fn-cross-crate.rs	4	3	7	0.5915492957746479
src/test/ui/span/send-is-not-static-std-sync.stderr	1	3	4	0.38461538461538464
src/test/run-pass/import.rs	13	3	16	0.6559139784946236
src/test/compile-fail/static-reference-to-fn-1.rs	5	2	7	0.74
src/test/run-pass/module-polymorphism4.rs	0	6	6	0.5
src/libstd/oldsmallintmap.rs	4	4	8	0.6857142857142857
src/libcore/unstable/weak_task.rs	5	2	7	0.7941176470588235
src/boot/fe/lexer.mll	4	2	6	0.75
src/doc/tarpl/vec-dealloc.md	0	3	3	0.725
src/test/run-pass/specialization-cross-crate.rs	0	1	1	1.0
mk/libuv/ia32/unix/linux/src/libuv/uv.Makefile	0	4	4	0.6363636363636364
src/test/codegen/enum-bounds-check.rs	4	3	7	0.46808510638297873
src/comp/metadata/csearch.rs	6	6	12	0.22580645161290322
src/test/compile-fail/const-cast-wrong-type.rs	6	2	8	0.45614035087719296
src/test/run-pass/alt-range.rs	8	4	12	0.5185185185185185
src/rustc/middle/typeck/check/writeback.rs	6	7	13	0.22641509433962265
Makefile.in	66	5	71	0.5124240750966317
src/libcoretest/ops.rs	6	3	9	0.5052631578947369
src/librustc_const_eval/_match.rs	2	4	6	0.6170212765957447
src/test/bench/task-perf/pfib.rs	0	3	3	0.6
src/test/compile-fail-fulldeps/derive-no-std-not-supported.rs	4	4	8	0.359375
src/test/compile-fail/copy-res-into-tag.rs	0	2	2	0.6666666666666666
src/doc/trpl/basic.md	3	3	6	0.41935483870967744
src/rt/libuv/include/ev.h	0	2	2	0.5
src/test/run-pass/borrowck-preserve-expl-deref.rs	14	3	17	0.7283236994219653
src/rt/jemalloc/include/jemalloc/internal/ctl.h	3	2	5	0.8
doc/po/tutorial-borrowed-ptr.md.pot	5	1	6	0.9
src/test/run-pass/reference-branch.rs	0	3	3	0.5
src/test/run-pass/issue-13352.rs	4	4	8	0.36597938144329895
src/test/run-pass/tag-align-dyn-variants.rs	19	3	22	0.48118279569892475
src/rt/rust_task.cpp	29	5	34	0.304857621440536
src/test/compile-fail/region-borrow-params-issue-29793-big.rs	2	3	5	0.5641025641025641
src/rt/sync/fair_ticket_lock.h	0	1	1	1.0
src/test/run-pass/trait-item-inside-macro.rs	2	5	7	0.2777777777777778
src/test/debug-info/static-method-on-struct-and-enum.rs	9	1	10	0.9197080291970803
src/libextra/num/rational.rs	20	1	21	0.8326693227091634
src/libstd/old_io/test.rs	4	3	7	0.3893805309734513
src/test/run-make/no-stack-check/flag.rs	5	3	8	0.5306122448979592
src/comp/syntax/ext/fmt.rs	8	7	15	0.3013698630136986
src/etc/char_private.py	3	5	8	0.4634146341463415
src/librustdoc/sectionalize_pass.rs	12	4	16	0.6456692913385826
src/librustc_typeck/check/cast.rs	31	4	35	0.5284191829484902
src/test/compile-fail/fn-expr-typestate-2.rs	0	7	7	0.25
src/test/compile-fail/syntax-extension-bytes-too-large-integer-literal.rs	4	2	6	0.8048780487804879
src/doc/guide-runtime.md	6	2	8	0.7969924812030075
src/test/auxiliary/auto_serialize_lib.rs	0	1	1	1.0
src/libstd/pipes.rs	13	1	14	0.7868852459016393
src/test/run-pass-fulldeps/aux/procedural_mbe_matching.rs	0	1	1	1.0
src/test/codegen-units/partitioning/aux/cgu_explicit_inlining.rs	0	1	1	1.0
src/comp/middle/trans/tvec.rs	4	4	8	0.4583333333333333
src/test/auxiliary/issue-2414-a.rs	15	4	19	0.597457627118644
src/librustc_trans/collector.rs	18	5	23	0.4317073170731707
src/libsyntax/ext/fourcc.rs	0	2	2	0.5
src/test/run-pass/deriving-eq-ord-boxed-slice.rs	7	3	10	0.5080645161290323
src/libsyntax/errors/json.rs	9	3	12	0.4195804195804196
src/test/run-pass-fulldeps/aux/issue-18502.rs	0	1	1	1.0
src/libstd/old_io/mod.rs	16	3	19	0.39672131147540984
src/test/run-pass/autoderef-method-priority.rs	16	3	19	0.44571428571428573
src/test/compile-fail/borrowck-binding-mutbl.rs	0	8	8	0.4117647058823529
src/doc/book/match.md	6	4	10	0.5315315315315315
src/librustc/metadata/encoder.rs	100	3	103	0.5989847715736041
src/test/run-pass/lib-str.rs	2	4	6	0.35
src/rustdoc/doc.rs	11	4	15	0.578125
src/test/compile-fail/malformed-plugin-1.rs	3	3	6	0.4
doc/version_info.html.template	4	1	5	0.8666666666666667
src/rt/jemalloc/test/posix_memalign.exp	0	5	5	0.7777777777777778
src/test/run-fail/overflowing-simd-rsh-4.rs	4	2	6	0.8448275862068966
src/test/run-make/staticlib-blank-lib/foo.rs	3	1	4	0.9032258064516129
src/doc/tarpl/raii.md	0	1	1	1.0
doc/keywords.txt	0	8	8	0.2
src/test/run-pass/privacy-ns.rs	7	3	10	0.5174418604651163
src/test/compile-fail/borrowck-report-with-custom-diagnostic.rs	11	3	14	0.38934426229508196
src/libextra/url.rs	17	1	18	0.8592375366568915
src/test/run-fail/unwind-box-res.rs	16	3	19	0.71875
src/test/compile-fail/svh-change-type-arg.rs	9	3	12	0.6422764227642277
src/boot/driver/lib.ml	0	5	5	0.6153846153846154
src/test/compile-fail/multiple-plugin-registrars.rs	0	1	1	1.0
src/test/compile-fail/region-bound-extra-bound-in-impl.rs	4	3	7	0.36363636363636365
src/test/debuginfo/box.rs	14	2	16	0.5517241379310345
src/librustc/middle/traits/structural_impls.rs	5	3	8	0.5886524822695035
src/test/compile-fail/E0036.rs	4	3	7	0.4888888888888889
src/rt/libuv/include/ngx-queue.h	0	2	2	0.5
src/test/compile-fail/issue-22312.rs	2	3	5	0.4090909090909091
src/test/ui/span/issue-26656.stderr	2	4	6	0.5853658536585366
src/test/run-fail/fail-parens.rs	9	3	12	0.6019417475728155
src/test/run-pass/struct_variant_xc.rs	11	2	13	0.5748031496062992
src/test/run-make/dep-info/foo.rs	3	1	4	0.9117647058823529
src/libcore/repr.rs	19	4	23	0.5341614906832298
src/test/compile-fail/region-object-lifetime-5.rs	4	3	7	0.6352941176470588
src/test/auxiliary/crateresolve4b-2.rs	12	3	15	0.6388888888888888
src/test/run-pass-fulldeps/rustc-macro/auxiliary/derive-atob.rs	4	4	8	0.5694444444444444
src/test/parse-fail/keyword-loop-as-identifier.rs	6	3	9	0.5333333333333333
src/test/compile-fail/auxiliary/stability_attribute_issue.rs	0	1	1	1.0
src/test/run-pass/unary-minus-suffix-inference.rs	11	5	16	0.5778894472361809
src/test/run-pass/deriving-via-extension-struct.rs	12	3	15	0.45714285714285713
src/test/run-pass/regions-borrow-at.rs	14	3	17	0.5241379310344828
src/boot/driver/main.ml	2	3	5	0.8
src/test/compile-fail/issue-21701.rs	3	3	6	0.6451612903225806
src/test/compile-fail/borrowck-pat-reassign-sometimes-binding.rs	6	3	9	0.4166666666666667
src/test/run-pass/namespaced-enum-emulate-flat.rs	7	4	11	0.5
src/test/run-pass/issue-13405.rs	4	3	7	0.5394736842105263
src/test/run-pass/issue-12285.rs	4	3	7	0.3829787234042553
src/rustc/middle/trans/glue.rs	4	5	9	0.23076923076923078
src/rustdoc/rustdoc.rs	14	2	16	0.6296296296296297
src/doc/trpl/move-semantics.md	2	3	5	0.5596330275229358
src/libstd/sync/arc.rs	9	2	11	0.8831168831168831
src/test/run-pass/foreign-lib-path.rs	8	3	11	0.6964285714285714
src/test/compile-fail/aux/internal_unstable.rs	0	1	1	1.0
src/test/run-pass/type-namespace.rs	12	3	15	0.4012345679012346
src/test/run-pass/associated-const-cross-crate.rs	2	5	7	0.5
src/test/run-pass/issue-3753.rs	17	4	21	0.5047923322683706
src/test/run-pass/issue-34427.rs	5	4	9	0.43636363636363634
src/libstd/uvtmp.rs	4	5	9	0.2608695652173913
src/test/ui/cross-crate-macro-backtrace/main.rs	2	3	5	0.42857142857142855
src/test/run-pass/issue-21058.rs	13	4	17	0.4197183098591549
src/test/compile-fail/issue-32128.rs	3	3	6	0.3695652173913043
src/libextra/glob.rs	17	1	18	0.8586572438162544
src/test/run-pass/issue-19129-2.rs	7	3	10	0.5859375
src/librustc/lint/mod.rs	32	4	36	0.48291233283803864
src/test/compile-fail/attr-dangling-in-fn.rs	6	3	9	0.38
src/test/parse-fail/issue-14303-enum.rs	3	4	7	0.4117647058823529
src/test/ui/span/E0057.stderr	4	4	8	0.4772727272727273
src/test/run-pass/aux/packed.rs	0	1	1	1.0
src/test/run-pass/expr-if.rs	10	3	13	0.32142857142857145
src/test/compile-fail/immut-function-arguments.rs	8	3	11	0.5030674846625767
src/test/run-pass/class-method-cross-crate.rs	11	3	14	0.36018957345971564
src/test/run-pass/companionmod-src/d.rs	0	2	2	0.8571428571428571
src/test/compile-fail/unboxed-closures-mutated-upvar-from-fn-closure.rs	4	3	7	0.5652173913043478
mk/cfg/mips-unknown-linux-uclibc.mk	2	4	6	0.3793103448275862
src/test/run-pass/overloaded-autoderef-order.rs	10	3	13	0.3924914675767918
src/test/run-make/extern-diff-internal-name/Makefile	2	2	4	0.5471698113207547
src/test/run-pass/tag-align-u64.rs	19	3	22	0.47229551451187335
src/test/compile-fail/issue-17431-2.rs	6	3	9	0.5502958579881657
src/test/compile-fail/borrowck-managed-pointer-deref-scope.rs	5	2	7	0.8494623655913979
src/libcollections/dlist.rs	40	3	43	0.47227086981903094
src/rt/jemalloc/ChangeLog	3	2	5	0.8
src/librustc/rustc.rs	27	1	28	0.8185185185185185
src/test/compile-fail-fulldeps/proc-macro/define-two.rs	0	3	3	0.3333333333333333
src/test/compile-fail/keyword-use-as-identifier.rs	2	3	5	0.3275862068965517
src/libproc_macro/prelude.rs	6	4	10	0.37623762376237624
src/test/debuginfo/function-arg-initialization.rs	16	4	20	0.41013824884792627
src/test/run-pass/move-arg-2.rs	25	3	28	0.5483870967741935
src/test/run-pass/explicit-self-generic.rs	17	4	21	0.4411764705882353
src/test/compile-fail/resolve-label.rs	6	3	9	0.5
src/test/run-pass/region-return-interior-of-option.rs	11	2	13	0.6896551724137931
src/rt/sundown/src/buffer.h	0	2	2	0.9310344827586207
src/rustdoc_ng/html/static/normalize.css	0	2	2	0.8666666666666667
src/test/run-pass/generic-drop-glue.rs	11	2	13	0.7165354330708661
src/libstd/unstable/global.rs	7	1	8	0.8225806451612904
src/test/run-fail/if-check-fail.rs	15	3	18	0.6174496644295302
src/test/auxiliary/cgu_test_b.rs	3	3	6	0.4105263157894737
src/libcore/rt/io/native/file.rs	1	2	3	0.7692307692307693
src/test/incremental/change_private_impl_method_cc/struct_point.rs	1	3	4	0.4722222222222222
src/test/compile-fail/substs-verbose.rs	0	1	1	1.0
src/test/compile-fail/lint-non-snake-case-lifetimes.rs	2	2	4	0.48717948717948717
src/test/run-pass/auxiliary/foreign_lib.rs	0	3	3	0.6
src/test/compile-fail/estr-subtyping.rs	16	3	19	0.535031847133758
src/rustc/middle/tstate/tritv.rs	3	6	9	0.2916666666666667
src/librustc_back/target/x86_64_pc_windows_msvc.rs	14	3	17	0.6139817629179332
src/librustc_back/arm.rs	12	4	16	0.3851851851851852
src/test/run-make/simd-ffi/Makefile	7	5	12	0.49
src/test/run-pass/specialization/auxiliary/specialization_cross_crate_defaults.rs	0	2	2	0.6666666666666666
src/test/parse-fail/unicode-chars.rs	2	3	5	0.3793103448275862
src/test/run-pass/obj-self-3.rs	0	8	8	0.2857142857142857
src/libstd/rt/io/net/ip.rs	11	1	12	0.8
src/librustc/driver/mod.rs	25	2	27	0.6542056074766355
src/test/compile-fail/associated-types-feature-gate.rs	1	2	3	0.5714285714285714
src/test/run-pass/unboxed-closures-call-sugar-object-autoderef.rs	10	4	14	0.3835616438356164
src/test/run-pass/struct-variant-xc.rs	0	1	1	1.0
src/test/bench/shootout-binarytrees.rs	46	3	49	0.5165496489468405
src/test/run-pass/issue-19631.rs	6	3	9	0.5181818181818182
src/librustc/middle/typeck/infer/higher_ranked/mod.rs	5	3	8	0.3888888888888889
src/librand/distributions/mod.rs	30	3	33	0.42535446205170974
src/test/run-pass/deriving-encodable-decodable.rs	18	3	21	0.6576200417536534
src/libsyntax/ext/deriving/generic.rs	32	1	33	0.8215077605321508
src/test/run-make/include_bytes_deps/Makefile	4	2	6	0.5
src/test/compile-fail/E0049.rs	2	5	7	0.494949494949495
src/rt/rust_port.h	2	5	7	0.4411764705882353
src/test/run-pass/intrinsics-math.rs	24	3	27	0.5342741935483871
src/test/run-make/rustdoc-negative-impl/Makefile	5	4	9	0.3412698412698413
src/test/run-pass/issue-22629.rs	4	3	7	0.4153846153846154
src/test/run-pass/link-section.rs	4	3	7	0.6304347826086957
src/test/compile-fail/macro-expanded-include/file.txt	1	5	6	0.45454545454545453
src/test/run-make/llvm-phase/Makefile	4	3	7	0.5102040816326531
src/test/compile-fail/E0276.rs	1	3	4	0.52
src/test/run-make/graphviz-flowgraph/f20.rs	6	3	9	0.42063492063492064
src/test/run-pass/issue-13703.rs	4	3	7	0.5189873417721519
src/libcore/iter-trait/option.rs	9	5	14	0.20454545454545456
src/test/run-pass/bind-exterior.rs	0	8	8	0.3
src/test/run-pass/issue-15735.rs	2	3	5	0.7058823529411765
src/test/codegen/lifetime_start_end.rs	5	4	9	0.43617021276595747
src/test/compile-fail/macros-no-semicolon.rs	4	3	7	0.423728813559322
src/rt/libuv/src/unix/tcp.c	0	2	2	0.6666666666666666
src/libcore/slice.rs	75	4	79	0.45601851851851855
src/test/run-make/graphviz-flowgraph/f10.rs	6	2	8	0.6285714285714286
src/test/compile-fail/missing_debug_impls.rs	4	3	7	0.3761467889908257
src/test/run-pass/for-loop-goofiness.rs	7	3	10	0.37423312883435583
src/rustc/middle/trans/meth.rs	0	7	7	0.2682926829268293
src/test/debug-info/generic-functions-nested.rs	7	1	8	0.9215686274509803
src/test/run-pass/default_ty_param_method_call_test.rs	2	3	5	0.7441860465116279
src/libcore/either.rs	23	5	28	0.4963235294117647
src/test/compile-fail/E0132.rs	4	4	8	0.35555555555555557
src/test/run-pass/regions-bot.rs	13	3	16	0.4449760765550239
src/test/run-pass/cycle-collection2.rs	3	4	7	0.704225352112676
src/test/compile-fail/attr-before-view-item.rs	0	2	2	0.6
src/test/compile-fail/borrowck-borrowed-uniq-rvalue.rs	14	3	17	0.5797665369649806
src/test/parse-fail/qquote-2.rs	3	4	7	0.5254237288135594
src/test/run-pass/issue-4542.rs	14	3	17	0.44285714285714284
src/test/run-pass/for-loop-panic.rs	4	3	7	0.3968253968253968
src/rt/test/rust_test_runtime.h	0	4	4	0.3333333333333333
src/libnative/io/p	0	3	3	0.8461538461538461
src/libsyntax_ext/proc_macro_registrar.rs	3	4	7	0.4222222222222222
src/rt/rust_chan.cpp	3	5	8	0.391304347826087
src/test/pretty/issue-929.rs	9	3	12	0.4846153846153846
src/test/parse-fail/doc-after-struct-field.rs	2	3	5	0.5689655172413793
src/test/compile-fail/issue-17283.rs	8	4	12	0.3865546218487395
src/test/compile-fail/deriving-field-span-tuple-struct.rs	0	2	2	0.8823529411764706
src/test/compile-fail/iface-impl-different-num-params.rs	0	6	6	0.25
src/test/incremental/inlined_hir_34991/main.rs	2	3	5	0.40816326530612246
src/test/compile-fail/region-bound-same-bounds-in-trait-and-impl.rs	4	3	7	0.38461538461538464
src/test/auxiliary/crate-attributes-using-cfg_attr.rs	4	3	7	0.5108695652173914
src/test/run-pass/let-destruct-fresh-mem.rs	10	1	11	0.7619047619047619
src/libstd/thread/mod.rs	36	5	41	0.47450248756218905
src/test/parse-fail/issue-14303-fn-def.rs	3	4	7	0.4117647058823529
src/librustc/middle/trans/common.rs	53	2	55	0.7196702002355713
src/test/run-pass-fulldeps/plugin-args-1.rs	3	3	6	0.546875
src/test/compile-fail/issue-17718-borrow-interior.rs	7	3	10	0.5267857142857143
src/libsyntax/ext/deriving/eq.rs	7	1	8	0.8142857142857143
src/librustc/middle/infer/resolve.rs	15	4	19	0.50093808630394
src/comp/metadata/encoder.rs	13	5	18	0.2897727272727273
src/test/run-pass/issue-2935.rs	17	3	20	0.5481171548117155
src/test/compile-fail/extend-non-object.rs	0	4	4	0.4
src/lib/ufindivec.rs	0	5	5	0.3333333333333333
src/test/run-pass/issue-6130.rs	6	3	9	0.4
src/test/compile-fail/concat_idents-gate.rs	5	2	7	0.575
src/test/parse-fail/doc-before-attr.rs	3	4	7	0.4117647058823529
src/libstd/sys/common/thread_local.rs	16	3	19	0.37393767705382436
src/Makefile	10	6	16	0.5157068062827225
src/test/compile-fail/issue-23302.rs	6	3	9	0.4588235294117647
src/librustc_trans/save/dump_visitor.rs	0	4	4	0.4444444444444444
src/test/run-pass/deriving-one-method.rs	0	4	4	0.42857142857142855
src/test/compile-fail/auxiliary/cdylib-dep.rs	1	4	5	0.4883720930232558
src/test/run-pass/cfg-in-crate-1.rs	5	3	8	0.4482758620689655
src/test/run-pass/static-vec-autoref.rs	2	1	3	0.9230769230769231
src/test/run-pass/class-implements-multiple-ifaces.rs	3	6	9	0.391304347826087
src/librustc_back/target/x86_64_unknown_linux_musl.rs	15	4	19	0.5384615384615384
src/test/compile-fail/match-ill-type2.rs	9	2	11	0.631578947368421
src/test/run-pass/issue-27240.rs	1	3	4	0.52
src/test/run-pass/issue-10806.rs	6	3	9	0.46788990825688076
src/test/run-pass/issue-25746-bool-transmute.rs	2	2	4	0.8055555555555556
src/test/compile-fail/macro-error.rs	4	5	9	0.42028985507246375
src/test/run-pass/range-type-infer.rs	4	3	7	0.44660194174757284
src/librustc/lint/context.rs	54	4	58	0.45997140814867765
src/rt/sync/rust_thread.cpp	8	2	10	0.7037037037037037
src/test/auxiliary/crateresolve3-2.rs	10	4	14	0.5882352941176471
src/doc/trpl/src/if.md	0	2	2	0.9
src/test/run-pass/move-3-unique.rs	16	4	20	0.4107142857142857
src/test/compile-fail/pure-loop-body.rs	4	4	8	0.39285714285714285
src/test/debug-info/generic-trait-generic-static-default-method.rs	6	1	7	0.9207920792079208
src/test/compile-fail/E0437.rs	4	3	7	0.41975308641975306
src/test/compile-fail/feature-gate-unboxed-closures-method-calls.rs	8	4	12	0.5333333333333333
src/test/compile-fail/rec-expected.rs	7	3	10	0.48
src/test/compile-fail/coherence_local_ref.rs	3	3	6	0.4
src/test/run-pass/cycle-collection.rs	9	2	11	0.7833333333333333
src/test/compile-fail/copy-a-resource.rs	22	3	25	0.6066666666666667
src/test/parse-fail/lex-bad-binary-literal.rs	5	4	9	0.3333333333333333
src/test/run-fail/rt-set-exit-status-panic2.rs	8	4	12	0.3811188811188811
src/test/compile-fail/match-byte-array-patterns.rs	3	3	6	0.6904761904761905
src/test/compile-fail/issue-21763.rs	6	4	10	0.4375
src/test/run-pass/monomorphized-callees-with-ty-params-3314.rs	15	3	18	0.5144927536231884
src/test/compile-fail/issue-27815.rs	8	4	12	0.5824175824175825
src/libcore/unsafe.rs	7	7	14	0.2916666666666667
src/test/compile-fail/cap-clause-unresolved-copy.rs	0	6	6	0.375
src/librustc_trans/base.rs	32	6	38	0.43044822256568777
src/test/compile-fail/and-init.rs	0	7	7	0.2727272727272727
src/doc/style/ownership/destructors.md	5	6	11	0.2868217054263566
src/test/compile-fail/regions-free-region-ordering-caller1.rs	2	3	5	0.8
src/test/pretty/block-comment-wchar.rs	16	3	19	0.6654135338345865
src/rt/libuv/test/test-getsockname.c	0	1	1	1.0
src/test/compile-fail/regions-bounded-by-send.rs	7	4	11	0.42011834319526625
src/etc/vim/syntax/rust.vim	59	2	61	0.6963434022257552
src/test/compile-fail/lint-unnecessary-parens.rs	12	3	15	0.5541125541125541
src/test/run-pass/block-arg-call-as.rs	13	4	17	0.3297587131367292
src/test/auxiliary/cross_crate_debuginfo_type_uniquing.rs	4	3	7	0.410958904109589
src/test/run-pass/struct-aliases-xcrate.rs	5	3	8	0.32989690721649484
src/test/run-pass/issue-4120.rs	7	2	9	0.8367346938775511
src/test/compile-fail/issue-3099-a.rs	13	3	16	0.647887323943662
src/test/run-pass/mutable-huh-variance-vec2.rs	1	5	6	0.35
src/test/compile-fail/mut-pattern-internal-mutability.rs	5	2	7	0.5538461538461539
src/test/rustdoc/where.rs	9	3	12	0.5581395348837209
src/test/run-pass/lexer-crlf-line-endings-string-literal-doc-comment.rs	10	5	15	0.48226950354609927
src/test/compile-fail/auxiliary/lint_stability_fields.rs	0	1	1	1.0
src/test/compile-fail/coherence-blanket-conflicts-with-specific-trait.rs	7	2	9	0.7878787878787878
doc/tutorial/test.md	0	2	2	0.8333333333333334
src/librustc_const_eval/int.rs	1	4	5	0.4931506849315068
src/test/compiletest/procsrv.rs	4	3	7	0.6571428571428571
src/test/run-fail/assert-macro-owned.rs	7	2	9	0.7254901960784313
src/test/compile-fail/lint-forbid-cmdline.rs	5	4	9	0.5476190476190477
src/libsyntax/json.rs	6	5	11	0.4642857142857143
src/test/run-pass/issue-17718-static-unsafe-interior.rs	8	4	12	0.36036036036036034
src/test/rustdoc/aux/variant-struct.rs	0	1	1	1.0
src/test/run-pass/lib-either.rs	0	3	3	0.5
src/liballoc/boxed_test.rs	14	4	18	0.3909952606635071
src/librustc_data_structures/control_flow_graph/iterate/mod.rs	4	4	8	0.3541666666666667
src/test/run-pass/shape_intrinsic_tag_then_rec.rs	19	3	22	0.65625
src/rt/libuv/src/win/internal.h	0	2	2	0.6666666666666666
src/test/rustdoc/issue-13698.rs	4	3	7	0.4642857142857143
src/test/parse-fail/syntax-trait-polarity.rs	5	3	8	0.36764705882352944
src/test/run-pass/deriving-cmp.rs	0	1	1	1.0
src/test/compile-fail/borrowck-borrowed-uniq-rvalue-2.rs	21	3	24	0.6345029239766082
src/libcore/int-template/i32b.rs	0	1	1	1.0
src/test/compile-fail/lint-dead-code-5.rs	4	3	7	0.61
src/test/compile-fail/invalid-crate-type.rs	4	1	5	0.9090909090909091
src/boot/util/common.ml	5	2	7	0.6153846153846154
src/test/compile-fail/bad-expr-lhs.rs	3	3	6	0.5666666666666667
src/librustc/traits/object_safety.rs	6	6	12	0.36009732360097324
src/test/run-pass/attr-main.rs	12	3	15	0.37404580152671757
src/librustc/middle/infer/region_inference/doc.rs	6	3	9	0.6339285714285714
src/test/run-pass/issue-2316.rs	0	3	3	0.3333333333333333
src/rt/libuv/test/benchmark-list.h	0	5	5	0.5
src/libstd/io/net/mod.rs	6	4	10	0.5047619047619047
src/libstd/math_f32.rs	0	3	3	0.5
src/test/compile-fail/auxiliary/define_macro.rs	0	2	2	0.8571428571428571
src/test/run-make/graphviz-flowgraph/f07.rs	6	3	9	0.5306122448979592
src/libsyntax/parse.rs	10	5	15	0.3853211009174312
src/test/run-pass/issue-10682.rs	7	4	11	0.3815789473684211
src/test/run-pass/issue-26802.rs	3	2	5	0.5576923076923077
src/test/run-make/atomic-lock-free/atomic_lock_free.rs	4	4	8	0.4819277108433735
src/doc/index.md	33	4	37	0.5548003398470688
src/test/compile-fail/macro-expanded-mod.rs	2	3	5	0.6571428571428571
src/test/run-pass/aux/trait_inheritance_overloading_xc.rs	0	1	1	1.0
src/test/run-pass/num-range-rev.rs	4	3	7	0.810126582278481
src/test/compile-fail/not-panic-safe-6.rs	4	4	8	0.697841726618705
src/rustc/middle/trans/type_use.rs	12	6	18	0.1881720430107527
src/etc/vim/after/ftplugin/rust.vim	5	1	6	0.8666666666666667
src/test/run-pass/coherence-copy-bound.rs	3	3	6	0.6538461538461539
src/test/compile-fail/coherence_inherent_cc.rs	7	2	9	0.7662337662337663
src/test/run-pass/generic-tag-box-alt.rs	0	1	1	1.0
src/test/compile-fail/E0507.rs	1	4	5	0.3269230769230769
src/rt/libuv/src/unix/cygwin.c	0	2	2	0.6
src/test/run-pass/issue-23550.rs	7	4	11	0.3023255813953488
src/rustc/middle/typeck/infer/lub.rs	3	6	9	0.20689655172413793
src/rustc/middle/ast_map.rs	2	6	8	0.28205128205128205
src/test/compile-fail/mut-pattern-mismatched.rs	16	4	20	0.34796238244514105
src/test/compile-fail/fail-type-err.rs	12	4	16	0.532608695652174
src/test/run-pass/auxiliary/issue-10028.rs	1	5	6	0.37209302325581395
src/test/compile-fail/kindck-send-object2.rs	10	3	13	0.40077821011673154
src/doc/trpl/src/patterns.md	0	2	2	0.9
src/test/compile-fail/regions-freevar.rs	13	2	15	0.5666666666666667
src/librustc_front/hir.rs	17	3	20	0.6093959731543624
src/etc/Dockerfile	7	5	12	0.5794871794871795
src/rt/libuv/src/ev/ev.pod	0	2	2	0.5
src/rt/libuv/src/unix/ev/config_cygwin.h	0	1	1	1.0
src/rustc/syntax/parse.rs	0	1	1	1.0
src/test/run-make/codegen-options-parsing/Makefile	6	3	9	0.6470588235294118
src/libserialize/ebml.rs	14	1	15	0.8759398496240601
src/test/compile-fail/union/union-derive-eq.rs	3	4	7	0.5098039215686274
src/libstd/sys/unix/helper_signal.rs	5	4	9	0.4050632911392405
src/librustc/middle/typeck/infer/test.rs	32	2	34	0.7307110438729199
src/test/compile-fail/specialization-default-projection.rs	0	1	1	1.0
src/test/auxiliary/issue-18913-2.rs	4	3	7	0.4827586206896552
src/test/run-make/link-guard/bad/lib.rs	0	2	2	0.5
src/lib/Str.rs	0	3	3	0.3333333333333333
src/test/compile-fail/rfc1214-warn-and-error.rs	4	2	6	0.7666666666666667
src/test/run-pass/asm-out-assign.rs	9	3	12	0.4238095238095238
src/librustpkg/conditions.rs	13	2	15	0.8577586206896551
src/test/compile-fail/block-must-not-have-result-while.rs	10	4	14	0.48695652173913045
src/test/run-pass/issue-2190.rs	4	3	7	0.7142857142857143
src/test/run-make/test-shard-completeness/Makefile	3	3	6	0.5116279069767442
src/test/compile-fail/resolve-conflict-type-vs-import.rs	11	2	13	0.49473684210526314
doc/Makefile	0	3	3	0.7142857142857143
src/test/run-pass/foreach-unique-drop.rs	0	3	3	0.6
src/test/run-pass-valgrind/osx-frameworks.rs	2	3	5	0.6
src/librustc/middle/dependency_format.rs	26	4	30	0.45263157894736844
src/libflate/build.rs	1	4	5	0.6153846153846154
src/test/compile-fail/iface-keyword.rs	0	1	1	1.0
src/test/compile-fail-fulldeps/rustc-macro/append-impl.rs	3	5	8	0.44715447154471544
src/rustdoc/text_pass.rs	6	6	12	0.26785714285714285
src/test/run-make/no-duplicate-libs/foo.c	3	4	7	0.4186046511627907
src/test/compile-fail/auxiliary/trait_superkinds_in_metadata.rs	1	3	4	0.38461538461538464
src/comp/fe/parser.rs	0	1	1	1.0
src/test/run-pass/tag-align-dyn-u64.rs	16	3	19	0.480225988700565
src/test/auxiliary/cci_const.rs	7	4	11	0.44285714285714284
src/test/run-pass/intrinsic-frame-address.rs	10	3	13	0.5842696629213483
src/test/run-fail/expr-alt-fail-fn.rs	4	5	9	0.5151515151515151
src/test/auxiliary/issue-21146-inc.rs	5	4	9	0.37254901960784315
src/etc/platform-intrinsics/x86/ssse3.json	6	3	9	0.6133333333333333
src/librustc/middle/ty/structural_impls.rs	11	3	14	0.6127946127946128
src/test/run-pass/const-enum-tuple2.rs	8	4	12	0.45695364238410596
src/librustdoc/markdown_writer.rs	20	3	23	0.7083333333333334
src/test/run-fail/write-guard-fail-2.rs	0	2	2	0.6
src/librustc/middle/trans/cabi_mips.rs	21	2	23	0.7674858223062382
src/test/compile-fail/variance-invariant-arg-object.rs	3	3	6	0.6551724137931034
src/test/compile-fail/privacy/restricted/feature-gate.rs	2	3	5	0.574468085106383
src/libsyntax/util/node_count.rs	6	5	11	0.45985401459854014
src/test/compile-fail/closure-bounds-cant-promote-superkind-in-struct.rs	13	3	16	0.5447154471544715
src/test/compile-fail/log-syntax-gate.rs	3	1	4	0.9090909090909091
src/test/run-pass/empty-struct-braces-gate-2.rs	4	3	7	0.3561643835616438
src/test/run-pass/fat-arrow-match.rs	6	3	9	0.6421052631578947
src/test/run-pass/static-impl.rs	28	3	31	0.552099533437014
src/test/compile-fail/sepcomp-lib-lto.rs	1	2	3	0.75
src/test/bench/shootout/binary-trees.rs	0	2	2	0.5
src/etc/libc.c	8	4	12	0.5488721804511278
src/test/run-make/compiler-lookup-paths-2/Makefile	3	3	6	0.5806451612903226
src/test/run-pass/iter-all.rs	8	5	13	0.4909090909090909
src/test/parse-fail/issue-10412.rs	8	5	13	0.48299319727891155
src/etc/htmldocck.py	10	5	15	0.39666666666666667
src/test/debug-info/c-style-enum-in-composite.rs	9	1	10	0.916030534351145
src/test/run-pass/task-spawn-move-and-copy.rs	20	4	24	0.45286506469500926
src/librustc_trans/trans/consts.rs	45	4	49	0.47567800258286697
src/test/run-pass/borrowck-preserve-box-in-field.rs	14	3	17	0.7252747252747253
src/test/auxiliary/allocator-dummy.rs	3	3	6	0.5789473684210527
src/libcore/uint-template/u16b.rs	0	1	1	1.0
src/libstd/reflect.rs	15	1	16	0.8629213483146068
src/test/run-pass/issue-19632.rs	6	3	9	0.5181818181818182
src/libstd/four.rs	0	5	5	0.3333333333333333
src/test/run-pass/dupe-first-attr.rc	13	3	16	0.48205128205128206
src/rt/libuv/test/test-delayed-accept.c	0	4	4	0.5714285714285714
src/test/run-make/manual-link/bar.c	3	3	6	0.4631578947368421
src/test/auxiliary/issue-2196-a.rs	4	2	6	0.7
src/test/compile-fail/lifetime-inference-give-expl-lifetime-param-3.rs	7	5	12	0.5297297297297298
src/librustc_trans/trans/builder.rs	23	4	27	0.3722397476340694
src/test/compile-fail/keyword-unsafe-as-identifier.rs	2	3	5	0.3275862068965517
src/test/compile-fail/staticness-mismatch.rs	11	3	14	0.5686274509803921
src/test/ui/span/regions-escape-loop-via-vec.stderr	1	3	4	0.38461538461538464
src/rt/libuv/src/unix/ev/ev_wrap.h	0	1	1	1.0
src/librustc_mir/transform/remove_dead_blocks.rs	6	4	10	0.5266272189349113
src/rustc/syntax/ext/build.rs	0	2	2	0.5
src/test/debuginfo/name-shadowing-and-scope-nesting.rs	10	3	13	0.4918032786885246
src/doc/book/ffi.md	17	4	21	0.5176470588235295
src/test/compile-fail/class-implements-int.rs	5	6	11	0.3142857142857143
src/test/run-pass/associated-types-bound.rs	6	3	9	0.5302013422818792
src/test/run-pass/plugin-args-2.rs	0	3	3	0.5555555555555556
src/librustsyntax/ext/fmt.rs	0	5	5	0.3333333333333333
src/doc/book/variable-bindings.md	11	5	16	0.4068441064638783
src/test/run-pass/format-ref-cell.rs	7	3	10	0.6420454545454546
src/test/run-pass/mlist.rs	8	3	11	0.6436781609195402
src/test/compile-fail/borrowck-preserve-cond-box.rs	3	2	5	0.782608695652174
src/boot/be/asm.ml	0	2	2	0.8571428571428571
src/test/run-make/link-guard/main.rs	0	2	2	0.5
src/test/run-pass/evec-internal-boxes.rs	12	2	14	0.7692307692307693
src/test/run-fail/issue-1459.rs	1	6	7	0.5333333333333333
src/librustc/middle/save/mod.rs	18	2	20	0.6725352112676056
src/test/compile-fail/privacy3.rs	12	5	17	0.49714285714285716
src/test/compile-fail/unboxed-closure-feature-gate.rs	7	4	11	0.36129032258064514
src/test/run-pass/associated-const-resolution-order.rs	2	5	7	0.48484848484848486
src/lib/sio.rs	0	7	7	0.25
src/test/compile-fail/refutable-pattern-errors.rs	7	2	9	0.625
src/test/run-pass/sepcomp-cci.rs	6	4	10	0.45977011494252873
src/test/compile-fail/macro-bad-delimiter-ident.rs	4	3	7	0.5
src/libstd/net_ip.rs	25	4	29	0.48656716417910445
src/rustc/middle/tstate/pre_post_conditions.rs	6	7	13	0.26506024096385544
src/test/compile-fail/selftype-traittype.rs	10	2	12	0.689873417721519
src/test/auxiliary/issue-12660-aux.rs	5	3	8	0.4358974358974359
src/test/compile-fail/linkage3.rs	10	3	13	0.5724137931034483
src/test/compile-fail/issue-26194.rs	5	3	8	0.6
src/test/run-pass/sized-owned-pointer	2	3	5	0.7142857142857143
src/test/compile-fail/unsafe-mutable-alias.rs	3	5	8	0.2727272727272727
src/test/run-pass/regions-creating-enums5.rs	11	4	15	0.46153846153846156
src/libstd/run.rs	32	1	33	0.8124191461836999
src/test/compile-fail/issue-5153.rs	11	2	13	0.8308823529411765
src/test/compile-fail/E0191.rs	3	4	7	0.4166666666666667
src/test/parse-fail/removed-syntax-fn-pure.rs	3	4	7	0.4117647058823529
src/test/compile-fail/loop-proper-liveness.rs	2	3	5	0.6428571428571429
src/librustc/middle/typeck/infer/region_inference.rs	20	3	23	0.6620689655172414
src/libpanic_unwind/dwarf/mod.rs	4	3	7	0.5192307692307693
src/test/run-pass/hrtb-precedence-of-plus.rs	14	3	17	0.3137254901960784
src/rt/arch/x86_64/record_sp.S	12	4	16	0.5172413793103449
src/test/compile-fail/issue-7044.rs	8	4	12	0.6491228070175439
src/test/compile-fail/issue-27340.rs	5	4	9	0.5066666666666667
src/test/run-pass/issue-5280.rs	10	3	13	0.7155172413793104
src/rt/libuv/src/unix/kqueue.c	0	2	2	0.6
src/test/run-pass/crateresolve5.rs	8	2	10	0.75
src/test/run-pass/issue-718.rs	0	4	4	0.2857142857142857
src/test/run-pass/extern-calling-convention-test.rs	6	3	9	0.5393258426966292
src/test/run-pass/pub-extern-privacy.rs	8	3	11	0.6042780748663101
src/test/compile-fail/box-static-bound.rs	7	2	9	0.8188976377952756
src/librustc/ty/fast_reject.rs	7	6	13	0.4258064516129032
src/test/compile-fail/issue-19660.rs	9	3	12	0.4722222222222222
src/librustc_borrowck/borrowck/mir/dataflow.rs	2	5	7	0.40606060606060607
src/test/run-pass/issue-3250.rs	6	2	8	0.6444444444444445
src/doc/book/unsafe.md	5	4	9	0.5
src/test/run-pass/minmax-stability-issue-23687.rs	4	4	8	0.5748031496062992
src/test/run-pass/box-new.rs	3	3	6	0.6363636363636364
src/test/run-pass/issue-17503.rs	6	3	9	0.625
src/test/auxiliary/issue-13560-3.rs	7	4	11	0.47058823529411764
src/rt/sync/spin_lock.cpp	0	2	2	0.6666666666666666
src/test/debuginfo/lexical-scope-in-unconditional-loop.rs	10	3	13	0.5276381909547738
doc/tutorial-conditions.md	8	1	9	0.9193548387096774
src/librustc/util/snapshot_vec.rs	9	3	12	0.4465811965811966
src/librustuv/tty.rs	2	2	4	0.7135416666666666
src/test/compile-fail/issue-17458.rs	6	3	9	0.4689655172413793
src/doc/nomicon/vec-dealloc.md	3	3	6	0.6545454545454545
src/test/compile-fail/pptypedef.rs	18	3	21	0.4405594405594406
src/librustpkg/testsuite/pass/src/fancy-lib/pkg.rs	10	1	11	0.8795180722891566
src/doc/tarpl/other-reprs.md	0	3	3	0.7073170731707317
src/test/auxiliary/xcrate-trait-lifetime-param.rs	4	3	7	0.4189189189189189
src/test/run-pass/lib-sort.rs	0	5	5	0.5384615384615384
src/libstd/rand/distributions/normal.rs	6	1	7	0.8857142857142857
src/test/run-pass/match-range.rs	8	3	11	0.5368421052631579
src/librustc_trans/closure.rs	12	6	18	0.44333333333333336
src/libfuzzer/cycles.rs	7	3	10	0.6823529411764706
src/rustc/middle/typeck/check/method.rs	9	6	15	0.18471337579617833
src/libsyntax_ext/cfg.rs	9	6	15	0.40772532188841204
src/test/run-pass/arithmetic-interference.rs	0	1	1	1.0
src/test/auxiliary/rustdoc-extern-default-method.rs	4	3	7	0.37681159420289856
src/libcore/num/strconv.rs	7	4	11	0.722972972972973
src/test/compile-fail/issue-11493.rs	7	2	9	0.6746987951807228
src/test/auxiliary/rustdoc-trait-object-impl.rs	3	3	6	0.45652173913043476
src/doc/trpl/error-handling.md	35	4	39	0.5256410256410257
src/test/compile-fail/resolve-conflict-import-vs-extern-crate.rs	9	3	12	0.6046511627906976
src/test/run-pass/simd-intrinsic-generic-elements.rs	5	5	10	0.4807692307692308
src/lib/Map.rs	0	1	1	1.0
src/test/auxiliary/issue-11680.rs	1	3	4	0.5319148936170213
src/libunwind/libunwind.rs	14	5	19	0.430939226519337
src/librustc_trans/trans/cabi_powerpc64.rs	1	4	5	0.5303030303030303
src/librustdoc/html/markdown.rs	55	3	58	0.5377532228360957
src/libstd/sync/deque.rs	8	3	11	0.7725631768953068
src/test/compile-fail/extern-main-fn.rs	4	3	7	0.4603174603174603
src/test/compile-fail/struct-path-alias-bounds.rs	2	3	5	0.6486486486486487
src/libstd/hash/mod.rs	8	1	9	0.875
src/lib/treemap.rs	0	7	7	0.3125
src/test/run-make/save-analysis/krate2.rs	0	4	4	0.8421052631578947
src/test/compile-fail/liveness-use-in-index-lvalue.rs	5	3	8	0.52
src/test/run-pass/issue-28999.rs	1	3	4	0.6304347826086957
src/rt/rust_android_dummy.cpp	8	3	11	0.7352941176470589
src/test/run-make/extern-multiple-copies2/Makefile	1	4	5	0.5675675675675675
src/test/run-pass/traits-default-method-mut.rs	9	4	13	0.48554913294797686
src/etc/platform-intrinsics/aarch64.json	6	3	9	0.6565656565656566
src/test/run-pass/argv.rs	4	8	12	0.24324324324324326
src/test/run-pass/associated-types-projection-from-known-type-in-impl.rs	4	3	7	0.3644067796610169
src/test/run-pass/builtin-superkinds-shadow-typaram.rs	0	1	1	1.0
src/libstd/posix_fs.rs	0	3	3	0.3333333333333333
src/test/run-pass/assignability-trait.rs	30	3	33	0.5190713101160862
src/lib/util.rs	5	5	10	0.3
src/test/run-pass/issue-20823.rs	9	6	15	0.3067484662576687
src/libstd/ascii.rs	50	3	53	0.5312217194570136
src/test/compile-fail/associated-types/bound-lifetime-constrained.rs	5	5	10	0.4358974358974359
src/librustc_trans/driver/mod.rs	4	4	8	0.34959349593495936
src/comp/metadata/cwriter.rs	0	2	2	0.8571428571428571
src/libextra/priority_queue.rs	21	1	22	0.8223495702005731
src/rustc/middle/liveness.rs	11	6	17	0.2549019607843137
src/test/run-pass/specialization/specialization-cross-crate-defaults.rs	3	3	6	0.5454545454545454
src/test/run-make/archive-duplicate-names/Makefile	2	4	6	0.38666666666666666
src/test/run-make/test-shard-completeness/main.rs	3	3	6	0.475
src/librustc/infer/error_reporting.rs	25	6	31	0.4199561403508772
src/rt/libuv/src/ares/README.msvc	0	4	4	0.5
src/test/compile-fail/no-hex-float-literal.rs	4	3	7	0.37254901960784315
src/test/run-pass/where-clauses-unboxed-closures.rs	12	3	15	0.41040462427745666
src/test/compile-fail/bad-tag-export-2.rs	0	5	5	0.375
src/test/auxiliary/cross_crate_spans.rs	8	4	12	0.39
src/rustc/test_shim/Cargo.lock	4	5	9	0.5
src/boot/fe/fuzz.ml	0	1	1	1.0
src/test/ui/codemap_tests/issue-11715.rs	4	4	8	0.4268292682926829
src/test/run-pass/box-of-array-of-drop-1.rs	7	4	11	0.4176470588235294
src/libextra/stats.rs	22	1	23	0.8308351177730193
src/rt/libuv/src/ares/ares_fds.c	0	4	4	0.5
src/libstd/sync/lock.rs	1	3	4	0.5230769230769231
src/libstd/old_io/net/addrinfo.rs	6	3	9	0.4177215189873418
src/test/compile-fail/E0452.rs	1	4	5	0.39655172413793105
src/test/compile-fail/dep-graph-type-alias.rs	4	3	7	0.43137254901960786
src/test/compile-fail/E0308-2.rs	2	4	6	0.47540983606557374
src/doc/trpl/benchmark-tests.md	6	4	10	0.503030303030303
src/test/run-pass/issue-27997.rs	2	2	4	0.7407407407407407
src/etc/local_stage0.sh	26	5	31	0.4989733059548255
src/librustc/hir/def.rs	9	5	14	0.4601226993865031
src/test/auxiliary/attr_plugin_test.rs	4	3	7	0.559322033898305
src/test/compile-fail/overloaded-calls-nontuple.rs	7	3	10	0.49032258064516127
src/librustdoc/doc.rs	15	3	18	0.6576576576576577
src/test/compile-fail-fulldeps/gated-quote.rs	8	5	13	0.4482758620689655
src/test/compile-fail/issue-14084.rs	12	3	15	0.5827338129496403
src/comp/front/creader.rs	3	5	8	0.40404040404040403
src/test/compile-fail/impl-not-adjacent-to-type.rs	4	3	7	0.5846153846153846
src/test/run-make/static-dylib-by-default/bar.rs	0	3	3	0.5263157894736842
src/test/compile-fail/E0164.rs	7	3	10	0.48
src/test/codegen/function-arguments.rs	4	3	7	0.6984126984126984
src/librustc_trans/trans/build.rs	17	4	21	0.48031496062992124
src/test/run-pass/class-cast-to-trait-cross-crate.rs	6	3	9	0.574468085106383
src/librustsyntax/diagnostic.rs	0	6	6	0.3076923076923077
src/etc/pkg/upgrade.iss	2	2	4	0.7954545454545454
src/etc/rust.vim	0	2	2	0.75
src/etc/pkg/welcome.rtf	1	2	3	0.7037037037037037
src/boot/me/layer.ml	0	1	1	1.0
src/test/run-pass/issue24687-embed-debuginfo/aux/issue24687_mbcs_in_comments.rs	0	1	1	1.0
src/rt/libuv/src/ares/ares_options.c	0	4	4	0.5
src/test/ui/span/regions-close-over-type-parameter-2.stderr	1	3	4	0.38461538461538464
src/test/run-pass-fulldeps/issue-18763-quote-token-tree.rs	10	5	15	0.34594594594594597
src/test/run-pass/issue-3702	0	4	4	0.8125
src/librustc/middle/typeck/rscope.rs	20	3	23	0.6821086261980831
src/bootstrap/Cargo.toml	6	6	12	0.5208333333333334
src/rustllvm/rustllvm.darwin.def	0	1	1	1.0
src/test/compile-fail/lex-bare-cr-string-literal-doc-comment.rs	3	3	6	0.3392857142857143
src/rustc/middle/block_use.rs	1	9	10	0.23076923076923078
src/test/parse-fail/keyword-fn-as-identifier.rs	6	3	9	0.5333333333333333
src/librustc/middle/ty/error.rs	9	3	12	0.6167400881057269
src/cargo/cargo.rs	18	9	27	0.20202020202020202
src/rustc/middle/borrowck/check_loans.rs	5	7	12	0.20175438596491227
src/rt/libuv/test/test-connection-fail.c	0	4	4	0.5714285714285714
src/test/run-pass/issue-28839.rs	5	4	9	0.38028169014084506
src/test/compile-fail/class-method-missing.rs	12	3	15	0.38064516129032255
src/librustc_driver/mod.rs	6	3	9	0.367816091954023
src/librustc_data_structures/unify/test.rs	3	4	7	0.5
src/test/compile-fail/const-eval-overflow-3b.rs	2	4	6	0.2962962962962963
src/librustc/middle/borrowck/move_data.rs	28	2	30	0.6826411075612353
src/test/run-pass/unique-decl-move-temp.rs	7	3	10	0.7101449275362319
src/test/run-pass/while-prelude-drop.rs	20	4	24	0.4166666666666667
src/test/run-pass/assoc-eq.rs	3	3	6	0.4861111111111111
src/test/compile-fail/tstate-ctor-unsat.rs	0	6	6	0.3333333333333333
src/test/run-pass/sepcomp-unwind.rs	13	4	17	0.42018779342723006
src/test/run-pass/issue-33770.rs	4	4	8	0.41818181818181815
src/comp/glue/glue.rs	0	2	2	0.5
src/test/compile-fail/privacy-sanity.rs	2	3	5	0.6875
src/test/debuginfo/method-on-tuple-struct.rs	15	3	18	0.4123989218328841
src/test/compile-fail/issue-26158.rs	3	3	6	0.75
src/test/compile-fail/deriving-non-type.rs	12	3	15	0.3901098901098901
src/test/run-pass/class-cast-to-trait-multiple-types.rs	17	3	20	0.6548463356973995
src/comp/syntax/visit.rs	11	7	18	0.34814814814814815
src/test/run-make/dep-info-custom/lib.rs	5	3	8	0.6309523809523809
src/test/compile-fail/issue-15167.rs	11	3	14	0.5891089108910891
src/test/auxiliary/issue-13872-2.rs	8	4	12	0.47058823529411764
src/test/compile-fail/lifetime-elision-return-type-requires-explicit-lifetime.rs	12	4	16	0.5546218487394958
src/test/compile-fail/E0268.rs	2	3	5	0.3867924528301887
src/doc/style/features/traits/objects.md	4	6	10	0.33587786259541985
src/libstd/task/rt.rs	5	2	7	0.8214285714285714
src/test/run-pass/typeck-macro-interaction-issue-8852.rs	12	4	16	0.4797297297297297
src/test/run-pass/aux/cci_class_trait.rs	0	1	1	1.0
src/test/compile-fail/empty-struct-braces-gate-2.rs	3	3	6	0.6435643564356436
src/test/run-fail/overflowing-simd-lsh-3.rs	4	2	6	0.8448275862068966
src/doc/trpl/src/method-syntax.md	0	2	2	0.9
src/test/compile-fail/regions-iface-2.rs	0	7	7	0.2857142857142857
src/test/run-fail/too-much-recursion.rs	1	6	7	0.5882352941176471
src/test/parse-fail/keyword-while-as-identifier.rs	6	3	9	0.5333333333333333
src/test/compile-fail/liveness-break-uninit-2.rs	8	2	10	0.7671232876712328
src/test/parse-fail/use-mod-4.rs	6	4	10	0.4897959183673469
src/libstd/math_f64.rs	0	3	3	0.4
src/test/compile-fail/E0001.rs	0	5	5	0.46938775510204084
src/libstd/sync/barrier.rs	22	3	25	0.33617021276595743
src/test/run-pass/borrowck/borrowck-mut-vec-as-imm-slice.rs	2	4	6	0.40476190476190477
src/doc/trpl/src/strings.md	0	2	2	0.9
src/librustc_borrowck/borrowck/move_data.rs	30	4	34	0.43717728055077454
src/doc/style/features/let.md	7	6	13	0.42934782608695654
src/test/compile-fail/issue-2817.rs	9	1	10	0.8088235294117647
src/test/compile-fail/borrowck-imm-ref-to-mut-rec-field-issue-3162-c.rs	10	4	14	0.5785123966942148
src/libregex/unicode.rs	2	1	3	0.9047619047619048
src/rt/rust_comm.cpp	0	3	3	0.4
src/test/run-pass/moves-based-on-type-cross-crate.rs	7	4	11	0.3835616438356164
src/test/compile-fail/cycle-trait-type-trait.rs	0	1	1	1.0
src/test/debug-info/method-on-enum.rs	11	1	12	0.9137931034482759
src/test/run-pass/simple-match-generic-tag.rs	5	4	9	0.4318181818181818
src/comp/middle/ty.rs	19	5	24	0.24848484848484848
src/libextra/par.rs	9	2	11	0.7823529411764706
src/test/run-pass/mir_heavy_promoted.rs	1	5	6	0.32558139534883723
src/test/run-make/reproducible-build/reproducible-build.rs	2	4	6	0.3877551020408163
src/test/run-pass/issue-25549-multiple-drop.rs	2	2	4	0.8529411764705882
src/rustdoc/attr_pass.rs	14	4	18	0.4906832298136646
src/test/compile-fail/E0081.rs	2	5	7	0.3492063492063492
src/libcore/i8.rs	0	5	5	0.5833333333333334
src/comp/fe/token.rs	0	2	2	0.9285714285714286
src/librustc/middle/typeck/coherence.rs	43	1	44	0.7617306520414382
src/test/compile-fail/unsafe-trait-impl.rs	11	4	15	0.5405405405405406
src/test/run-pass/rt-start-main-thread.rs	2	2	4	0.8909090909090909
src/comp/back/rpath.rs	5	6	11	0.37037037037037035
src/test/run-pass/deprecated-macro_escape.rs	6	3	9	0.32558139534883723
src/rt/rust_uvtmp.cpp	0	6	6	0.3333333333333333
src/test/compile-fail/allocator-depends-on-needs-allocators.rs	0	3	3	0.8823529411764706
src/etc/platform-intrinsics/x86/sse3.json	6	3	9	0.6632653061224489
src/librustc_passes/hir_stats.rs	0	3	3	0.6
src/test/run-pass/fn-bare-size.rs	9	4	13	0.38650306748466257
src/rustc/syntax/ext/fmt.rs	0	2	2	0.6666666666666666
src/lib/term.rs	6	4	10	0.4074074074074074
src/tools/tidy/src/main.rs	8	3	11	0.5398773006134969
src/librustpkg/testsuite/pass/src/external-crate/main.rs	0	5	5	0.7777777777777778
src/test/run-pass/import-rename.rs	2	3	5	0.627906976744186
src/test/run-pass/issue-20427.rs	6	3	9	0.2978723404255319
src/libsyntax/ext/deriving/cmp/eq.rs	29	3	32	0.5914351851851852
src/test/run-make/msvc-data-only/foo.rs	0	1	1	1.0
src/rt/libuv/src/ares/inet_net_pton.h	0	4	4	0.5
src/comp/syntax/ext/build.rs	0	6	6	0.2857142857142857
src/test/auxiliary/xcrate-static.rs	3	2	5	0.5306122448979592
src/test/compile-fail/borrowck-or-init.rs	4	4	8	0.6206896551724138
src/test/compile-fail/malformed-plugin-3.rs	4	2	6	0.5
src/test/run-fail/unwind-stacked.rs	8	2	10	0.8222222222222222
src/test/compile-fail/linkage1.rs	3	3	6	0.40860215053763443
src/libstd/io_util.rs	4	3	7	0.7391304347826086
src/libcollections/tree/map.rs	7	4	11	0.38990825688073394
src/test/bench/shootout-regex-dna.rs	16	3	19	0.5717948717948718
src/test/debug-info/vec-slices.rs	12	1	13	0.9125
src/doc/trpl/crates-and-modules.md	24	4	28	0.3860845839017735
src/rt/libuv/AUTHORS	0	5	5	0.5
src/test/compile-fail/issue-3521.rs	19	4	23	0.5392156862745098
src/test/compile-fail/E0529.rs	3	3	6	0.4142857142857143
src/rustc/middle/typeck/infer/lattice.rs	2	6	8	0.23076923076923078
src/test/run-pass/alt-type-simple.rs	5	4	9	0.3448275862068966
src/test/run-pass/alt-with-ret-arm.rs	7	4	11	0.6
src/test/auxiliary/coherence_lib.rs	3	3	6	0.373134328358209
src/test/run-pass/issue-3037.rs	7	3	10	0.47191011235955055
src/rt/jemalloc/src/mutex.c	0	5	5	0.7777777777777778
src/test/rustdoc/issue-27862.rs	1	2	3	0.72
src/test/run-pass/import-in-block.rs	19	3	22	0.457286432160804
src/test/run-pass/auto_serialize_link.rs	0	1	1	1.0
src/test/compile-fail/regions-outlives-scalar.rs	0	3	3	0.8125
src/test/compile-fail/issue-2354-1.rs	4	3	7	0.578125
src/test/compile-fail/trait-bounds-not-on-struct.rs	7	3	10	0.6046511627906976
src/test/run-pass/foreach-external-iterators.rs	12	3	15	0.4703703703703704
src/test/run-pass/issue-3895.rs	11	4	15	0.47058823529411764
src/test/compile-fail/issue-21221-4.rs	6	4	10	0.6183206106870229
src/test/run-pass-fulldeps/macro-quote-cond.rs	3	3	6	0.5645161290322581
src/doc/book/conditional-compilation.md	2	4	6	0.625
src/test/run-pass/aux/issue-25185-2.rs	0	1	1	1.0
src/test/compile-fail/parser-recovery-1.rs	3	3	6	0.671875
src/test/compile-fail/liveness-move-from-mode.rs	5	5	10	0.20689655172413793
src/test/run-pass/process-sigpipe.rs	4	3	7	0.6493506493506493
src/rustc/middle/check_alt.rs	8	7	15	0.24742268041237114
src/test/debug-info/simple-lexical-scope.rs	7	1	8	0.9157894736842105
src/test/compile-fail/union/union-const-eval.rs	1	4	5	0.48717948717948717
src/librustc_llvm/lib.rs	60	4	64	0.4588500563697858
src/librustpkg/testsuite/pass/src/deeply/nested/path/foo/main.rs	0	2	2	0.8333333333333334
src/doc/style/errors/signaling.md	6	6	12	0.3505747126436782
src/librustc_borrowck/borrowck/gather_loans/restrictions.rs	17	5	22	0.4898989898989899
src/test/run-pass/issue-10638.rs	6	3	9	0.4625
src/test/run-pass/export-non-interference2.rs	10	3	13	0.5897435897435898
src/rt/test/rust_test_util.h	0	5	5	0.3333333333333333
src/test/parse-fail/qquote-1.rs	3	4	7	0.5254237288135594
src/test/run-make/llvm-pass/llvm-module-pass.so.cc	0	4	4	0.7368421052631579
src/test/run-pass/let-var-hygiene.rs	9	3	12	0.48223350253807107
mk/cfg/wasm32-unknown-emscripten.mk	3	4	7	0.4888888888888889
src/test/run-make/llvm-pass/llvm-function-pass.so.cc	2	3	5	0.7428571428571429
src/test/compile-fail/fail-expr.rs	10	2	12	0.7313432835820896
src/libsyntax_ext/env.rs	7	7	14	0.38461538461538464
src/test/compile-fail/regions-in-rsrcs.rs	5	6	11	0.2558139534883721
src/rt/rust_proxy.h	0	4	4	0.5
src/test/compile-fail/duplicate-visibility.rs	8	3	11	0.34146341463414637
src/rt/libuv/src/unix/tty.c	0	2	2	0.6666666666666666
src/librustc_const_eval/diagnostics.rs	10	5	15	0.4662756598240469
src/libcore/num/int-template/i8.rs	1	4	5	0.7333333333333333
src/librustc/middle/typeck/infer/assignment.rs	2	5	7	0.2682926829268293
src/test/run-pass/obj-dtor.rs	0	7	7	0.5
src/test/run-pass/deriving-in-fn.rs	6	3	9	0.48091603053435117
src/test/run-pass/aux/namespaced_enum_emulate_flat.rs	0	1	1	1.0
src/test/run-pass/associated-types-nested-projections.rs	6	3	9	0.344
src/test/compile-fail/issue-17959.rs	5	3	8	0.47191011235955055
src/test/run-pass/unique-pat.rs	9	3	12	0.4225352112676056
src/rt/jemalloc/doc/manpages.xsl.in	0	5	5	0.7777777777777778
src/librustc_borrowck/borrowck/mir/abs_domain.rs	4	8	12	0.4383561643835616
src/lib/f64.rs	0	1	1	1.0
src/test/run-pass/if-check.rs	15	3	18	0.37916666666666665
mk/libuv/ia32/win/src/libuv/uv.target.mk.bak	0	3	3	0.3333333333333333
src/test/auxiliary/lint_for_crate.rs	8	4	12	0.39194139194139194
src/test/run-pass/match-with-ret-arm.rs	8	3	11	0.46808510638297873
src/test/ui/span/mut-ptr-cant-outlive-ref.stderr	1	3	4	0.38461538461538464
src/test/compile-fail/issue-22933-2.rs	7	3	10	0.5822784810126582
src/test/run-pass/issue2378c.rs	10	1	11	0.7752808988764045
src/libstd/thunk.rs	10	3	13	0.4246031746031746
src/doc/po4a.conf	4	5	9	0.39274924471299094
src/test/compile-fail/E0223.rs	4	4	8	0.3302752293577982
src/test/run-make/compiler-lookup-paths-2/c.rs	1	3	4	0.5652173913043478
src/test/compile-fail/parse-error-correct.rs	3	3	6	0.5571428571428572
src/bootstrap/bin/main.rs	0	1	1	1.0
src/test/run-pass/inherent-trait-method-order.rs	6	3	9	0.39634146341463417
src/linenoise	0	1	1	1.0
src/libsyntax_ext/deriving/generic/ty.rs	11	5	16	0.441340782122905
src/test/compile-fail/E0017.rs	4	5	9	0.3352272727272727
src/test/run-make/extern-fn-struct-passing-abi/Makefile	1	3	4	0.631578947368421
src/test/ui/span/issue-36530.rs	4	4	8	0.4666666666666667
mk/cfg/le32-unknown-nacl.mk	4	2	6	0.6756756756756757
mk/libuv/x86_64/mac/src/rt/libuv/uv.target.mk	0	3	3	0.6
src/libcore/float.rs	21	6	27	0.21965317919075145
src/test/run-fail/write-guard-fail.rs	0	2	2	0.6
src/lib/IO.rs	0	2	2	0.5
src/test/compile-fail/issue-27033.rs	6	6	12	0.49748743718592964
src/test/run-pass/module-polymorphism3-files/float-template/inst_f32.rs	3	4	7	0.35
src/librustc/middle/ty/outlives.rs	7	3	10	0.6303030303030303
src/test/compile-fail/import-from-path.rs	7	5	12	0.3584905660377358
src/test/run-pass/associated-types-return.rs	10	3	13	0.37373737373737376
src/test/run-pass/unconstrained-region.rs	5	2	7	0.7391304347826086
src/test/compile-fail/E0281.rs	1	3	4	0.5094339622641509
src/test/run-pass/pipe-sleep.rs	15	3	18	0.6415094339622641
src/test/run-pass/aux/extern-crosscrate-source.rs	0	1	1	1.0
doc/extract-tests.js	0	2	2	0.5
src/librustc/hir/check_attr.rs	7	5	12	0.39779005524861877
src/rt/jemalloc/doc/stylesheet.xsl	0	5	5	0.7777777777777778
src/test/run-make/c-dynamic-rlib/Makefile	3	1	4	0.8888888888888888
src/etc/gen-astencode	0	4	4	0.6666666666666666
src/test/run-pass/mod-merge-hack.rs	5	3	8	0.6
src/test/auxiliary/issue-13620-2.rs	5	4	9	0.5104895104895105
src/test/compile-fail/borrowck-lend-args.rs	4	6	10	0.3333333333333333
src/test/compile-fail/issue-2123.rs	7	2	9	0.7547169811320755
src/test/run-pass/issue-29092.rs	2	3	5	0.45652173913043476
src/test/run-pass/raw-str.rs	8	3	11	0.6535433070866141
src/test/codegen-units/item-collection/non-generic-functions.rs	0	4	4	0.5
src/comp/lib/llvm.rs	14	5	19	0.2484472049689441
src/test/run-pass/issue-28934.rs	0	1	1	1.0
src/test/stdtest/int.rs	0	9	9	0.4444444444444444
src/test/compile-fail/issue-13853-4.rs	5	3	8	0.5909090909090909
src/test/codegen-units/cross-crate-generic-functions.rs	2	3	5	0.4793388429752066
src/test/compile-fail/borrowck/borrowck-report-with-custom-diagnostic.rs	3	4	7	0.4883720930232558
src/test/pretty/empty-impl.rs	7	3	10	0.4689655172413793
src/test/compile-fail/struct-path-self.rs	2	4	6	0.5686274509803921
src/test/compile-fail/dropck_vec_cycle_checked.rs	10	4	14	0.44081632653061226
src/rt/jemalloc/include/jemalloc/internal/util.h	3	2	5	0.8
src/test/compile-fail/ufcs-qpath-missing-params.rs	7	3	10	0.391025641025641
src/test/compile-fail/hr-subtype.rs	3	4	7	0.4791666666666667
src/test/incremental/remove-private-item-cross-crate/main.rs	3	4	7	0.47058823529411764
src/test/run-make/symlinked-rlib/Makefile	2	3	5	0.5192307692307693
src/rt/libuv/src/win/pipe.c	0	2	2	0.6666666666666666
src/libcore/rt/env.rs	1	3	4	0.7818181818181819
src/boot/me/transutil.ml	0	1	1	1.0
src/test/run-pass/pattern-bound-var-in-for-each.rs	16	4	20	0.3821138211382114
src/test/compile-fail/default_ty_param_conflict_cross_crate.rs	5	3	8	0.5957446808510638
src/rt/libuv/test/test-tcp-close.c	0	2	2	0.8
src/test/compile-fail/fn-bare-generic-instantiate1.rs	0	2	2	0.6666666666666666
src/test/compile-fail/lint-qualification.rs	9	3	12	0.64
src/libnative/task.rs	15	2	17	0.8023850085178875
src/test/compile-fail/issue-24322.rs	0	5	5	0.6842105263157895
src/librustc_data_structures/control_flow_graph/dominators/mod.rs	7	4	11	0.4318181818181818
src/test/run-pass/str-lib.rs	0	3	3	0.5
src/doc/trpl/src/installing-rust.md	0	2	2	0.9
src/librustc/lib/llvmdeps.rs	0	2	2	0.9130434782608695
src/test/rustdoc/aux/empty.rs	0	1	1	1.0
src/test/run-pass/cleanup-rvalue-for-scope.rs	7	2	9	0.6808510638297872
src/librustc/lint/builtin.rs	64	3	67	0.42334869431643624
src/test/run-pass/dead-code-one-arm-if.rs	9	2	11	0.7325581395348837
src/test/parse-fail/issue-33569.rs	2	4	6	0.4827586206896552
src/test/compile-fail/issue-14303-impl.rs	4	3	7	0.5423728813559322
mk/libuv/ia32/win/src/libuv/uv.Makefile	0	5	5	0.5833333333333334
src/rustc/middle/trans/macros.rs	0	3	3	0.3333333333333333
src/librustc_back/target/powerpc64le_unknown_linux_gnu.rs	9	5	14	0.5793357933579336
src/libstd/collections/hash/table.rs	42	3	45	0.38972286374133946
mk/cfg/x86_64-unknown-fuchsia.mk	3	3	6	0.6341463414634146
src/test/compile-fail/privacy-in-paths.rs	2	3	5	0.696969696969697
src/test/compile-fail/mod-name-non-str.rc	0	2	2	0.5
src/test/compile-fail/rfc1592-deprecated.rs	3	4	7	0.4444444444444444
src/test/compile-fail/issue-2611-5.rs	10	2	12	0.5953757225433526
src/test/compile-fail/borrowck-borrow-of-mut-base-ptr.rs	2	2	4	0.8823529411764706
src/test/auxiliary/impl_privacy_xc_1.rs	11	4	15	0.46987951807228917
src/test/debuginfo/evec-in-struct.rs	11	3	14	0.43523316062176165
src/test/bench/msgsend-ring-contracts.rs	0	1	1	1.0
races.md	0	1	1	1.0
src/etc/test-float-parse/u64-pow2.rs	3	2	5	0.8653846153846154
mk/grammar.mk	10	3	13	0.5550847457627118
src/test/codegen-units/item-collection/cross-crate-trait-method.rs	3	4	7	0.47058823529411764
src/librustc_trans/mir/rvalue.rs	20	6	26	0.4375838926174497
src/test/compile-fail/borrowck/borrowck-move-out-of-vec-tail.rs	9	5	14	0.5388888888888889
src/rt/libuv/src/ares/CHANGES	0	4	4	0.5
src/test/auxiliary/issue-7899.rs	4	3	7	0.4634146341463415
src/rt/libuv/include/uv-private/tree.h	0	1	1	1.0
src/test/run-pass/for-loop-macro.rs	0	3	3	0.8461538461538461
src/rt/libuv/src/ev/LICENSE	0	2	2	0.5
src/test/compile-fail/borrowck-imm-ref-to-mut-rec-field-issue-3162.rs	0	8	8	0.5333333333333333
src/test/run-pass/slice-fail-1.rs	4	2	6	0.6578947368421053
src/test/rustdoc/issue-35169.rs	3	3	6	0.717948717948718
src/test/run-pass/regions-link-fn-args.rs	6	3	9	0.6510067114093959
src/test/compile-fail/object-safety-phantom-fn.rs	3	3	6	0.5471698113207547
man/rusti.1	1	2	3	0.8695652173913043
src/test/compile-fail/unused-attr.rs	11	5	16	0.4015748031496063
src/test/run-pass/const-autoderef-newtype.rs	5	1	6	0.8409090909090909
src/boot/me/walk.ml	5	2	7	0.7878787878787878
src/test/run-pass/issue-22864-1.rs	2	3	5	0.7692307692307693
src/test/run-pass-fulldeps/rustc-macro/add-impl.rs	4	4	8	0.5694444444444444
src/test/bench/99-bottles/r.sh	0	3	3	0.3333333333333333
src/librustc/middle/traits/coherence.rs	25	4	29	0.4703757225433526
src/libstd/sys/unix/os.rs	47	4	51	0.41043652784746615
src/librustpkg/testsuite/pass/src/fancy-lib/src/bar.rs	0	3	3	0.8333333333333334
src/test/compile-fail/attr-bad-crate-attr.rc	3	4	7	0.4375
src/librustc_save_analysis/span_utils.rs	12	5	17	0.42063492063492064
src/boot/README	0	1	1	1.0
src/test/run-pass/issue-20174.rs	3	3	6	0.5777777777777777
src/rt/intrinsics/intrinsics.x86_64.ll.in	2	3	5	0.5454545454545454
src/lib/BitV.rs	0	1	1	1.0
src/test/compile-fail/borrowck-move-in-irrefut-pat.rs	10	2	12	0.6551724137931034
src/test/compile-fail/issue-19109.rs	4	3	7	0.4854368932038835
src/test/run-make/dep-info-custom/Makefile	4	3	7	0.5753424657534246
src/test/auxiliary/cci_class.rs	12	4	16	0.34057971014492755
src/test/compile-fail/required-lang-item.rs	7	3	10	0.5869565217391305
src/test/compile-fail/use-after-move-based-on-type.rs	12	1	13	0.7375
src/libstd/sys/common/thread_info.rs	12	4	16	0.41901408450704225
src/test/compile-fail-fulldeps/dropck_tarena_unsound_drop.rs	2	4	6	0.5853658536585366
src/test/compile-fail/trait-keyword.rs	7	3	10	0.40425531914893614
src/test/compile-fail/regions-bounded-method-type-parameters.rs	5	4	9	0.3220338983050847
src/test/run-pass-fulldeps/plugin-args-4.rs	2	3	5	0.546875
mk/libuv/x86_64/win/Makefile	0	7	7	0.4666666666666667
src/rt/libuv/test/benchmark-spawn.c	0	2	2	0.8
src/librustsyntax/parse/comments.rs	0	6	6	0.4
src/rt/rust_uv.cpp	18	3	21	0.6169154228855721
src/doc/style/features/traits/overloading.md	4	6	10	0.2111111111111111
src/test/run-pass/trait-object-exclusion.rs	3	4	7	0.4186046511627907
src/test/bench/rt/msgsend-pipes-shared.rs	0	2	2	0.8888888888888888
src/test/run-pass/crate-attributes-using-cfg_attr.rs	2	2	4	0.8148148148148148
src/test/compile-fail/bad-char-literals3.rs	4	1	5	0.9024390243902439
src/rt/libuv/src/ev/ev_win32.c	0	2	2	0.5
src/test/compile-fail/binop-add-tup-assign.rs	0	8	8	0.3333333333333333
src/test/run-pass/where-clauses-lifetimes.rs	6	3	9	0.42105263157894735
src/test/run-pass/thread-local-extern-static.rs	1	4	5	0.5
src/librustuv/macros.rs	5	2	7	0.8481012658227848
src/test/run-pass/slice-2.rs	11	3	14	0.4194373401534527
src/librustc_typeck/check/mod.rs	111	4	115	0.4207806095170201
src/librust/rust.rc	15	2	17	0.7764227642276422
src/test/run-pass/dst-struct-sole.rs	9	3	12	0.39882697947214074
src/libstd/collections/hashmap/bench.rs	2	2	4	0.4782608695652174
src/libcoretest/result.rs	21	3	24	0.4151291512915129
src/rt/libuv/src/unix/ev/config_darwin.h	0	1	1	1.0
src/test/run-pass/task-comm-9.rs	35	4	39	0.5181818181818182
src/test/run-pass/issue-17746.rs	3	3	6	0.34782608695652173
src/test/parse-fail/issue-8537.rs	5	3	8	0.45121951219512196
src/test/compile-fail/issue-4321.rs	0	3	3	0.75
src/test/compile-fail/issue-36881.rs	4	3	7	0.575
src/test/compile-fail/regions-infer-covariance-due-to-arg.rs	6	3	9	0.7435897435897436
src/test/compile-fail/issue-22426-3.rs	2	2	4	0.651685393258427
src/test/run-pass/hrtb-trait-object-passed-to-closure.rs	6	3	9	0.5859375
src/test/stdtest/four.rs	0	4	4	0.5
src/test/compile-fail/issue-16058.rs	7	3	10	0.6521739130434783
src/etc/test-float-parse/few-ones.rs	3	2	5	0.8478260869565217
src/test/run-pass/simple-qsort.rs	0	5	5	0.3333333333333333
src/lib/ioivec.rs	0	6	6	0.26666666666666666
src/librustc/util/sha2.rs	15	1	16	0.893491124260355
src/test/run-pass/issue34796.rs	4	3	7	0.5897435897435898
src/test/run-pass/issue-21634.rs	5	3	8	0.3984375
src/test/codegen/small-dense-int-switch.cc	3	2	5	0.7457627118644068
src/test/compile-fail/enable-orbit-for-incr-comp.rs	3	5	8	0.3888888888888889
src/test/auxiliary/svh-b.rs	5	3	8	0.5463917525773195
src/test/compile-fail/issue-2825.rs	0	3	3	0.5
src/test/debuginfo/basic-types-globals-metadata.rs	13	3	16	0.37777777777777777
src/test/codegen-units/trait-method-as-argument.rs	2	3	5	0.4793388429752066
src/test/run-pass/issue-23649-2.rs	2	3	5	0.6744186046511628
src/test/debuginfo/c-style-enum.rs	18	3	21	0.4731182795698925
src/test/run-pass/unique-fn-ret.rs	9	3	12	0.41139240506329117
src/rustllvm/Object.cpp	0	2	2	0.5
src/rt/libuv/uv-common.c	0	2	2	0.5
src/test/compile-fail/issue-2487-b.rs	4	4	8	0.6206896551724138
src/test/run-pass/union/union-c-interop.rs	3	4	7	0.5176470588235295
src/libstd/sys_common/memchr.rs	0	2	2	0.5
src/librustc_trans/machine.rs	4	4	8	0.36507936507936506
vec.md	0	3	3	0.7333333333333333
src/test/compile-fail/coherence-impls-copy.rs	7	5	12	0.4050632911392405
src/libcore/num/dec2flt/algorithm.rs	6	4	10	0.556910569105691
src/test/stdtest/box.rs	0	6	6	0.16666666666666666
src/test/compile-fail/E0401.rs	1	3	4	0.5483870967741935
src/test/run-pass/chan-leak.rs	7	4	11	0.4186046511627907
src/test/compile-fail/E0443.rs	1	4	5	0.39655172413793105
src/libbacktrace/btest.c	10	4	14	0.6431718061674009
src/test/compile-fail/macro-reexport-undef.rs	7	3	10	0.5
src/test/run-pass/while-let.rs	10	3	13	0.4065573770491803
src/libnative/io/timer_timerfd.rs	6	2	8	0.8698224852071006
src/librustrt/thunk.rs	2	3	5	0.4868421052631579
src/test/compile-fail/trait-objects.rs	2	2	4	0.5614035087719298
src/test/run-pass/unique-decl-init-copy.rs	13	3	16	0.460093896713615
src/test/compile-fail/unboxed-closures-wrong-abi.rs	14	4	18	0.36860068259385664
src/librustc_back/target/apple_ios_base.rs	17	3	20	0.41685144124168516
src/test/compile-fail/empty-struct-unit-pat-1.rs	4	4	8	0.410958904109589
src/rustdoc_ng/doctree.rs	1	2	3	0.84
src/test/run-pass/morestack4.rs	5	3	8	0.625
src/test/compile-fail/E0267.rs	2	3	5	0.3867924528301887
doc/tutorial/generic.md	0	2	2	0.875
src/test/compile-fail/cast-to-bare-fn.rs	8	2	10	0.7976190476190477
src/rt/rust_abi.cpp	6	4	10	0.5777777777777777
src/test/compile-fail/cap-clause-double-move.rs	0	8	8	0.23529411764705882
src/test/run-pass/alt-ref-binding.rs	3	6	9	0.6216216216216216
mk/libuv/ia32/unix/src/libuv/uv.Makefile	0	2	2	0.5
src/test/compile-fail/issue-18118.rs	8	3	11	0.40594059405940597
src/test/compile-fail/rfc1623.rs.bk	2	4	6	0.5223880597014925
src/test/run-pass/issue_3882.rs	4	4	8	0.5135135135135135
src/libcollections/bitv.rs	30	2	32	0.7529411764705882
src/test/compile-fail/expanded-cfg.rs	3	3	6	0.5348837209302325
src/test/compile-fail/lint-type-limits3.rs	2	3	5	0.75
doc/tutorial.md	97	2	99	0.5825072886297377
src/test/run-pass/format-nan.rs	5	3	8	0.36538461538461536
src/test/run-pass/traits.rs	8	3	11	0.5652173913043478
src/test/compile-fail/tstate-break-uninit-2.rs	0	6	6	0.3333333333333333
src/test/compile-fail/mod_file_with_path_attr.rs	8	4	12	0.49230769230769234
src/test/run-pass/issue-21400.rs	7	5	12	0.3358208955223881
src/test/run-pass-fulldeps/rustc-macro/append-impl.rs	1	5	6	0.5384615384615384
src/rt/libuv/src/unix/uv-eio.c	0	1	1	1.0
src/rt/arch/mips/_context.S	5	2	7	0.734375
doc/tutorial/lib/codemirror-rust.js	0	1	1	1.0
src/test/compile-fail/E0232.rs	4	4	8	0.29906542056074764
src/test/bench/99bob-tail.rs	0	7	7	0.4117647058823529
src/rt/libuv/src/ev/event.h	0	2	2	0.5
src/test/compile-fail/crate-name-mismatch.rs	1	2	3	0.8461538461538461
src/test/run-pass/issue-17458.rs	1	2	3	0.55
src/libstd/thread_local/scoped.rs	14	4	18	0.4155339805825243
src/test/compile-fail/match-range-fail-2.rs	2	3	5	0.4716981132075472
src/rt/rust_cc.cpp	5	6	11	0.27692307692307694
src/test/run-pass/borrowck-uniq-via-ref.rs	7	3	10	0.4965986394557823
src/test/codegen-units/generic-functions.rs	1	3	4	0.5925925925925926
src/librustc_incremental/persist/hash.rs	8	5	13	0.43103448275862066
src/test/run-pass/lib-option.rs	0	4	4	0.4
src/lib/str.rs	12	3	15	0.4578313253012048
src/libstd/unstable/mutex.rs	12	2	14	0.875
src/libsyntax/ext/deriving/zero.rs	15	3	18	0.7706013363028953
src/test/compile-fail/regions-escape-via-trait-or-not.rs	14	2	16	0.5892857142857143
src/libextra/rl.rs	10	2	12	0.8
src/test/compile-fail/mod_file_disambig_aux.rs	0	4	4	0.7857142857142857
src/test/rustdoc/issue-23207.rs	4	3	7	0.4642857142857143
src/test/compile-fail/augmented-assignments-feature-gate-cross.rs	4	3	7	0.7280701754385965
src/rt/rust_kernel.cpp	25	3	28	0.3188976377952756
src/test/run-pass/issue-22258.rs	2	2	4	0.65
src/libstd/rt/io/net/unix.rs	1	2	3	0.8470588235294118
src/test/debug-info/issue13213.rs	2	1	3	0.9375
mk/libuv/x86_64/unix/src/libuv/uv.target.mk	0	4	4	0.25
src/test/compile-fail/variant-used-as-type.rs	1	4	5	0.4583333333333333
src/test/compile-fail/inherit-struct8.rs	3	2	5	0.8450704225352113
src/libsyntax_ext/deriving/decodable.rs	13	5	18	0.4551083591331269
src/test/run-pass/integer-literal-radix.rs	5	3	8	0.3360655737704918
src/librustc/front/intrinsic_inject.rs	8	5	13	0.35064935064935066
src/test/compile-fail/borrowck-mut-borrow-linear-errors.rs	3	3	6	0.5970149253731343
src/test/compile-fail/issue-30236.rs	0	3	3	0.8181818181818182
src/test/compile-fail/missing-stability.rs	6	4	10	0.6116504854368932
src/test/compile-fail/static-assert2.rs	10	3	13	0.6203208556149733
src/test/run-pass/box-inside-if.rs	10	3	13	0.7196969696969697
src/test/parse-fail/better-expected.rs	5	3	8	0.609375
src/test/compile-fail/occurs-check.rs	12	4	16	0.5904255319148937
src/test/run-make/mixing-deps/Makefile	1	2	3	0.6285714285714286
src/test/compile-fail/issue-5500.rs	9	6	15	0.4470588235294118
src/test/run-pass/polymorphic-iter.rs	0	3	3	0.3333333333333333
src/test/compile-fail/kindck-proc-bounds.rs	2	3	5	0.4146341463414634
src/boot/llvm/lltrans.ml	4	2	6	0.65625
src/libstd/rt/local_heap.rs	18	1	19	0.8490990990990991
src/test/compile-fail/issue-11515.rs	7	4	11	0.42138364779874216
src/test/compile-fail/attr-before-view-item2.rs	0	2	2	0.6
src/liballoc_system/Cargo.toml	2	3	5	0.631578947368421
src/libstd/sys/windows/process.rs	16	4	20	0.3852520692249812
src/rt/libuv/ev/ev_kqueue.c	0	2	2	0.5
src/test/run-pass/empty-struct-braces-derive.rs	2	3	5	0.6263736263736264
src/test/run-pass/issue-32324.rs	3	3	6	0.4090909090909091
src/rt/libuv/src/win/tcp.c	0	2	2	0.6666666666666666
mk/libuv/ia32/mac/src/rt/libuv/uv.Makefile	0	1	1	1.0
src/test/run-pass/issue-36381.rs	4	3	7	0.5365853658536586
src/librustc_trans/abi.rs	18	5	23	0.49015317286652077
src/test/run-fail/rhs-type.rs	19	3	22	0.6108597285067874
src/test/debug-info/generic-method-on-generic-struct.rs	9	1	10	0.9142857142857143
src/librustc/middle/typeck/check/regionck.rs	46	2	48	0.7058531746031746
src/test/run-fail/unwind-tup.rs	11	2	13	0.7902097902097902
src/test/run-pass/issue-19127.rs	9	4	13	0.44
src/test/ui/span/pub-struct-field.stderr	2	3	5	0.391304347826087
src/test/auxiliary/mir_external_refs.rs	3	3	6	0.41935483870967744
src/test/auxiliary/crateresolve4b-1.rs	12	3	15	0.6388888888888888
src/test/ui/codemap_tests/two_files_data.rs	4	4	8	0.4268292682926829
src/librustdoc/html/static/LICENSE-APACHE.txt	1	2	3	0.7777777777777778
src/test/run-pass/infer-fn-tail-expr.rs	10	4	14	0.3829787234042553
src/librustc_trans/cabi_asmjs.rs	0	4	4	0.4166666666666667
src/test/run-pass-fulldeps/rustc-macro/auxiliary/derive-ctod.rs	4	4	8	0.5694444444444444
src/test/compile-fail/issue-18058.rs	4	3	7	0.7
src/libbacktrace/backtrace.c	9	4	13	0.6176470588235294
src/test/run-pass/sepcomp-fns-backwards.rs	7	3	10	0.41875
src/test/compile-fail/module-macro_use-arguments.rs	0	4	4	0.5384615384615384
src/test/compile-fail-fulldeps/proc-macro/illegal-proc-macro-derive-use.rs	0	1	1	1.0
src/rustc/middle/inline.rs	0	1	1	1.0
src/test/compile-fail/rec-missing-fields.rs	6	3	9	0.3
src/test/compile-fail/removed-syntax-static-fn.rs	4	4	8	0.4158415841584158
src/test/run-pass/issue-15774.rs	4	4	8	0.30392156862745096
src/test/run-fail/args-panic.rs	6	5	11	0.4036697247706422
src/libstd/sync/semaphore.rs	11	4	15	0.358974358974359
src/test/compile-fail/borrowck-assign-to-enum.rs	3	4	7	0.746268656716418
src/test/ui/compare-method/region-extra.rs	0	2	2	0.696969696969697
src/rt/libuv/src/unix/eio/Makefile.am	0	1	1	1.0
src/test/run-pass/test-runner-hides-start.rs	2	2	4	0.7586206896551724
src/test/compile-fail/struct-field-assignability.rs	5	3	8	0.7927927927927928
src/test/run-pass/aux/macro_with_super_1.rs	0	1	1	1.0
src/test/run-make/compiler-lookup-paths/b.rs	2	2	4	0.7575757575757576
src/comp/middle/typeck.rs	19	5	24	0.22107674684994272
src/libsyntax/ast_map.rs	42	2	44	0.715748031496063
src/test/run-pass/unique-in-vec-copy.rs	19	3	22	0.45987654320987653
src/test/compile-fail/bad-char-literals4.rs	4	1	5	0.9024390243902439
src/test/auxiliary/crate_a2.rs	2	3	5	0.5510204081632653
src/test/run-make/lto-smoke-c/foo.rs	2	2	4	0.8823529411764706
src/rustdoc/reexport_pass.rs	7	7	14	0.3698630136986301
src/doc/book/lifetimes.md	17	3	20	0.44846796657381616
src/test/run-pass/aux/issue-14344-2.rs	0	1	1	1.0
src/test/rustdoc/auxiliary/issue-22025.rs	0	2	2	0.6666666666666666
src/test/compile-fail/E0409.rs	2	3	5	0.5070422535211268
src/doc/trpl/advanced-linking.md	6	3	9	0.7164948453608248
src/test/run-pass/macro-use-one.rs	4	3	7	0.5555555555555556
src/test/run-make/output-with-hyphens/Makefile	2	3	5	0.4482758620689655
doc/tutorial/order	0	1	1	1.0
src/comp/pretty/pp.rs	2	3	5	0.5517241379310345
src/test/run-pass/bug-7295.rs	6	3	9	0.3883495145631068
src/librustc_errors/lib.rs	14	5	19	0.3880952380952381
src/test/run-pass/closure-bounds-can-capture-chan.rs	15	3	18	0.47547169811320755
src/test/run-pass/issue-21361.rs	5	3	8	0.46464646464646464
src/test/run-pass/generic-tag-alt.rs	8	6	14	0.3157894736842105
src/librustc_front/attr.rs	5	2	7	0.7040816326530612
src/test/run-pass/module-polymorphism4-files/cat.rs	0	6	6	0.5714285714285714
src/test/run-pass/expr-alt.rs	5	6	11	0.4090909090909091
src/test/compile-fail/does-nothing.rs	21	2	23	0.7142857142857143
src/test/compile-fail/hrtb-conflate-regions.rs	6	4	10	0.4
src/test/compile-fail/loop-pred-constraints.rs	0	4	4	0.4
src/test/run-make/extern-fn-with-packed-struct/test.rs	8	3	11	0.44242424242424244
src/test/compile-fail/issue-22684.rs	2	3	5	0.45
src/test/compile-fail/trait-bounds-impl-comparison-2.rs	11	3	14	0.3824561403508772
src/test/parse-fail/issue-32501.rs	2	3	5	0.4634146341463415
src/comp/syntax/ast_util.rs	6	6	12	0.3392857142857143
src/test/compile-fail/static-mut-requires-unsafe.rs	3	3	6	0.7
src/test/compile-fail/specialization/specialization-overlap-negative.rs	1	3	4	0.7777777777777778
src/test/run-pass/unique-deref.rs	11	3	14	0.44502617801047123
mk/ctags.mk	11	5	16	0.4026548672566372
src/rt/libuv/src/ares/ares_iphlpapi.h	0	2	2	0.75
src/test/compile-fail/associated-item-duplicate-names-2.rs	3	3	6	0.6585365853658537
src/librustc_trans/cabi_x86.rs	2	3	5	0.5652173913043478
src/libsync/sync/mod.rs	6	1	7	0.8769230769230769
src/rustdoc/page_pass.rs	7	6	13	0.3333333333333333
src/libbacktrace/filenames.h	5	2	7	0.7708333333333334
src/test/compile-fail/issue-13404.rs	6	3	9	0.5058823529411764
src/test/run-fail/while-panic.rs	4	4	8	0.4915254237288136
src/libnative/io/process.rs	24	2	26	0.7782002534854245
src/libcore/old_iter.rs	5	2	7	0.8
src/libextra/sha1.rs	7	3	10	0.7227722772277227
src/rustc/middle/typeck/infer/unify.rs	1	7	8	0.22580645161290322
src/rustc/middle/typeck/infer/assignment.rs	4	6	10	0.21428571428571427
src/test/run-pass/expr-alt-generic-box1.rs	6	7	13	0.40298507462686567
src/test/run-pass/module-polymorphism-files/inst_f32.rs	0	2	2	0.8571428571428571
src/test/compile-fail/macro-seq-followed-by-seq.rs	5	3	8	0.5294117647058824
src/libstd/rt/io/option.rs	3	2	5	0.8961038961038961
src/librustc_trans/save/csv_dumper.rs	1	4	5	0.5625
src/test/rustdoc/titles.rs	3	4	7	0.5384615384615384
src/test/run-fail/borrowck-wg-autoderef-and-autoborrowvec-combined-fail-issue-6272.rs	4	1	5	0.9436619718309859
src/librustpkg/testsuite/pass/src/c-dependencies/lib.rs	0	4	4	0.7692307692307693
src/librustc_mir/hair/mod.rs	16	5	21	0.5138504155124654
src/test/compile-fail/ret-by-reference-safety-2.rs	0	1	1	1.0
src/test/run-make/extern-fn-with-union/test.rs	3	1	4	0.9024390243902439
src/rt/libuv/test/runner-unix.h	0	3	3	0.6
src/libcore/num/int-template/i16.rs	2	3	5	0.7317073170731707
src/test/rustdoc/viewpath-self.rs	0	3	3	0.3333333333333333
src/test/compile-fail/associated-types-overridden-default.rs	4	3	7	0.5076923076923077
src/librustc/middle/astencode.rs	71	3	74	0.5844984056904586
src/test/parse-fail/keyword-type-as-identifier.rs	6	3	9	0.5333333333333333
src/test/run-pass/classes-self-referential.rs	9	4	13	0.4778761061946903
src/test/run-pass/issue-20389.rs	5	3	8	0.6428571428571429
src/test/run-fail/port-type.rs	6	8	14	0.22
src/rt/libuv/test/run-benchmarks.c	0	3	3	0.6666666666666666
src/test/compile-fail/removed-syntax-class-traits.rs	2	1	3	0.9411764705882353
src/test/compile-fail/lint-deprecated-items.rs	0	2	2	0.6666666666666666
src/lib/net.rs	0	7	7	0.6470588235294118
src/test/compile-fail/use-after-send.rs	0	8	8	0.29411764705882354
src/doc/book/const-and-static.md	7	5	12	0.5032258064516129
src/test/compile-fail/deriving-span-Hash-enum.rs	5	4	9	0.7111111111111111
src/test/run-pass/morestack2.rs	4	3	7	0.6557377049180327
src/test/compile-fail/lex-bad-fp-base-8.rs	3	1	4	0.90625
src/test/compile-fail/borrowck/borrowck-assign-comp-idx.rs	2	4	6	0.40476190476190477
src/test/compile-fail/associated-type-projection-ambig-between-bound-and-where-clause.rs	3	2	5	0.42857142857142855
src/test/auxiliary/static-methods-crate.rs	20	4	24	0.5763052208835341
src/test/compile-fail/borrowck-anon-fields-struct.rs	9	2	11	0.74
src/test/run-pass/unboxed-closures-extern-fn-hr.rs	8	4	12	0.34594594594594597
src/test/run-pass-fulldeps/auxiliary/plugin_with_plugin_lib.rs	0	1	1	1.0
mk/libuv/x86_64/unix/src/libuv/run-tests.target.mk	0	4	4	0.25
src/librustc_borrowck/borrowck/mir/dataflow/sanity_check.rs	13	5	18	0.431266846361186
src/test/compile-fail/const-fn-stability-calls.rs	2	3	5	0.575
src/test/compile-fail/issue-10392-2.rs	4	3	7	0.5104166666666666
src/test/auxiliary/foreign_lib.rs	18	4	22	0.5950155763239875
src/test/run-fail/linked-failure3.rs	14	2	16	0.6083333333333333
src/libextra/crypto/sha2.rs	12	2	14	0.7978142076502732
src/test/run-pass/closure-inference2.rs	11	3	14	0.39603960396039606
src/test/run-pass/issue-2748-a.rs	9	4	13	0.4690265486725664
src/test/run-pass/lint-cstack.rs	4	3	7	0.5483870967741935
src/lib/getopts.rs	5	7	12	0.25
src/librustdoc/html/static/jquery-2.1.4.min.js	3	3	6	0.4473684210526316
src/test/run-pass/aux/issue-2631-a.rs	0	1	1	1.0
src/test/run-make/relocation-model/foo.rs	0	3	3	0.8461538461538461
src/test/run-pass/issue-26709.rs	3	3	6	0.4594594594594595
src/etc/rust-gdb	3	2	5	0.7555555555555555
src/test/codegen-units/partitioning/aux/cgu_generic_function.rs	0	1	1	1.0
src/test/run-pass/issue-29740.rs	5	5	10	0.41333333333333333
src/test/run-pass/borrowck-preserve-box-in-discr.rs	11	3	14	0.6666666666666666
src/test/compile-fail/tuple-arity-mismatch.rs	19	3	22	0.5367965367965368
src/rusti/rusti.rs	0	2	2	0.5714285714285714
src/test/compile-fail/linkage4.rs	4	4	8	0.3333333333333333
mk/libuv/x86_64/mac/src/libuv/uv.Makefile	0	5	5	0.5833333333333334
src/test/incremental/struct_add_field.rs	3	4	7	0.4725274725274725
src/test/run-pass/shadowed-use-visibility.rs	0	4	4	0.7272727272727273
src/test/run-pass/issue-36856.rs	4	3	7	0.45454545454545453
src/test/run-pass/alt-str.rs	10	4	14	0.4375
src/test/run-pass/associated-types-binding-in-where-clause.rs	7	3	10	0.4642857142857143
src/test/run-pass/block-arg-can-be-followed-by-block-arg.rs	14	3	17	0.7155172413793104
src/rt/libuv/ev/ev.c	0	2	2	0.5
src/test/auxiliary/issue-29584.rs	4	3	7	0.3712121212121212
src/test/run-pass/issue-23338-ensure-param-drop-order.rs	7	5	12	0.48044692737430167
src/test/rustdoc/issue-26606.rs	5	3	8	0.4842105263157895
doc/tutorial-rustpkg.md	6	1	7	0.9139784946236559
src/libcollections/btree/set.rs	42	4	46	0.4422062350119904
src/test/run-make/missing-crate-dependency/crateA.rs	0	3	3	0.8947368421052632
src/test/compile-fail/self-infer.rs	1	4	5	0.5789473684210527
src/test/run-pass/enum-size-variance.rs	7	6	13	0.32116788321167883
src/libsyntax/syntax.rc	23	4	27	0.5134328358208955
src/librustc_unicode/Cargo.toml	2	3	5	0.631578947368421
src/librustc_back/target/armv7_apple_ios.rs	15	6	21	0.5768194070080862
src/doc/style/testing/README.md	4	6	10	0.2111111111111111
src/rt/libuv/src/win/threadpool.c	0	2	2	0.8
src/test/run-pass/macro.rs	3	5	8	0.30434782608695654
src/rt/rust_cond_lock.h	0	4	4	0.3333333333333333
src/test/auxiliary/typeid-intrinsic-aux1.rs	2	3	5	0.38095238095238093
src/test/run-pass/issue-12741.rs	3	2	5	0.6666666666666666
src/test/compile-fail/qualified-path-params-2.rs	5	4	9	0.46601941747572817
src/libcore/str/ascii.rs	4	3	7	0.68
src/test/compile-fail/regions-escape-into-other-fn.rs	0	6	6	0.3333333333333333
src/test/run-make/prefer-rlib/bar.rs	3	1	4	0.8695652173913043
src/librustc/mir/tcx.rs	15	6	21	0.46367851622874806
src/test/run-pass/issue-5926.rs	3	1	4	0.9253731343283582
src/libstd/biguint.rs	0	1	1	1.0
src/test/run-make/issue-26006/Makefile	5	3	8	0.5178571428571429
src/test/compile-fail/lint-non-uppercase-statics.rs	11	4	15	0.5228758169934641
src/test/run-pass/borrowck-newtype-issue-2573.rs	6	2	8	0.676923076923077
src/test/auxiliary/issue-12612-2.rs	1	3	4	0.4883720930232558
src/test/run-pass/unboxed-closures-drop.rs	14	3	17	0.392226148409894
src/test/run-pass/attr.rs	6	4	10	0.42857142857142855
src/comp/metadata/tyencode.rs	8	7	15	0.2706766917293233
src/test/run-make/mixing-libs/dylib.rs	4	1	5	0.8958333333333334
src/test/compile-fail/aux/pub_static_array.rs	0	1	1	1.0
src/doc/trpl/casting-between-types.md	5	4	9	0.6038961038961039
src/librustc_const_eval/us.rs	1	3	4	0.6458333333333334
src/test/compile-fail/block-arg-used-as-lambda-with-illegal-cap.rs	3	8	11	0.1875
src/libsyntax_ext/deriving/hash.rs	11	5	16	0.4682080924855491
src/test/run-pass/typestate-multi-decl.rs	11	3	14	0.5
src/test/run-make/multiple-versions/foo.rs	0	2	2	0.6122448979591837
src/test/compile-fail/issue-15207.rs	3	2	5	0.5733333333333334
src/test/bench/shootout-mandelbrot.rs	40	4	44	0.5308246597277823
src/test/parse-fail/keyword-pub-as-identifier.rs	6	3	9	0.5333333333333333
src/test/run-pass-fulldeps/lint-group-plugin.rs	8	6	14	0.32323232323232326
src/test/run-pass/expr-if-panic.rs	6	3	9	0.46616541353383456
src/librand/Cargo.toml	4	2	6	0.5
src/README.txt	11	4	15	0.5
src/test/compile-fail/die-not-unique.rs	3	2	5	0.75
src/rt/arch/x86_64/_context.S	5	3	8	0.7619047619047619
src/test/compile-fail/regions-static-bound.rs	5	3	8	0.5208333333333334
src/test/compile-fail/borrowck-for-loop-head-linkage.rs	9	3	12	0.49166666666666664
src/test/run-pass/cycle-trait-type-trait.rs	6	4	10	0.422680412371134
src/libcore/unstable/global.rs	7	3	10	0.75
src/test/compile-fail/pub-item-macro.rs	8	2	10	0.4888888888888889
src/test/compile-fail/do-lambda-requires-braces.rs	3	4	7	0.5517241379310345
src/test/run-pass/borrowck-wg-two-imm-borrows.rs	3	2	5	0.891566265060241
src/test/run-pass/mir_trans_spike1.rs	3	5	8	0.49295774647887325
src/libcore/finally.rs	11	4	15	0.3532513181019332
src/comp/middle/mutbl.rs	0	4	4	0.25
src/test/bench/std/core-set.rs	0	2	2	0.8888888888888888
src/rustc/middle/typeck/coherence.rs	9	5	14	0.22522522522522523
src/test/run-pass/resolve-pseudo-shadowing.rs	2	2	4	0.6333333333333333
src/rustc/Cargo.toml	4	2	6	0.5111111111111111
src/test/compile-fail/issue-3296.rs	5	2	7	0.775
src/test/run-pass/issue-11869.rs	5	3	8	0.42168674698795183
src/libflate/lib.rs	38	3	41	0.5208195637805684
src/test/run-pass/iface-generic.rs	4	7	11	0.22580645161290322
src/test/compile-fail/enums-pats-not-idents.rs	9	4	13	0.48484848484848486
src/test/compile-fail/issue-21146.rs	7	5	12	0.3485714285714286
src/test/compile-fail/ifmt-bad-format-args.rs	2	2	4	0.5833333333333334
src/test/pretty/alt-naked-expr-long.rs	7	3	10	0.7169811320754716
src/test/run-pass/auxiliary/allocator-dummy.rs	0	1	1	1.0
src/test/run-fail/by-value-self-objects-fail.rs	3	2	5	0.4727272727272727
src/librusti/program.rs	10	1	11	0.8097165991902834
src/test/auxiliary/sepcomp-extern-lib.rs	5	4	9	0.4166666666666667
src/bootstrap/doc.rs	3	4	7	0.4444444444444444
src/test/run-make/symlinked-libraries/bar.rs	0	2	2	0.5
src/rt/libuv/include/uv.h	0	3	3	0.5714285714285714
src/test/compile-fail/coherence-bigint-param.rs	4	3	7	0.375
src/tools/rustbook/build.rs	5	6	11	0.3560606060606061
src/test/run-pass/issue-898.rs	0	6	6	0.23076923076923078
src/test/run-pass/rec-align-u32.rs	28	3	31	0.5297504798464492
src/test/run-pass/issue-23208.rs	1	2	3	0.84375
src/test/run-pass/deriving-via-extension-iter-bytes-enum.rs	8	2	10	0.6181818181818182
src/test/run-pass/trait-mix.rc	0	4	4	0.625
src/test/auxiliary/issue-11908-2.rs	2	2	4	0.897196261682243
src/test/compile-fail/keyword-static-as-identifier.rs	2	3	5	0.3275862068965517
src/test/compile-fail/coherence-subtyping.rs	1	3	4	0.5686274509803921
src/rt/libuv/test/test-gethostbyname.c	0	3	3	0.6666666666666666
src/test/run-pass/unboxed-closures-zero-args.rs	12	3	15	0.41875
src/test/run-fail/rt-log-trunc.rs	7	3	10	0.6862745098039216
src/test/run-pass/panic-runtime/link-to-abort.rs	1	4	5	0.5405405405405406
src/test/run-make/extern-multiple-copies/foo2.rs	2	2	4	0.7407407407407407
src/libcore/comm.rs	23	4	27	0.43733333333333335
src/test/rustdoc/recursion1.rs	4	3	7	0.6666666666666666
src/test/compile-fail/import-shadow-4.rs	4	2	6	0.5932203389830508
src/libcore/fmt/mod.rs	74	4	78	0.4594835262689225
src/test/run-fail/panic-parens.rs	4	4	8	0.4915254237288136
src/librustc/back/arm.rs	17	1	18	0.8486238532110092
src/librustdoc/fold.rs	34	4	38	0.5623342175066313
src/test/auxiliary/issue_3882.rc	0	4	4	0.6923076923076923
src/test/run-pass-fulldeps/phase-syntax-link-does-resolve.rs	4	2	6	0.7818181818181819
src/test/compile-fail-fulldeps/proc-macro/at-the-root.rs	0	3	3	0.3333333333333333
src/rustllvm/Passes2.cpp	0	4	4	0.42857142857142855
src/rt/libuv/src/ev/configure	0	2	2	0.5
src/test/compile-fail/pat-ref-enum.rs	8	3	11	0.43103448275862066
src/libbacktrace/simple.c	9	4	13	0.6176470588235294
src/test/compile-fail/lint-cstack.rs	2	1	3	0.9259259259259259
src/test/compile-fail/associated-types-subtyping-1.rs	3	2	5	0.6071428571428571
src/test/run-pass/box-unbox.rs	16	3	19	0.6432432432432432
src/test/compile-fail/issue-26480.rs	5	3	8	0.4834123222748815
src/test/run-fail/panic-take-handler-nop.rs	4	5	9	0.55
src/test/auxiliary/xcrate_struct_aliases.rs	6	4	10	0.34146341463414637
src/test/compile-fail-fulldeps/rustc-macro/shadow.rs	4	4	8	0.5694444444444444
src/test/run-pass/extern-mod-syntax.rs	16	3	19	0.6228813559322034
src/rt/libuv/src/unix/ev/config_linux.h	0	1	1	1.0
doc/std.css	0	3	3	0.3333333333333333
src/libstd/sys/unix/thread_local.rs	12	4	16	0.4898989898989899
src/test/compile-fail/regions-infer-invariance-due-to-mutability-4.rs	16	3	19	0.5448504983388704
src/test/compile-fail/no-oct-float-literal.rs	3	1	4	0.9032258064516129
src/doc/book/crates-and-modules.md	8	5	13	0.42452830188679247
src/test/run-pass/issue-2989.rs	23	3	26	0.5833333333333334
src/libsyntax/ext/deriving/mod.rs	29	3	32	0.5815808556925308
src/test/run-pass/macro-doc-escapes.rs	2	3	5	0.6666666666666666
src/test/compile-fail/extoption_env-no-args.rs	0	4	4	0.7
src/test/run-pass/specialization-projection-alias.rs	0	1	1	1.0
src/test/run-pass/fail-in-dtor-drops-fields.rs	4	2	6	0.6842105263157895
src/test/run-pass/syntax-trait-polarity.rs	7	3	10	0.37735849056603776
src/librustc_metadata/schema.rs	9	4	13	0.47513812154696133
src/test/run-pass/unique-destructure.rs	9	3	12	0.3880597014925373
src/test/compile-fail/issue-32963.rs	3	4	7	0.4444444444444444
src/test/run-pass/proc-bounds.rs	4	3	7	0.6218487394957983
src/test/compile-fail/regions-outlives-projection-trait-def.rs	1	2	3	0.8571428571428571
src/test/run-fail/overflowing-rsh-6.rs	12	4	16	0.4
src/test/compile-fail/owned-ptr-static-bound.rs	3	2	5	0.7735849056603774
src/rt/arch/arm/sp.h	2	1	3	0.92
src/libstd/sys/windows/tty.rs	11	3	14	0.4154786150712831
src/test/compile-fail/opt-in-copy.rs	6	4	10	0.4628099173553719
mk/libuv/mac/src/rt/libuv/uv.Makefile	0	2	2	0.5
src/rustc/middle/typeck/infer/glb.rs	3	6	9	0.20689655172413793
src/test/compile-fail/issue-11681.rs	4	1	5	0.8787878787878788
src/test/run-pass/unboxed-closures-infer-argument-types-from-expected-object-type.rs	8	3	11	0.41624365482233505
src/test/run-pass-fulldeps/proc_macro.rs	4	4	8	0.45098039215686275
src/test/compile-fail/selftype-ifacetype.rs	0	5	5	0.3333333333333333
src/test/compile-fail/issue-14091-2.rs	2	2	4	0.5652173913043478
src/librustuv/access.rs	5	2	7	0.7081339712918661
src/test/debuginfo/generic-enum-with-different-disr-sizes.rs	5	3	8	0.676056338028169
src/test/run-pass/issue-20575.rs	8	3	11	0.46564885496183206
src/libcollections/trie/set.rs	7	3	10	0.5426621160409556
src/doc/complement-project-faq.md	7	4	11	0.6176470588235294
mk/libuv/x86_64/freebsd/src/libuv/run-benchmarks.target.mk	0	5	5	0.2
src/rusti/rusti.rc	0	2	2	0.5
src/test/run-make/extern-flag-disambiguates/c.rs	3	3	6	0.68
src/test/auxiliary/privacy-tuple-struct.rs	1	3	4	0.47619047619047616
src/test/ui/compare-method/proj-outlives-region.stderr	0	3	3	0.6388888888888888
src/test/compile-fail/trait-inheritance-missing-requirement.rs	7	2	9	0.7272727272727273
src/test/compile-fail/E0206.rs	4	4	8	0.29591836734693877
src/test/incremental/spike.rs	3	5	8	0.4186046511627907
src/test/compile-fail-fulldeps/aux/lint_plugin_test.rs	0	1	1	1.0
src/test/compile-fail/borrowck/borrowck-union-borrow.rs	3	4	7	0.5238095238095238
src/doc/style/ownership/constructors.md	4	6	10	0.33587786259541985
src/test/compile-fail/borrowck-loan-in-overloaded-op.rs	15	4	19	0.5076530612244898
README.md	68	4	72	0.5292463442069741
src/libcollectionstest/str.rs	29	4	33	0.514743049705139
src/test/compile-fail/liveness-return.rs	5	3	8	0.6857142857142857
src/test/ui/span/issue-24805-dropck-child-has-items-via-parent.stderr	2	4	6	0.5853658536585366
src/doc/book/associated-constants.md	0	1	1	1.0
src/librustc/metadata/inline.rs	5	2	7	0.7956989247311828
src/test/run-pass/issue-21721.rs	4	3	7	0.40594059405940597
src/doc/trpl/debug-and-display.md	0	4	4	0.44565217391304346
mk/cfg/i686-linux-android.mk	1	2	3	0.7083333333333334
src/librustc_typeck/collect.rs	59	4	63	0.42336751214247165
src/test/run-pass/issue-3688-2.rs	0	2	2	0.75
src/test/run-pass/issue-10902.rs	8	3	11	0.391025641025641
src/test/parse-fail/obsolete-for-sized.rs	0	3	3	0.6857142857142857
src/test/compile-fail/obsolete-tuple-struct-deref.rs	5	3	8	0.4931506849315068
src/test/compile-fail/deprecated-mode-fn-arg.rs	0	5	5	0.36363636363636365
src/test/run-pass/trait-bounds-on-structs-and-enums.rs	6	3	9	0.4074074074074074
src/test/compile-fail/regions-infer-contravariance-due-to-ret.rs	4	3	7	0.7272727272727273
src/rustc/middle/typeck/check/alt.rs	9	6	15	0.1941747572815534
src/test/compile-fail/writing-to-immutable-tup.rs	0	4	4	0.5
src/test/compile-fail/rustc-diagnostics-1.rs	4	2	6	0.4935064935064935
src/libextra/sort.rs	18	1	19	0.8010610079575596
src/doc/book/the-stack-and-the-heap.md	9	6	15	0.42857142857142855
src/test/run-pass/nested-enum-same-names.rs	5	3	8	0.5063291139240507
src/libcore/uint-template/u32b.rs	0	1	1	1.0
src/test/run-pass/objects-owned-object-owned-method.rs	7	3	10	0.5168539325842697
src/test/compile-fail/fully-qualified-type-name1.rs	18	4	22	0.4672489082969432
src/libstd/os/macos/mod.rs	4	4	8	0.5736842105263158
src/test/compile-fail/if-loop.rs	3	2	5	0.7936507936507936
mk/libuv/x86_64/freebsd/src/libuv/uv.Makefile	0	5	5	0.2
src/test/run-pass/nested-exhaustive-alt.rs	1	5	6	0.48148148148148145
src/test/compile-fail/issue-6458-3.rs	10	3	13	0.5542857142857143
mk/libuv/x86_64/unix/src/libuv/uv.Makefile	0	2	2	0.5
src/test/run-pass/const-deref.rs	7	3	10	0.5029940119760479
src/test/run-pass/const-vec-syntax.rs	7	4	11	0.4375
src/libstd/md4.rs	23	3	26	0.5084745762711864
src/test/compile-fail/issue-1920-2.rs	6	3	9	0.6341463414634146
src/libstd/sys_common/mod.rs	0	1	1	1.0
src/comp/metadata/tags.rs	0	2	2	0.8
src/libstd/rt/mpsc_queue.rs	1	3	4	0.782608695652174
src/doc/trpl/src/macros.md	0	1	1	1.0
src/rustdoc/prune_undoc_details_pass.rs	0	3	3	0.8
src/rustdoc/astsrv.rs	10	6	16	0.36363636363636365
src/test/run-pass/nested-vec-3.rs	7	4	11	0.4176470588235294
src/libstd/num/cmath.rs	11	1	12	0.8666666666666667
src/libstd/sys/unix/stack_overflow.rs	25	4	29	0.44
src/libstd/rt/dwarf/eh.rs	3	3	6	0.7468354430379747
src/test/run-pass/export-non-interference.rs	9	3	12	0.52
src/lib/comm.rs	4	5	9	0.3617021276595745
src/test/run-pass/sio-read.rs	0	6	6	0.42857142857142855
src/librustc_back/target/i686_apple_darwin.rs	18	3	21	0.4566929133858268
src/test/run-pass/issue-9259.rs	6	3	9	0.5919282511210763
src/test/parse-fail/struct-no-fields-3.rs	5	3	8	0.5441176470588235
src/librustc/middle/typeck/variance.rs	25	2	27	0.7195121951219512
src/libstd/sys/common/thread.rs	10	4	14	0.35502958579881655
src/test/auxiliary/cgu_extern_drop_glue.rs	3	3	6	0.4791666666666667
src/test/compile-fail/issue-30580.rs	1	3	4	0.6351351351351351
src/rt/miniz.cpp	0	5	5	0.7142857142857143
src/libstd/sys/unix/net.rs	18	4	22	0.4975903614457831
src/test/run-pass/wf-bound-region-in-object-type.rs	4	3	7	0.5232558139534884
src/rt/libuv/test/benchmark-pound.c	0	2	2	0.6666666666666666
src/rustc/middle/infer.rs	3	5	8	0.5636363636363636
src/doc/guide-ownership.md	13	4	17	0.5291005291005291
src/test/run-pass/expr-block-generic.rs	16	4	20	0.4444444444444444
src/libstd/rt/util.rs	34	3	37	0.49653259361997226
src/test/run-pass/issue-24161.rs	4	2	6	0.46153846153846156
src/test/pretty/disamb-stmt-expr.rs	11	3	14	0.4013605442176871
src/rt/libuv/README	0	3	3	0.3333333333333333
src/test/compile-fail/issue-10176.rs	7	4	11	0.4041095890410959
src/librustc/mir/mir_map.rs	11	2	13	0.6216216216216216
src/test/compile-fail/ctor-uninit-var.rs	0	3	3	0.5
src/test/run-pass/issue-13105.rs	6	3	9	0.34375
src/test/run-pass/issue-8783.rs	6	3	9	0.3806818181818182
src/libstd/path/posix.rs	42	2	44	0.5261627906976745
src/test/run-pass/issue-18883.rs	3	4	7	0.3472222222222222
src/test/run-fail/fail-task-name-none.rs	6	2	8	0.7058823529411765
src/doc/book/lang-items.md	6	4	10	0.5307692307692308
src/test/run-make/lto-smoke-c/Makefile	10	2	12	0.76
src/test/debuginfo/associated-types.rs	11	4	15	0.4186046511627907
src/test/run-pass/expr-alt-fail-all.rs	3	6	9	0.5142857142857142
src/test/codegen-units/item-collection/cross-crate-generic-functions.rs	0	4	4	0.5
src/libstd/fmt/num.rs	8	1	9	0.9172932330827067
src/test/bench/core-uint-to-str.rs	27	3	30	0.5619223659889094
src/test/stdtest/unicode.rs	0	3	3	0.5
src/test/run-pass-fulldeps/syntax-extension-with-dll-deps.rs	5	3	8	0.4805194805194805
src/test/run-pass/regions-bound-lists-feature-gate.rs	8	4	12	0.49572649572649574
man/rustpkg.1	4	1	5	0.8813559322033898
src/test/run-pass/issue-30240.rs	4	3	7	0.5365853658536586
src/libcore/int.rs	1	6	7	0.35714285714285715
src/test/run-pass/deriving-self-lifetime.rs	8	3	11	0.6647058823529411
src/test/compile-fail/E0094.rs	2	5	7	0.42452830188679247
src/test/run-pass/type-params-in-for-each.rs	18	3	21	0.31543624161073824
src/test/compile-fail/borrowck/borrowck-struct-update-with-dtor.rs	1	4	5	0.42857142857142855
src/test/run-pass/by-val-and-by-move.rs	5	5	10	0.6285714285714286
src/rt/libuv/msvs/c-ares.vcxproj	0	3	3	0.3333333333333333
src/doc/style/features/functions-and-methods/convenience.md	4	6	10	0.2111111111111111
src/rt/sundown/src/markdown.h	0	2	2	0.9310344827586207
src/test/compile-fail/issue-11692.rs	5	1	6	0.9090909090909091
src/rustbook/error.rs	9	3	12	0.3308270676691729
src/librustc_mir/mir_map.rs	23	4	27	0.5011210762331838
src/test/run-fail/task-spawn-barefn.rs	20	3	23	0.5434782608695652
LICENSE-MIT	14	4	18	0.6219512195121951
src/test/compile-fail/mod_file_disambig.rs	4	4	8	0.5
src/test/compile-fail/closure-bounds-cant-mutably-borrow-with-copy.rs	0	2	2	0.9411764705882353
src/etc/licenseck.py	18	4	22	0.5584
src/test/run-pass/infer-with-expected.rs	4	3	7	0.7166666666666667
src/test/run-fail/overflowing-sub.rs	15	5	20	0.36774193548387096
src/libcore/mtypes.rs	0	2	2	0.875
src/rt/libuv/src/ares/TODO	0	3	3	0.6
src/librustc/middle/trans/_match.rs	68	2	70	0.7458369851007888
src/test/compile-fail/variance-unused-region-param.rs	3	3	6	0.5471698113207547
src/librustc/middle/check_no_asm.rs	3	3	6	0.6533333333333333
src/etc/dec2flt_table.py	2	3	5	0.5942028985507246
src/test/rustdoc/issue-12834.rs	2	3	5	0.6486486486486487
src/test/codegen-units/non-generic-functions.rs	2	3	5	0.4793388429752066
src/librustc/middle/traits/specialize/specialization_graph.rs	1	4	5	0.5576923076923077
src/test/run-pass/generic-type-synonym.rs	9	4	13	0.36470588235294116
src/librustpkg/search.rs	9	1	10	0.875968992248062
src/test/run-make/many-crates-but-no-match/crateA1.rs	3	1	4	0.896551724137931
src/libcoretest/num/int.rs	5	3	8	0.3563218390804598
src/test/run-pass/auto_serialize_vec.rs	0	1	1	1.0
src/test/parse-fail/empty-impl-semicolon.rs	7	3	10	0.4566929133858268
src/test/run-pass/issue-2834.rs	9	6	15	0.5
src/libstd/uv_hl.rs	0	3	3	0.6060606060606061
src/test/run-pass/borrowck-root-while-cond.rs	10	3	13	0.7591240875912408
src/test/run-pass/clones.rs	0	1	1	1.0
src/test/compile-fail/regions-in-structs-anon.rs	0	4	4	0.7058823529411765
src/test/compile-fail/on-unimplemented/on-impl.rs	6	3	9	0.4482758620689655
src/libstd/sys/unix/pipe.rs	17	4	21	0.3840155945419103
src/test/run-pass-fulldeps/macro-crate.rs	18	3	21	0.4894067796610169
src/test/compile-fail/loop-does-not-diverge.rs	19	4	23	0.46530612244897956
src/libstd/rand/reader.rs	24	3	27	0.4481641468682505
src/librustc_back/target/i686_unknown_dragonfly.rs	18	3	21	0.4796747967479675
src/libpanic_unwind/seh.rs	8	4	12	0.5470588235294118
src/test/run-fail/adjust_never.rs	0	1	1	1.0
src/test/run-make/trace-macros-flag/hello.rs	3	4	7	0.5263157894736842
src/test/ui/span/type-binding.stderr	4	5	9	0.39080459770114945
src/libcore/core.rs	12	6	18	0.3157894736842105
src/libsyntax/ext/deriving/cmp/totaleq.rs	25	3	28	0.5658093797276853
src/test/compile-fail/keyword-do-as-identifier.rs	4	3	7	0.6428571428571429
src/boot/be/pe.ml	0	2	2	0.6666666666666666
src/librustpkg/testsuite/pass/install-paths/lib.rs	0	3	3	0.8235294117647058
src/doc/internals/overview.md	0	1	1	1.0
src/test/run-make/interdependent-c-libraries/foo.c	3	3	6	0.5151515151515151
src/test/compile-fail/specialization-feature-gate-overlap.rs	0	1	1	1.0
src/test/compile-fail/issue-26217.rs	2	3	5	0.75
src/test/compile-fail/E0375.rs	2	3	5	0.35353535353535354
src/libsyntax/ext/deriving/clone.rs	34	3	37	0.5526097763048882
src/test/run-pass/triv-cast-const.rs	0	4	4	0.3333333333333333
src/rt/rust_refcount.h	3	3	6	0.8205128205128205
src/test/run-make/linker-output-non-utf8/exec.rs	1	2	3	0.8275862068965517
src/test/aux/cci_iter_lib.rs	0	1	1	1.0
src/test/run-pass/bind-interior.rs	0	7	7	0.2727272727272727
src/test/run-make/msvc-data-only/bar.rs	0	1	1	1.0
src/test/bench/task-perf-jargon-metal-smoke.rs	34	3	37	0.5802469135802469
src/test/bench/msgsend-ring-rw-arcs.rs	33	3	36	0.7339971550497866
src/libstd/num/float.rs	15	1	16	0.8687782805429864
src/test/run-pass-fulldeps/proc-macro/auxiliary/derive-ctod.rs	0	3	3	0.3333333333333333
src/librustpkg/tests.rs	33	1	34	0.8296903460837887
src/test/compile-fail/specialization/specialization-no-default.rs	1	3	4	0.7777777777777778
src/test/run-pass/issue-29071-2.rs	2	2	4	0.6451612903225806
src/test/run-pass/weird-exit-code.rs	2	3	5	0.5
src/libcore/num/uint-template/u32.rs	2	3	5	0.7317073170731707
src/test/compile-fail/bad-tag-export.rs	0	5	5	0.375
src/libstd/rt/io/buffered.rs	3	2	5	0.8780487804878049
src/rt/libuv	0	1	1	1.0
src/rt/libuv/src/ares/ares_getnameinfo.c	0	4	4	0.5
src/test/compile-fail/coherence-blanket-conflicts-with-blanket-unimplemented.rs	8	3	11	0.48951048951048953
src/rustc/middle/check_loop.rs	9	5	14	0.2127659574468085
src/test/compile-fail/inherit-struct9.rs	2	2	4	0.8148148148148148
src/test/run-pass/deriving-hash.rs	10	4	14	0.5151515151515151
src/test/compile-fail/unsafe-alias.rs	3	5	8	0.23809523809523808
src/rt/libuv/src/ares/ares_free_hostent.c	0	4	4	0.5
src/test/run-pass/morestack-address.rs	8	3	11	0.6857142857142857
src/libstd/stats.rs	5	2	7	0.7432432432432432
src/test/run-pass/const.rs	9	4	13	0.5272727272727272
src/librustdoc/html/static/SourceCodePro-LICENSE.txt	4	3	7	0.5681818181818182
src/librustc/front/map/collector.rs	7	3	10	0.5814606741573034
src/test/compile-fail/issue-26812.rs	7	5	12	0.3851851851851852
src/test/compile-fail/issue-17431-3.rs	5	3	8	0.6407766990291263
src/rt/jemalloc/bin/pprof	3	2	5	0.8
src/libcore/task/local_data.rs	8	4	12	0.5384615384615384
src/rt/libuv/src/unix/internal.h	0	2	2	0.8
src/test/compile-fail/hrtb-type-outlives.rs	8	2	10	0.4594594594594595
src/test/pretty/struct-tuple.rs	6	3	9	0.573170731707317
mk/libuv/x86_64/unix/Makefile-e	0	3	3	0.3333333333333333
src/doc/trpl/src/ownership.md	0	1	1	1.0
src/test/run-pass/while-loop-constraints-2.rs	17	4	21	0.558252427184466
src/test/auxiliary/issue-2196-c.rs	5	2	7	0.6666666666666666
src/librustc_errors/emitter.rs	11	5	16	0.40161725067385445
src/test/compile-fail/union-unsized.rs	0	1	1	1.0
src/libstd/sha1.rs	29	4	33	0.5051194539249146
src/librustc_trans/mir/constant.rs	21	6	27	0.4142512077294686
src/rt/sync/interrupt_transparent_queue.cpp	0	2	2	0.5
src/libstd/io/pipe.rs	12	2	14	0.6321428571428571
src/test/run-pass/issue-18048.rs	0	1	1	1.0
src/test/compile-fail/issue-34418.rs	2	5	7	0.3076923076923077
src/test/run-pass/struct-destructuring-cross-crate.rs	9	3	12	0.4262295081967213
src/test/run-pass/artificial-block.rs	10	3	13	0.4088050314465409
src/librustc/ty/subst.rs	14	6	20	0.36363636363636365
src/doc/po/ja/rustpkg.md.po	0	2	2	0.6666666666666666
src/librustc/middle/infer/README.md	5	3	8	0.6324786324786325
src/test/run-pass/foreign-fn-with-byval.rs	7	3	10	0.3442622950819672
src/test/compile-fail/fn-compare-mismatch.rs	8	7	15	0.24285714285714285
src/doc/book/patterns.md	10	4	14	0.43450479233226835
src/test/bench/task-perf-vector-party.rs	2	5	7	0.45
src/test/run-pass/borrowck-use-mut-borrow.rs	9	3	12	0.38848920863309355
src/test/incremental/dirty_clean.rs	3	4	7	0.49411764705882355
src/test/run-pass/for-loop-does-not-borrow-iterators.rs	2	2	4	0.7368421052631579
src/libstd/sys/windows/dynamic_lib.rs	2	6	8	0.4
src/test/run-pass/regions-parameterization-self-types-issue-5224.rs	5	1	6	0.8095238095238095
src/test/compile-fail/associated-types-invalid-trait-ref-issue-18865.rs	8	4	12	0.4236111111111111
src/test/run-pass/autoderef-objfn.rs	0	6	6	0.3333333333333333
src/test/bench/std/core-uint-to-str.rs	0	2	2	0.8888888888888888
src/test/run-pass-fulldeps/roman-numerals-macro.rs	3	3	6	0.4827586206896552
src/test/compile-fail/E0404.rs	2	2	4	0.6458333333333334
src/test/compile-fail/E0396.rs	4	2	6	0.5930232558139535
src/librustc/middle/traits/specialize.rs	0	1	1	1.0
src/test/run-pass/issue-26905.rs	1	2	3	0.5
src/test/run-pass/module-polymorphism.rs	0	6	6	0.5454545454545454
src/test/run-pass/deriving-via-extension-struct-tuple.rs	12	3	15	0.6367924528301887
src/test/run-pass/issue-10718.rs	10	5	15	0.3352601156069364
intro.md	0	2	2	0.9
src/libstd/num/uint_macros.rs	39	3	42	0.6607142857142857
src/test/run-pass/wierd-exprs.rs	0	6	6	0.3
src/test/run-pass/task-comm-14.rs	22	4	26	0.48417132216014896
src/test/ui/check_match/issue-35609.rs	3	3	6	0.6904761904761905
src/librustc_const_math/Cargo.toml	2	2	4	0.5357142857142857
src/rt/arch/x86_64/morestack.S	16	4	20	0.4075829383886256
src/test/compile-fail/unboxed-closures-wrong-arg-type-extern-fn.rs	13	4	17	0.3669064748201439
src/test/compile-fail/borrowck-fn-in-const-b.rs	4	3	7	0.4626865671641791
src/test/run-pass/readalias.rs	11	3	14	0.42857142857142855
src/test/compile-fail/aux/crate_a2.rs	0	1	1	1.0
src/test/run-pass/fail-during-tld-destroy.rs	4	2	6	0.5972222222222222
src/libsyntax/attr.rs	80	3	83	0.5566331832351923
src/test/run-pass/dtor-explicit-mode.rs	0	1	1	1.0
src/test/run-pass/expr-if-struct.rs	17	4	21	0.37857142857142856
src/librustc_borrowck/borrowck/mir/graphviz.rs	2	5	7	0.39090909090909093
src/etc/2014-06-rewrite-bytes-macros.py	4	2	6	0.7627118644067796
src/rustdoc/prune_private_pass.rs	0	3	3	0.5
src/test/run-pass/issue-20186.rs	3	3	6	0.574468085106383
src/test/compile-fail/kindck-copy.rs	18	4	22	0.453125
src/libextra/sync/mpsc_intrusive.rs	0	3	3	0.8571428571428571
src/test/compile-fail/macro.rs	0	6	6	0.2857142857142857
src/librustc/middle/trans/type_.rs	31	2	33	0.7338217338217338
src/test/compile-fail/type-ascription-soundness.rs	4	2	6	0.6944444444444444
src/rustc/syntax/parse/eval.rs	0	4	4	0.25
src/test/run-pass/blind-item-mixed-crate-use-item.rs	5	4	9	0.38372093023255816
src/librustc_metadata/index_builder.rs	8	4	12	0.41875
src/librustc/middle/typeck/infer/unify.rs	18	4	22	0.574468085106383
src/test/run-pass/regions-issue-21422.rs	4	3	7	0.4411764705882353
src/test/compile-fail/bind-by-move-neither-can-live-while-the-other-survives-2.rs	12	3	15	0.6101694915254238
src/rustc/middle/typeck/check/regionmanip.rs	6	7	13	0.21794871794871795
src/test/run-pass/unsafe-fn-called-from-unsafe-blk	0	2	2	0.5
src/test/compile-fail/fail-no-dead-code.rs	4	2	6	0.6623376623376623
src/test/compile-fail/auxiliary/coherence_lib.rs	1	3	4	0.390625
src/test/run-pass/task-lib.rs	0	2	2	0.6666666666666666
src/test/compile-fail/import5.rs	0	9	9	0.15384615384615385
src/test/run-pass/issue-17233.rs	4	3	7	0.3877551020408163
src/test/compile-fail/removed-syntax-mut-vec-expr.rs	7	3	10	0.4936708860759494
src/test/run-pass/nested-vec-1.rs	3	3	6	0.7
src/etc/lldb_batchmode.py	6	5	11	0.5867346938775511
src/test/auxiliary/lto-syntax-extension-plugin.rs	3	3	6	0.504
src/test/parse-fail/macros-no-semicolon-items.rs	3	4	7	0.4117647058823529
src/test/run-pass/capturing-logging.rs	19	3	22	0.5348837209302325
src/test/compile-fail/type-mismatch.rs	9	2	11	0.575
src/test/auxiliary/issue-11225-3.rs	3	3	6	0.5132743362831859
src/test/run-pass/loop-label-shadowing.rs	8	3	11	0.4236111111111111
src/test/run-fail/mir_dynamic_drops_1.rs	4	6	10	0.5
src/test/parse-fail/multiline-comment-line-tracking.rs	0	1	1	1.0
src/rt/libuv/src/ares/ares_send.c	0	4	4	0.5
src/test/compile-fail/region-bounds-on-objects-and-type-parameters.rs	3	3	6	0.47368421052631576
src/test/compile-fail/removed-syntax-fn-pure.rs	4	3	7	0.5396825396825397
src/librustc_incremental/ich/fingerprint.rs	4	3	7	0.36363636363636365
src/test/compile-fail/missing-do.rs	10	4	14	0.5444444444444444
src/test/run-pass/task-comm-15.rs	28	4	32	0.4353182751540041
src/test/run-pass/unboxed-closures-infer-fnmut-calling-fnmut.rs	10	4	14	0.33783783783783783
src/test/compile-fail/object-lifetime-default-mybox.rs	7	3	10	0.417910447761194
src/test/compile-fail/cast-rfc0401-2.rs	1	4	5	0.5806451612903226
src/doc/trpl/compound-data-types.md	15	4	19	0.38169257340241797
src/test/run-pass/deriving-cmp-generic-struct-enum.rs	12	4	16	0.555205047318612
src/test/compile-fail/aux/crateresolve1-3.rs	0	1	1	1.0
src/test/run-fail/binop-fail-3.rs	8	4	12	0.6062992125984252
src/test/compile-fail/two-allocators.rs	2	1	3	0.9090909090909091
src/test/compile-fail/impl-bounds-checking.rs	9	4	13	0.5046728971962616
src/test/run-make/static-unwinding/lib.rs	5	3	8	0.46078431372549017
src/test/run-pass/issue-10025.rs	3	3	6	0.5
src/librustc_back/target/thumbv6m_none_eabi.rs	3	4	7	0.4444444444444444
src/test/run-pass/trait-inheritance-overloading-xc-exe.rs	14	3	17	0.41767068273092367
src/test/run-pass/phase-use-ignored.rs	5	2	7	0.7450980392156863
src/test/run-pass/aux/anon_trait_static_method_lib.rs	0	1	1	1.0
src/rt/jemalloc/src/atomic.c	0	5	5	0.7777777777777778
src/test/compile-fail/borrowck-overloaded-index.rs	5	3	8	0.44680851063829785
src/test/ui/compare-method/traits-misc-mismatch-2.stderr	1	2	3	0.6764705882352942
src/test/run-pass/union-derive.rs	0	1	1	1.0
src/test/compile-fail/aux/default_ty_param_cross_crate_crate.rs	0	1	1	1.0
src/rt/sync/lock_free_queue.h	0	6	6	0.375
src/test/compile-fail/not-utf8.bin	0	3	3	0.3333333333333333
src/rt/libuv/uv-unix.c	0	2	2	0.5
src/librustc_trans/cabi_powerpc.rs	8	4	12	0.5031446540880503
src/test/run-pass/one-tuple.rs	9	3	12	0.49612403100775193
src/test/run-make/rlib-chain/m2.rs	4	1	5	0.8958333333333334
src/test/compile-fail/issue-17999.rs	10	4	14	0.4019138755980861
src/test/run-pass/aux/issue_9188.rs	0	1	1	1.0
src/test/run-pass/duplicate-use.rs	6	3	9	0.6666666666666666
src/librustc/middle/trans/llrepr.rs	10	1	11	0.85625
src/test/run-pass/running-with-no-runtime.rs	17	3	20	0.39145496535796764
src/test/compile-fail/block-copy.rs	1	8	9	0.18518518518518517
src/test/compile-fail/issue-13359.rs	8	4	12	0.5027624309392266
src/test/compile-fail/issue-26472.rs	2	4	6	0.3898305084745763
src/test/compile-fail/forgot-ret.rs	0	10	10	0.3125
src/test/run-pass/expr-if-generic.rs	15	4	19	0.41883116883116883
src/test/compile-fail/wf-outlives-ty-in-fn-or-trait.rs	4	2	6	0.7540983606557377
src/test/run-pass/two-macro-use.rs	4	3	7	0.5555555555555556
src/comp/front/attr.rs	9	5	14	0.375
src/test/ui/span/E0493.rs	0	2	2	0.6666666666666666
src/test/pretty/trait-polarity.rs	2	4	6	0.4634146341463415
src/test/run-pass/panic-runtime/lto-unwind.rs	4	4	8	0.5121951219512195
src/test/run-pass/cfg_stmt_expr.rs	1	3	4	0.7272727272727273
src/test/run-pass/bind-by-move.rs	16	3	19	0.599250936329588
src/test/run-pass/intrinsic-uninit.rs	7	3	10	0.4915254237288136
src/test/run-pass/getopts_ref.rs	22	3	25	0.5872235872235873
src/test/run-pass/slice-fail-2.rs	5	2	7	0.5740740740740741
src/test/bench/task-perf-word-count.rs	12	6	18	0.3490566037735849
src/libsyntax/print/pp.rs	60	3	63	0.5281899109792285
src/test/run-fail/unwind-interleaved.rs	14	3	17	0.5979381443298969
src/libcore/rt/io/file.rs	4	2	6	0.684931506849315
src/rustc/util/filesearch.rs	0	7	7	0.25
src/test/run-pass/issue-33498.rs	1	3	4	0.5373134328358209
src/test/run-make/pretty-print-path-suffix/foo.pp	3	1	4	0.8636363636363636
src/rt/isaac/rand.h	5	1	6	0.8076923076923077
src/test/debug-info/managed-enum.rs	9	1	10	0.9121621621621622
